# Residue RMSF(Ang)
1.000000000000000000e+00 2.009925815314629549e+00
2.000000000000000000e+00 2.267422315903782515e+00
3.000000000000000000e+00 2.384361829078591732e+00
4.000000000000000000e+00 2.684031441742050550e+00
5.000000000000000000e+00 2.630477695196328902e+00
6.000000000000000000e+00 2.991459138835066423e+00
7.000000000000000000e+00 3.397764110494800427e+00
8.000000000000000000e+00 3.095292817980484834e+00
9.000000000000000000e+00 3.365394313417996219e+00
1.000000000000000000e+01 3.376256028593283443e+00
1.100000000000000000e+01 3.541639611297573875e+00
1.200000000000000000e+01 3.593880456588824934e+00
1.300000000000000000e+01 3.614931778611819801e+00
1.400000000000000000e+01 3.680582432451959374e+00
1.500000000000000000e+01 3.416931124953380028e+00
1.600000000000000000e+01 3.116312575919092609e+00
1.700000000000000000e+01 3.225403135936177890e+00
1.800000000000000000e+01 2.864785586613717960e+00
1.900000000000000000e+01 3.078293393259837529e+00
2.000000000000000000e+01 2.829185126572486997e+00
2.100000000000000000e+01 2.665804155771421602e+00
2.200000000000000000e+01 2.860452359430725622e+00
2.300000000000000000e+01 3.024675615956012198e+00
2.400000000000000000e+01 3.297668858157069671e+00
2.500000000000000000e+01 3.602023236350431201e+00
2.600000000000000000e+01 4.051467217716950842e+00
2.700000000000000000e+01 4.443157933673041349e+00
2.800000000000000000e+01 5.379883745642001003e+00
2.900000000000000000e+01 5.853957612138803945e+00
3.000000000000000000e+01 5.868362236594308001e+00
3.100000000000000000e+01 5.382648978508415283e+00
3.200000000000000000e+01 4.908817370320091023e+00
3.300000000000000000e+01 4.754209253309852556e+00
3.400000000000000000e+01 4.289719451501928127e+00
3.500000000000000000e+01 4.129908986418100447e+00
3.600000000000000000e+01 3.650939036684964112e+00
3.700000000000000000e+01 3.639834680493551300e+00
3.800000000000000000e+01 3.401649530471772209e+00
3.900000000000000000e+01 3.317577145127390548e+00
4.000000000000000000e+01 3.271199717947816055e+00
4.100000000000000000e+01 3.198745711596245211e+00
4.200000000000000000e+01 3.227537191746555845e+00
4.300000000000000000e+01 3.613670286316066793e+00
4.400000000000000000e+01 4.164044927627395865e+00
4.500000000000000000e+01 4.824712796026810580e+00
4.600000000000000000e+01 5.773630543989405339e+00
4.700000000000000000e+01 5.734494179973163241e+00
4.800000000000000000e+01 5.672306592195474728e+00
4.900000000000000000e+01 5.164365915943815999e+00
5.000000000000000000e+01 4.469357322815469047e+00
5.100000000000000000e+01 4.379280468814244820e+00
5.200000000000000000e+01 3.799449205042661148e+00
5.300000000000000000e+01 3.860316986528551375e+00
5.400000000000000000e+01 3.636662657289499556e+00
5.500000000000000000e+01 3.845302179234686424e+00
5.600000000000000000e+01 3.844307281120592723e+00
5.700000000000000000e+01 3.998892152363501040e+00
5.800000000000000000e+01 4.171330063357565621e+00
5.900000000000000000e+01 4.053152584900851174e+00
6.000000000000000000e+01 4.303546809932464967e+00
6.100000000000000000e+01 3.841589257104000232e+00
6.200000000000000000e+01 4.398206305812891515e+00
6.300000000000000000e+01 4.668867291588002288e+00
6.400000000000000000e+01 4.207372466429373681e+00
6.500000000000000000e+01 4.285541999573891481e+00
6.600000000000000000e+01 4.660270573430467245e+00
6.700000000000000000e+01 4.229991019430066501e+00
6.800000000000000000e+01 4.509470634113823095e+00
6.900000000000000000e+01 4.461252891434137169e+00
7.000000000000000000e+01 4.559937161155520613e+00
7.100000000000000000e+01 4.934123345806685101e+00
7.200000000000000000e+01 4.857572282403328501e+00
7.300000000000000000e+01 5.451454685069005102e+00
7.400000000000000000e+01 5.439123665345130476e+00
7.500000000000000000e+01 6.209631561830022406e+00
7.600000000000000000e+01 6.951130758641556717e+00
7.700000000000000000e+01 7.315741727459753818e+00
7.800000000000000000e+01 6.893367691337418890e+00
7.900000000000000000e+01 7.483281656948288507e+00
8.000000000000000000e+01 7.674103794527689537e+00
8.100000000000000000e+01 7.333495927613372878e+00
8.200000000000000000e+01 6.371444374593447257e+00
8.300000000000000000e+01 5.911153354149247363e+00
8.400000000000000000e+01 5.612398531106812527e+00
8.500000000000000000e+01 5.154149593913395222e+00
8.600000000000000000e+01 4.836751958326475531e+00
8.700000000000000000e+01 4.583848580811292983e+00
8.800000000000000000e+01 4.240758968236781890e+00
8.900000000000000000e+01 4.157911794068594347e+00
9.000000000000000000e+01 3.865788245323718897e+00
9.100000000000000000e+01 3.559792629107021433e+00
9.200000000000000000e+01 3.624326927307004453e+00
9.300000000000000000e+01 3.334549567755736632e+00
9.400000000000000000e+01 3.632595440749892379e+00
9.500000000000000000e+01 3.457073802003826746e+00
9.600000000000000000e+01 3.073216757168573121e+00
9.700000000000000000e+01 3.228558177326150691e+00
9.800000000000000000e+01 3.436397503964047750e+00
9.900000000000000000e+01 3.597531512322122094e+00
1.000000000000000000e+02 3.899063904376520728e+00
1.010000000000000000e+02 4.091304942512199005e+00
1.020000000000000000e+02 4.484421869985890652e+00
1.030000000000000000e+02 4.741169780011641244e+00
1.040000000000000000e+02 4.554192277850297010e+00
1.050000000000000000e+02 4.246341481018519382e+00
1.060000000000000000e+02 4.086330305447785527e+00
1.070000000000000000e+02 3.875719729909854916e+00
1.080000000000000000e+02 3.775373612454123506e+00
1.090000000000000000e+02 3.674394263847765796e+00
1.100000000000000000e+02 3.504924466592689747e+00
1.110000000000000000e+02 3.486589627738417629e+00
1.120000000000000000e+02 3.868719518243052047e+00
1.130000000000000000e+02 4.037903820009093536e+00
1.140000000000000000e+02 4.364961987538740651e+00
1.150000000000000000e+02 4.585496859003830750e+00
1.160000000000000000e+02 5.343308978443505275e+00
1.170000000000000000e+02 6.340049899367601327e+00
1.180000000000000000e+02 6.395225440583898191e+00
1.190000000000000000e+02 5.645020247849026340e+00
1.200000000000000000e+02 5.407727879777805668e+00
1.210000000000000000e+02 4.568808478138548956e+00
1.220000000000000000e+02 4.389286169339017718e+00
1.230000000000000000e+02 4.085578296069894755e+00
1.240000000000000000e+02 3.807899047963941630e+00
1.250000000000000000e+02 4.086403165536331983e+00
1.260000000000000000e+02 3.937392280699349101e+00
1.270000000000000000e+02 4.218031680670050854e+00
1.280000000000000000e+02 4.247678469224704934e+00
1.290000000000000000e+02 4.488224929107001770e+00
1.300000000000000000e+02 4.570883972830861453e+00
1.310000000000000000e+02 4.774252277879091011e+00
1.320000000000000000e+02 4.989530666639184098e+00
1.330000000000000000e+02 5.206419621197050596e+00
1.340000000000000000e+02 5.467544729794894032e+00
1.350000000000000000e+02 5.446124652652269305e+00
1.360000000000000000e+02 5.133306232998307905e+00
1.370000000000000000e+02 5.151263214188617212e+00
1.380000000000000000e+02 4.945201149723121858e+00
1.390000000000000000e+02 4.741305215335219536e+00
1.400000000000000000e+02 4.702510885777551053e+00
1.410000000000000000e+02 4.495308447341235691e+00
1.420000000000000000e+02 4.729983691113217148e+00
1.430000000000000000e+02 5.177671004654290421e+00
1.440000000000000000e+02 5.765983192422948100e+00
1.450000000000000000e+02 5.749094485526193843e+00
1.460000000000000000e+02 6.848408677395548594e+00
1.470000000000000000e+02 8.009895533221808250e+00
1.480000000000000000e+02 7.285848100774157565e+00
1.490000000000000000e+02 6.667402512512615509e+00
1.500000000000000000e+02 5.184428528790877344e+00
1.510000000000000000e+02 4.456975637891332553e+00
1.520000000000000000e+02 4.511345304573112891e+00
1.530000000000000000e+02 4.179326751547274732e+00
1.540000000000000000e+02 4.218015657318702871e+00
1.550000000000000000e+02 3.949480479876779526e+00
1.560000000000000000e+02 3.627142383827605343e+00
1.570000000000000000e+02 3.818788009452244836e+00
1.580000000000000000e+02 3.672936979639237709e+00
1.590000000000000000e+02 3.258552069991986766e+00
1.600000000000000000e+02 3.238553331575591443e+00
1.610000000000000000e+02 3.470781389848266230e+00
1.620000000000000000e+02 3.550172968010615993e+00
1.630000000000000000e+02 3.905984273481521996e+00
1.640000000000000000e+02 4.027803992731585403e+00
1.650000000000000000e+02 4.368664717000536157e+00
1.660000000000000000e+02 4.940904098317902893e+00
1.670000000000000000e+02 4.861502572641108522e+00
1.680000000000000000e+02 4.589909480276625153e+00
1.690000000000000000e+02 4.230464768244857510e+00
1.700000000000000000e+02 3.925599165556925119e+00
1.710000000000000000e+02 3.854225758317145978e+00
1.720000000000000000e+02 3.620653165248556959e+00
1.730000000000000000e+02 3.708517182312275118e+00
1.740000000000000000e+02 3.443877334205004637e+00
1.750000000000000000e+02 3.619197988935617172e+00
1.760000000000000000e+02 3.999764757708419882e+00
1.770000000000000000e+02 4.185299138375563999e+00
1.780000000000000000e+02 3.820958399257454285e+00
1.790000000000000000e+02 3.605991568740574582e+00
1.800000000000000000e+02 3.759429281591911920e+00
1.810000000000000000e+02 3.741041691879979147e+00
1.820000000000000000e+02 3.985311377815221157e+00
1.830000000000000000e+02 3.995379252870571385e+00
1.840000000000000000e+02 4.240119604088142147e+00
1.850000000000000000e+02 4.380975194391704797e+00
1.860000000000000000e+02 4.734659568070457070e+00
1.870000000000000000e+02 5.002387829909799244e+00
1.880000000000000000e+02 4.978455658654112881e+00
1.890000000000000000e+02 5.423634799574786669e+00
1.900000000000000000e+02 5.521839581087022886e+00
1.910000000000000000e+02 5.225255389678527429e+00
1.920000000000000000e+02 5.433883205404425709e+00
1.930000000000000000e+02 5.822284521863560158e+00
1.940000000000000000e+02 5.822737704410430482e+00
1.950000000000000000e+02 5.639902786778633548e+00
1.960000000000000000e+02 5.802231919001072491e+00
1.970000000000000000e+02 5.904586082216402687e+00
1.980000000000000000e+02 6.048259554414364025e+00
1.990000000000000000e+02 6.017889950483008121e+00
2.000000000000000000e+02 6.198145486702527407e+00
2.010000000000000000e+02 5.971494647138971601e+00
2.020000000000000000e+02 5.759475283862230732e+00
2.030000000000000000e+02 5.518288506726062970e+00
2.040000000000000000e+02 5.625811358569593246e+00
2.050000000000000000e+02 5.439782254325294275e+00
2.060000000000000000e+02 5.523108994485761869e+00
2.070000000000000000e+02 5.021923583572134753e+00
2.080000000000000000e+02 4.834229684648366110e+00
2.090000000000000000e+02 4.495738718587078964e+00
2.100000000000000000e+02 4.515154545844223044e+00
2.110000000000000000e+02 4.773408205022479756e+00
2.120000000000000000e+02 4.887222956706800403e+00
2.130000000000000000e+02 5.456517159295910524e+00
2.140000000000000000e+02 5.384947189555815861e+00
2.150000000000000000e+02 5.397463786218221315e+00
2.160000000000000000e+02 5.559868763474848485e+00
2.170000000000000000e+02 3.844014564343940510e+00
2.180000000000000000e+02 3.727598503978780897e+00
2.190000000000000000e+02 3.478126733831798933e+00
2.200000000000000000e+02 3.376438141284798800e+00
2.210000000000000000e+02 3.270515821400305168e+00
2.220000000000000000e+02 3.474587342858526551e+00
2.230000000000000000e+02 3.438048748216451678e+00
2.240000000000000000e+02 3.026595989009502219e+00
2.250000000000000000e+02 2.961059914061014098e+00
2.260000000000000000e+02 3.205218633463251976e+00
2.270000000000000000e+02 3.225430961109685413e+00
2.280000000000000000e+02 3.553915121578350877e+00
2.290000000000000000e+02 3.755696587373861917e+00
2.300000000000000000e+02 3.731160866687624367e+00
2.310000000000000000e+02 4.144749322870056929e+00
2.320000000000000000e+02 4.671604624410510276e+00
2.330000000000000000e+02 5.117735024711316250e+00
2.340000000000000000e+02 5.531314165167014352e+00
2.350000000000000000e+02 5.235546369172152659e+00
2.360000000000000000e+02 4.764018870725466037e+00
2.370000000000000000e+02 4.251244461960067333e+00
2.380000000000000000e+02 4.023436750779916693e+00
2.390000000000000000e+02 3.759970974568987767e+00
2.400000000000000000e+02 3.293756985302710660e+00
2.410000000000000000e+02 3.251474909722621653e+00
2.420000000000000000e+02 2.936919646432321063e+00
2.430000000000000000e+02 3.071875952227793416e+00
2.440000000000000000e+02 2.755772450283263009e+00
2.450000000000000000e+02 2.957407726978638962e+00
2.460000000000000000e+02 3.306918051517856227e+00
2.470000000000000000e+02 3.533663734872237949e+00
2.480000000000000000e+02 3.398841661017474092e+00
2.490000000000000000e+02 2.974463529012711493e+00
2.500000000000000000e+02 2.957460658902085537e+00
2.510000000000000000e+02 2.885183355997582577e+00
2.520000000000000000e+02 3.108523391569594896e+00
2.530000000000000000e+02 3.098541277677978378e+00
2.540000000000000000e+02 3.478565474508131583e+00
2.550000000000000000e+02 3.635253813462282491e+00
2.560000000000000000e+02 4.071049528959451713e+00
2.570000000000000000e+02 4.451008349657397112e+00
2.580000000000000000e+02 4.554606260340817059e+00
2.590000000000000000e+02 5.102447780149939938e+00
2.600000000000000000e+02 4.945440549839731581e+00
2.610000000000000000e+02 4.777213537951024769e+00
2.620000000000000000e+02 4.765047513052527606e+00
2.630000000000000000e+02 4.427756543420874991e+00
2.640000000000000000e+02 4.221606069266395700e+00
2.650000000000000000e+02 3.835809347501732969e+00
2.660000000000000000e+02 3.594240297824454089e+00
2.670000000000000000e+02 3.345649332622824712e+00
2.680000000000000000e+02 3.142451760054130183e+00
2.690000000000000000e+02 2.800977056085431460e+00
2.700000000000000000e+02 2.788031117171878126e+00
2.710000000000000000e+02 2.669609208514660992e+00
2.720000000000000000e+02 2.747708871009911569e+00
2.730000000000000000e+02 2.467573665084414447e+00
2.740000000000000000e+02 2.222509890816464662e+00
2.750000000000000000e+02 2.338715445423014572e+00
2.760000000000000000e+02 2.440827847500621317e+00
2.770000000000000000e+02 2.619243611913500747e+00
2.780000000000000000e+02 2.429317959371172897e+00
2.790000000000000000e+02 2.422990834219826972e+00
2.800000000000000000e+02 2.564011895028418309e+00
2.810000000000000000e+02 2.532302317222447918e+00
2.820000000000000000e+02 2.689284089895486840e+00
2.830000000000000000e+02 2.527371849862498632e+00
2.840000000000000000e+02 2.491589095821470590e+00
2.850000000000000000e+02 2.217128837021224541e+00
2.860000000000000000e+02 2.233934839502100811e+00
2.870000000000000000e+02 2.398961532151929976e+00
2.880000000000000000e+02 2.661634921702961787e+00
2.890000000000000000e+02 2.966088974153292757e+00
2.900000000000000000e+02 3.097199350526913086e+00
2.910000000000000000e+02 2.848410586654735788e+00
2.920000000000000000e+02 2.586431933769511637e+00
2.930000000000000000e+02 2.592777161298137401e+00
2.940000000000000000e+02 2.280931720923935924e+00
2.950000000000000000e+02 2.300221121091209575e+00
2.960000000000000000e+02 2.059341423728304754e+00
2.970000000000000000e+02 2.040068820695057905e+00
2.980000000000000000e+02 1.758574152652919054e+00
2.990000000000000000e+02 1.773705842823261714e+00
3.000000000000000000e+02 1.861637499447424293e+00
3.010000000000000000e+02 1.850267522282883936e+00
3.020000000000000000e+02 1.905774861977513224e+00
3.030000000000000000e+02 2.123304263749148380e+00
3.040000000000000000e+02 2.119552271269714794e+00
3.050000000000000000e+02 2.594827935442722389e+00
3.060000000000000000e+02 2.679479682660016238e+00
3.070000000000000000e+02 2.552018458716027283e+00
3.080000000000000000e+02 2.203983148014905247e+00
3.090000000000000000e+02 1.984715325860882729e+00
3.100000000000000000e+02 1.691005050977684832e+00
3.110000000000000000e+02 1.577358020372440661e+00
3.120000000000000000e+02 1.439799072946479352e+00
3.130000000000000000e+02 1.558986541063080988e+00
3.140000000000000000e+02 1.694181938437339774e+00
3.150000000000000000e+02 1.807648080960004622e+00
3.160000000000000000e+02 2.104147151691447171e+00
3.170000000000000000e+02 2.256297744458646282e+00
3.180000000000000000e+02 2.618185559211751112e+00
3.190000000000000000e+02 2.677656930150555947e+00
3.200000000000000000e+02 3.113626567879041573e+00
3.210000000000000000e+02 3.259621523106574603e+00
3.220000000000000000e+02 3.813185185956014411e+00
3.230000000000000000e+02 4.173586130982552156e+00
3.240000000000000000e+02 4.190951727924103309e+00
3.250000000000000000e+02 3.902817251740102300e+00
3.260000000000000000e+02 3.360312414482863996e+00
3.270000000000000000e+02 2.921378336544286469e+00
3.280000000000000000e+02 2.636528347699159447e+00
3.290000000000000000e+02 2.271007900575656269e+00
3.300000000000000000e+02 2.022071598488482280e+00
3.310000000000000000e+02 1.662929264347278391e+00
3.320000000000000000e+02 1.577981884204726626e+00
3.330000000000000000e+02 1.373644963998892354e+00
3.340000000000000000e+02 1.403048300612491639e+00
3.350000000000000000e+02 1.410991767845338751e+00
3.360000000000000000e+02 1.626505331565695878e+00
3.370000000000000000e+02 1.646550646041504695e+00
3.380000000000000000e+02 1.482811428784795105e+00
3.390000000000000000e+02 1.510592161238131004e+00
3.400000000000000000e+02 1.455998540133607522e+00
3.410000000000000000e+02 1.700643731359131827e+00
3.420000000000000000e+02 1.848408924993412583e+00
3.430000000000000000e+02 1.983904671689004307e+00
3.440000000000000000e+02 1.996787452524730444e+00
3.450000000000000000e+02 2.154814990593182156e+00
3.460000000000000000e+02 2.214791956328548750e+00
3.470000000000000000e+02 2.249222331552168885e+00
3.480000000000000000e+02 2.376487847656944652e+00
3.490000000000000000e+02 2.434465710251212389e+00
3.500000000000000000e+02 2.354125662255647011e+00
3.510000000000000000e+02 2.134470458401973580e+00
3.520000000000000000e+02 2.182484689947304268e+00
3.530000000000000000e+02 2.001358113111777470e+00
3.540000000000000000e+02 1.941269251673809260e+00
3.550000000000000000e+02 2.125518529004640111e+00
3.560000000000000000e+02 2.173896536863578977e+00
3.570000000000000000e+02 1.961543259323265120e+00
3.580000000000000000e+02 1.873298909954891789e+00
3.590000000000000000e+02 1.735238403183554157e+00
3.600000000000000000e+02 1.584815526784557616e+00
3.610000000000000000e+02 1.561946715942542419e+00
3.620000000000000000e+02 1.419648522364266752e+00
3.630000000000000000e+02 1.653278805372582871e+00
3.640000000000000000e+02 1.515294680945993289e+00
3.650000000000000000e+02 1.413693292541177149e+00
3.660000000000000000e+02 1.493053389366228334e+00
3.670000000000000000e+02 1.727185061532068300e+00
3.680000000000000000e+02 1.876800995711840780e+00
3.690000000000000000e+02 1.664913020195981641e+00
3.700000000000000000e+02 1.749821797038362048e+00
3.710000000000000000e+02 1.615956511197242484e+00
3.720000000000000000e+02 1.487368701804558047e+00
3.730000000000000000e+02 1.562537854395102288e+00
3.740000000000000000e+02 1.417558249483724220e+00
3.750000000000000000e+02 1.585736599420014770e+00
3.760000000000000000e+02 1.577999726582161255e+00
3.770000000000000000e+02 1.686493255015890869e+00
3.780000000000000000e+02 1.851844237121472947e+00
3.790000000000000000e+02 1.853078149044985912e+00
3.800000000000000000e+02 2.135450515639057745e+00
3.810000000000000000e+02 2.189933541053088462e+00
3.820000000000000000e+02 2.225901222886495390e+00
3.830000000000000000e+02 1.916029395796721380e+00
3.840000000000000000e+02 1.702356323009736494e+00
3.850000000000000000e+02 1.655454396795374539e+00
3.860000000000000000e+02 1.630268555159437804e+00
3.870000000000000000e+02 1.718845431150756831e+00
3.880000000000000000e+02 1.726458608876103584e+00
3.890000000000000000e+02 1.595706132476394146e+00
3.900000000000000000e+02 1.553393690901435642e+00
3.910000000000000000e+02 1.763369973625734666e+00
3.920000000000000000e+02 1.779964148365576149e+00
3.930000000000000000e+02 1.992149912512882315e+00
3.940000000000000000e+02 2.294280401458656637e+00
3.950000000000000000e+02 2.534720103616856068e+00
3.960000000000000000e+02 2.825310291022563369e+00
3.970000000000000000e+02 2.626252693664366866e+00
3.980000000000000000e+02 2.880705749261370574e+00
3.990000000000000000e+02 2.751848485194233973e+00
4.000000000000000000e+02 2.337405222822829920e+00
4.010000000000000000e+02 2.051366214078629291e+00
4.020000000000000000e+02 2.150561546964242954e+00
4.030000000000000000e+02 1.953751142430987464e+00
4.040000000000000000e+02 1.948268288828408412e+00
4.050000000000000000e+02 1.893569176552554190e+00
4.060000000000000000e+02 1.988864594791829976e+00
4.070000000000000000e+02 2.301248690757616178e+00
4.080000000000000000e+02 2.383407627356959768e+00
4.090000000000000000e+02 2.657052468432901549e+00
4.100000000000000000e+02 2.722762329893436917e+00
4.110000000000000000e+02 2.921297763810367876e+00
4.120000000000000000e+02 3.300658525868463755e+00
4.130000000000000000e+02 3.470879712823267127e+00
4.140000000000000000e+02 3.984153930245493580e+00
4.150000000000000000e+02 4.012708419752165412e+00
4.160000000000000000e+02 3.803016800295299316e+00
4.170000000000000000e+02 3.523862810453733285e+00
4.180000000000000000e+02 3.134726996545735833e+00
4.190000000000000000e+02 2.990083333975539048e+00
4.200000000000000000e+02 3.061672547437839231e+00
4.210000000000000000e+02 3.075091757487988353e+00
4.220000000000000000e+02 2.674163943561126189e+00
4.230000000000000000e+02 2.741379276484881888e+00
4.240000000000000000e+02 2.422317023682992509e+00
4.250000000000000000e+02 2.493139627083533316e+00
4.260000000000000000e+02 2.360997966291859651e+00
4.270000000000000000e+02 2.497076788749791554e+00
4.280000000000000000e+02 2.382458422645064910e+00
4.290000000000000000e+02 2.680569281636884682e+00
4.300000000000000000e+02 2.928781251176764133e+00
4.310000000000000000e+02 2.958799244682394747e+00
4.320000000000000000e+02 2.907895996823563145e+00
4.330000000000000000e+02 2.826471645719031756e+00
4.340000000000000000e+02 2.972574723566622001e+00
4.350000000000000000e+02 2.799807473851183115e+00
4.360000000000000000e+02 3.042883622718759007e+00
4.370000000000000000e+02 2.705255813101809181e+00
4.380000000000000000e+02 2.740178263367217149e+00
4.390000000000000000e+02 2.820954953293973055e+00
4.400000000000000000e+02 2.506781806268653767e+00
4.410000000000000000e+02 2.464828044117269190e+00
4.420000000000000000e+02 2.235254113063046777e+00
4.430000000000000000e+02 2.107499829498946209e+00
4.440000000000000000e+02 2.072333660145454726e+00
4.450000000000000000e+02 2.024222757182378540e+00
4.460000000000000000e+02 1.986097593989138321e+00
4.470000000000000000e+02 1.977970592999032107e+00
4.480000000000000000e+02 2.117234132241447853e+00
4.490000000000000000e+02 2.274514831815232618e+00
4.500000000000000000e+02 2.527162014495359266e+00
4.510000000000000000e+02 2.647836807902365308e+00
4.520000000000000000e+02 2.683900715850697338e+00
4.530000000000000000e+02 2.762530964074665363e+00
4.540000000000000000e+02 2.924975035630603681e+00
4.550000000000000000e+02 3.197699321018516283e+00
4.560000000000000000e+02 3.486369400728017265e+00
4.570000000000000000e+02 3.905948678684333597e+00
4.580000000000000000e+02 3.958645390224116767e+00
4.590000000000000000e+02 3.869114886348000049e+00
4.600000000000000000e+02 3.982536663405636279e+00
4.610000000000000000e+02 3.729172067707554383e+00
4.620000000000000000e+02 4.165066084454441153e+00
4.630000000000000000e+02 4.122913105859880467e+00
4.640000000000000000e+02 4.478996173292999039e+00
4.650000000000000000e+02 5.074106081433399140e+00
4.660000000000000000e+02 4.995484468491274477e+00
4.670000000000000000e+02 5.046424291172125542e+00
4.680000000000000000e+02 4.598212409035728143e+00
4.690000000000000000e+02 4.189763082750777023e+00
4.700000000000000000e+02 3.735594996020945135e+00
4.710000000000000000e+02 3.435810357305884910e+00
4.720000000000000000e+02 3.159522644856399776e+00
4.730000000000000000e+02 2.815538152617196754e+00
4.740000000000000000e+02 2.669010251022898128e+00
4.750000000000000000e+02 2.420704697683853102e+00
4.760000000000000000e+02 2.347627100972801362e+00
4.770000000000000000e+02 2.255326545795755866e+00
4.780000000000000000e+02 2.304412879532585112e+00
4.790000000000000000e+02 2.329438530692818698e+00
4.800000000000000000e+02 2.412833318629138191e+00
4.810000000000000000e+02 2.374028969547322454e+00
4.820000000000000000e+02 2.936093886808547104e+00
4.830000000000000000e+02 3.397973021516599967e+00
4.840000000000000000e+02 3.553214085466343874e+00
4.850000000000000000e+02 4.067289276722629410e+00
4.860000000000000000e+02 4.063160374244848327e+00
4.870000000000000000e+02 3.298477403495685412e+00
4.880000000000000000e+02 3.361532662464028931e+00
4.890000000000000000e+02 3.951414199593362486e+00
4.900000000000000000e+02 3.453629201260429937e+00
4.910000000000000000e+02 3.093250985596936786e+00
4.920000000000000000e+02 2.997336867344915223e+00
4.930000000000000000e+02 2.655200342933638158e+00
4.940000000000000000e+02 2.667313996511253560e+00
4.950000000000000000e+02 2.428821210341301384e+00
4.960000000000000000e+02 2.446780168568910341e+00
4.970000000000000000e+02 2.377432905677559827e+00
4.980000000000000000e+02 2.445174183707174098e+00
4.990000000000000000e+02 2.504901790892759994e+00
5.000000000000000000e+02 2.523029085728336174e+00
5.010000000000000000e+02 2.396881406464686837e+00
5.020000000000000000e+02 2.378145325039794589e+00
5.030000000000000000e+02 2.901605957435185346e+00
5.040000000000000000e+02 3.248777610988307529e+00
5.050000000000000000e+02 3.371128248174738218e+00
5.060000000000000000e+02 3.794148505783677461e+00
5.070000000000000000e+02 3.576471350249219139e+00
5.080000000000000000e+02 3.431210990876959244e+00
5.090000000000000000e+02 3.020669417170035675e+00
5.100000000000000000e+02 3.028199243174724664e+00
5.110000000000000000e+02 2.908672401112456729e+00
5.120000000000000000e+02 3.058352180384439567e+00
5.130000000000000000e+02 3.053792625409253780e+00
5.140000000000000000e+02 3.333838688029736819e+00
5.150000000000000000e+02 3.595022240220334897e+00
5.160000000000000000e+02 3.608421439407145215e+00
5.170000000000000000e+02 3.563908802823857247e+00
5.180000000000000000e+02 3.281220873631552237e+00
5.190000000000000000e+02 2.944826522048012318e+00
5.200000000000000000e+02 2.845732751312468611e+00
5.210000000000000000e+02 2.860677298963706594e+00
5.220000000000000000e+02 2.853724215785664153e+00
5.230000000000000000e+02 2.866178510105405586e+00
5.240000000000000000e+02 2.944545859366549667e+00
5.250000000000000000e+02 2.817209939829900645e+00
5.260000000000000000e+02 2.984708941203936483e+00
5.270000000000000000e+02 2.911974187955136628e+00
5.280000000000000000e+02 3.200168574882875649e+00
5.290000000000000000e+02 3.144346618076643285e+00
5.300000000000000000e+02 3.933422440669164466e+00
5.310000000000000000e+02 4.843101709289066470e+00
5.320000000000000000e+02 3.942034751657177871e+00
5.330000000000000000e+02 3.085903367722983681e+00
5.340000000000000000e+02 2.913616230468865087e+00
5.350000000000000000e+02 2.601878838330367927e+00
5.360000000000000000e+02 2.669412804426801067e+00
5.370000000000000000e+02 2.711934769541102241e+00
5.380000000000000000e+02 2.814432572438276825e+00
5.390000000000000000e+02 2.974524275880453317e+00
5.400000000000000000e+02 2.914377314845610467e+00
5.410000000000000000e+02 3.088040903707303997e+00
5.420000000000000000e+02 3.157481286387418429e+00
5.430000000000000000e+02 3.482074516423073973e+00
5.440000000000000000e+02 4.302786821178218979e+00
5.450000000000000000e+02 4.569541025119472799e+00
5.460000000000000000e+02 5.296375830188422285e+00
5.470000000000000000e+02 4.878753432103469123e+00
5.480000000000000000e+02 5.074055061794163102e+00
5.490000000000000000e+02 4.308903220340463136e+00
5.500000000000000000e+02 3.619625422182190633e+00
5.510000000000000000e+02 4.115258706130279442e+00
5.520000000000000000e+02 2.951178622501190230e+00
5.530000000000000000e+02 2.783432933143045851e+00
5.540000000000000000e+02 2.521826341528657700e+00
5.550000000000000000e+02 2.494236466286094522e+00
5.560000000000000000e+02 2.254268025875406867e+00
5.570000000000000000e+02 2.132205634340126554e+00
5.580000000000000000e+02 2.012406458590863423e+00
5.590000000000000000e+02 2.004425532842027291e+00
5.600000000000000000e+02 2.009202988133230505e+00
5.610000000000000000e+02 2.184936551939721028e+00
5.620000000000000000e+02 2.377241802262657355e+00
5.630000000000000000e+02 2.579469338557257796e+00
5.640000000000000000e+02 2.938803974036009237e+00
5.650000000000000000e+02 3.467795421545630585e+00
5.660000000000000000e+02 4.478151654195804632e+00
5.670000000000000000e+02 5.231292605785835548e+00
5.680000000000000000e+02 6.437496366587605046e+00
5.690000000000000000e+02 6.580581274938822389e+00
5.700000000000000000e+02 6.655160915376960418e+00
5.710000000000000000e+02 6.414093109771314083e+00
5.720000000000000000e+02 5.951480757388133647e+00
5.730000000000000000e+02 4.934950358617074428e+00
5.740000000000000000e+02 3.551687441641358411e+00
5.750000000000000000e+02 3.193410527442312574e+00
5.760000000000000000e+02 2.812591851879539195e+00
5.770000000000000000e+02 2.470563373300846965e+00
5.780000000000000000e+02 2.242142300191395154e+00
5.790000000000000000e+02 2.073520380503204752e+00
5.800000000000000000e+02 1.834302319869501652e+00
5.810000000000000000e+02 1.953701133618015895e+00
5.820000000000000000e+02 1.953866792607289460e+00
5.830000000000000000e+02 1.908705394279363921e+00
5.840000000000000000e+02 1.858093490185025010e+00
5.850000000000000000e+02 1.806844194853535202e+00
5.860000000000000000e+02 1.735858007571468908e+00
5.870000000000000000e+02 1.837291673092569022e+00
5.880000000000000000e+02 1.915847817572915668e+00
5.890000000000000000e+02 2.076251684461879243e+00
5.900000000000000000e+02 2.356487978104929493e+00
5.910000000000000000e+02 2.663473954293708701e+00
5.920000000000000000e+02 2.984294035193853833e+00
5.930000000000000000e+02 3.163561393298279789e+00
5.940000000000000000e+02 4.052971978228916861e+00
5.950000000000000000e+02 3.951293471599698570e+00
5.960000000000000000e+02 4.265896329062404568e+00
5.970000000000000000e+02 4.734088483094489597e+00
5.980000000000000000e+02 5.383723805301783294e+00
5.990000000000000000e+02 5.335676483649605117e+00
6.000000000000000000e+02 4.677552012994781627e+00
6.010000000000000000e+02 3.932933643146086844e+00
6.020000000000000000e+02 3.303675548178420129e+00
6.030000000000000000e+02 3.210176933880713346e+00
6.040000000000000000e+02 3.016474864530865219e+00
6.050000000000000000e+02 3.156102118985745442e+00
6.060000000000000000e+02 2.951222387744848241e+00
6.070000000000000000e+02 3.044932799821776115e+00
6.080000000000000000e+02 2.901924286000667763e+00
6.090000000000000000e+02 3.015735118827712391e+00
6.100000000000000000e+02 2.896587201930453048e+00
6.110000000000000000e+02 2.960564733137477145e+00
6.120000000000000000e+02 2.889187591481334749e+00
6.130000000000000000e+02 3.131405590346870049e+00
6.140000000000000000e+02 3.013159747727793381e+00
6.150000000000000000e+02 3.279380951122237597e+00
6.160000000000000000e+02 3.131781176055517424e+00
6.170000000000000000e+02 2.899178131125339064e+00
6.180000000000000000e+02 2.889773330426001152e+00
6.190000000000000000e+02 2.918715196276605806e+00
6.200000000000000000e+02 2.855126671886488054e+00
6.210000000000000000e+02 2.642359969172284551e+00
6.220000000000000000e+02 2.488706922238320018e+00
6.230000000000000000e+02 2.472383912730204081e+00
6.240000000000000000e+02 2.419106948902833398e+00
6.250000000000000000e+02 2.523321245910903787e+00
6.260000000000000000e+02 2.490996477631743922e+00
6.270000000000000000e+02 2.568053771855048684e+00
6.280000000000000000e+02 2.625147446867925449e+00
6.290000000000000000e+02 2.650269498853939254e+00
6.300000000000000000e+02 2.784158597112064371e+00
6.310000000000000000e+02 2.713078167543363062e+00
6.320000000000000000e+02 2.886968498181170073e+00
6.330000000000000000e+02 2.933518089837831244e+00
6.340000000000000000e+02 3.250557060261311193e+00
6.350000000000000000e+02 3.210933783329254165e+00
6.360000000000000000e+02 3.082365178210512369e+00
6.370000000000000000e+02 2.848971434497089117e+00
6.380000000000000000e+02 2.667581484599460317e+00
6.390000000000000000e+02 2.543428537607621553e+00
6.400000000000000000e+02 2.389337322532877117e+00
6.410000000000000000e+02 2.412845907090432895e+00
6.420000000000000000e+02 2.323572185629823483e+00
6.430000000000000000e+02 2.369396260592475656e+00
6.440000000000000000e+02 2.410784698217263600e+00
6.450000000000000000e+02 2.440447620584829114e+00
6.460000000000000000e+02 2.552852836708827233e+00
6.470000000000000000e+02 2.593853331990158662e+00
6.480000000000000000e+02 2.684182839449195779e+00
6.490000000000000000e+02 2.668076973444242661e+00
6.500000000000000000e+02 2.611911085657433684e+00
6.510000000000000000e+02 2.451109218347713448e+00
6.520000000000000000e+02 2.273938815417310799e+00
6.530000000000000000e+02 2.164503118220431066e+00
6.540000000000000000e+02 2.119858901833942433e+00
6.550000000000000000e+02 2.071739061515995406e+00
6.560000000000000000e+02 2.119263742996683852e+00
6.570000000000000000e+02 2.245325221712056507e+00
6.580000000000000000e+02 2.406000238358747101e+00
6.590000000000000000e+02 2.723919545742919279e+00
6.600000000000000000e+02 2.893112472228614784e+00
6.610000000000000000e+02 2.986194168436133722e+00
6.620000000000000000e+02 3.054394293122593584e+00
6.630000000000000000e+02 2.666370287639465708e+00
6.640000000000000000e+02 2.490340748419525241e+00
6.650000000000000000e+02 2.309498962178549775e+00
6.660000000000000000e+02 2.188064481048741960e+00
6.670000000000000000e+02 2.085172908095640487e+00
6.680000000000000000e+02 2.079321587675120764e+00
6.690000000000000000e+02 2.127534478135514551e+00
6.700000000000000000e+02 2.186590968151489012e+00
6.710000000000000000e+02 2.421388173262978505e+00
6.720000000000000000e+02 2.845276093656857963e+00
6.730000000000000000e+02 3.627215185166464906e+00
6.740000000000000000e+02 4.429109674315475864e+00
6.750000000000000000e+02 3.895117137077003466e+00
6.760000000000000000e+02 3.115963147247567733e+00
6.770000000000000000e+02 2.624203616881084944e+00
6.780000000000000000e+02 2.419008900291268915e+00
6.790000000000000000e+02 2.226290427945945005e+00
6.800000000000000000e+02 2.199261869065591846e+00
6.810000000000000000e+02 2.159073573150847469e+00
6.820000000000000000e+02 2.164322756688425553e+00
6.830000000000000000e+02 2.291974769557615588e+00
6.840000000000000000e+02 2.325817213474654643e+00
6.850000000000000000e+02 2.377796950098673090e+00
6.860000000000000000e+02 2.537879069945510047e+00
6.870000000000000000e+02 2.567322448997353845e+00
6.880000000000000000e+02 2.833981891416998522e+00
6.890000000000000000e+02 3.231960210163860481e+00
6.900000000000000000e+02 3.430945905798458373e+00
6.910000000000000000e+02 3.256597753010083363e+00
6.920000000000000000e+02 3.033145015612057183e+00
6.930000000000000000e+02 2.644648278257051288e+00
6.940000000000000000e+02 2.674839751760584861e+00
6.950000000000000000e+02 2.502779898395528058e+00
6.960000000000000000e+02 2.389726562498872386e+00
6.970000000000000000e+02 2.289355839040284835e+00
6.980000000000000000e+02 2.269625787894358648e+00
6.990000000000000000e+02 2.287071007860147276e+00
7.000000000000000000e+02 2.332585395669883432e+00
7.010000000000000000e+02 2.495554581400562189e+00
7.020000000000000000e+02 2.588727210115075561e+00
7.030000000000000000e+02 2.798437103785759383e+00
7.040000000000000000e+02 2.978389607318732146e+00
7.050000000000000000e+02 3.288519487722065371e+00
7.060000000000000000e+02 3.378124759301191826e+00
7.070000000000000000e+02 3.622384369926834768e+00
7.080000000000000000e+02 3.430842472364712403e+00
7.090000000000000000e+02 3.401600448040153157e+00
7.100000000000000000e+02 3.226418247563194619e+00
7.110000000000000000e+02 2.984811180647968243e+00
7.120000000000000000e+02 2.969941969385597069e+00
7.130000000000000000e+02 2.772763789115438637e+00
7.140000000000000000e+02 2.817262823093832136e+00
7.150000000000000000e+02 2.712404801245292596e+00
7.160000000000000000e+02 2.723838917989072517e+00
7.170000000000000000e+02 2.613690944791058346e+00
7.180000000000000000e+02 2.607735646015389097e+00
7.190000000000000000e+02 2.581314501208077594e+00
7.200000000000000000e+02 2.659177340541635459e+00
7.210000000000000000e+02 2.826466257197281617e+00
7.220000000000000000e+02 3.074120404545096275e+00
7.230000000000000000e+02 3.211163136946816099e+00
7.240000000000000000e+02 3.170262088887141338e+00
7.250000000000000000e+02 2.905596658592004555e+00
7.260000000000000000e+02 2.900219086109218747e+00
7.270000000000000000e+02 2.982117229071282960e+00
7.280000000000000000e+02 3.225881689557015708e+00
7.290000000000000000e+02 3.128048187530588997e+00
7.300000000000000000e+02 3.120323076151886088e+00
7.310000000000000000e+02 3.125271430820568241e+00
7.320000000000000000e+02 3.090502398033037945e+00
7.330000000000000000e+02 3.148450564161096477e+00
7.340000000000000000e+02 3.076192933037769972e+00
7.350000000000000000e+02 3.238092771506336565e+00
7.360000000000000000e+02 3.141818471115537470e+00
7.370000000000000000e+02 3.188645651047465890e+00
7.380000000000000000e+02 3.128572310327468742e+00
7.390000000000000000e+02 2.984188698821135688e+00
7.400000000000000000e+02 2.956062624602060485e+00
7.410000000000000000e+02 2.831412184693507861e+00
7.420000000000000000e+02 2.809171574497271173e+00
7.430000000000000000e+02 2.758358897966560974e+00
7.440000000000000000e+02 2.809676382370740910e+00
7.450000000000000000e+02 2.826926988967514376e+00
7.460000000000000000e+02 2.933914661808150637e+00
7.470000000000000000e+02 3.013791343527630229e+00
7.480000000000000000e+02 3.282853106228408535e+00
7.490000000000000000e+02 3.667543556433884522e+00
7.500000000000000000e+02 3.733758198385853433e+00
7.510000000000000000e+02 3.858442640644125010e+00
7.520000000000000000e+02 3.659733427054916444e+00
7.530000000000000000e+02 3.736932175901841013e+00
7.540000000000000000e+02 3.941863282334908014e+00
7.550000000000000000e+02 4.127480914912261767e+00
7.560000000000000000e+02 4.403194471820463640e+00
7.570000000000000000e+02 4.616087385880177862e+00
7.580000000000000000e+02 5.107193711034382133e+00
7.590000000000000000e+02 5.608481737253520727e+00
7.600000000000000000e+02 5.332193187202134865e+00
7.610000000000000000e+02 5.659351076636408351e+00
7.620000000000000000e+02 5.622724567607987112e+00
7.630000000000000000e+02 5.956941804293290232e+00
7.640000000000000000e+02 6.347014290690539795e+00
7.650000000000000000e+02 6.173028823097731710e+00
7.660000000000000000e+02 5.603441834567694180e+00
7.670000000000000000e+02 5.881709075605781045e+00
7.680000000000000000e+02 5.304398042101678534e+00
7.690000000000000000e+02 4.673105724084622103e+00
7.700000000000000000e+02 4.742062392025312434e+00
7.710000000000000000e+02 5.030284776785148182e+00
7.720000000000000000e+02 4.645429167368593681e+00
7.730000000000000000e+02 4.336884673097822329e+00
7.740000000000000000e+02 4.070086595613329195e+00
7.750000000000000000e+02 3.918867578541487706e+00
7.760000000000000000e+02 3.719653053642375085e+00
7.770000000000000000e+02 3.531533843882126433e+00
7.780000000000000000e+02 3.279942989615583837e+00
7.790000000000000000e+02 3.108952933866707902e+00
7.800000000000000000e+02 2.961321171320258738e+00
7.810000000000000000e+02 2.858219491120846278e+00
7.820000000000000000e+02 2.847287845692953567e+00
7.830000000000000000e+02 2.760671880160297409e+00
7.840000000000000000e+02 2.755408673501964945e+00
7.850000000000000000e+02 2.760355551288299569e+00
7.860000000000000000e+02 2.783557778359834867e+00
7.870000000000000000e+02 2.789798267272101562e+00
7.880000000000000000e+02 2.896922103625171996e+00
7.890000000000000000e+02 2.982155714828462312e+00
7.900000000000000000e+02 3.073554607435820429e+00
7.910000000000000000e+02 3.275370556107358500e+00
7.920000000000000000e+02 3.309513217461666823e+00
7.930000000000000000e+02 3.173530592157435937e+00
7.940000000000000000e+02 3.223846044799142163e+00
7.950000000000000000e+02 3.146814131167704254e+00
7.960000000000000000e+02 3.245240548294067828e+00
7.970000000000000000e+02 3.252122429678259596e+00
7.980000000000000000e+02 3.414741160491512328e+00
7.990000000000000000e+02 3.524752328310875704e+00
8.000000000000000000e+02 3.683802372462047003e+00
8.010000000000000000e+02 3.921390056925757595e+00
8.020000000000000000e+02 4.161429860879636067e+00
8.030000000000000000e+02 4.275770331454035400e+00
8.040000000000000000e+02 4.549023053848907594e+00
8.050000000000000000e+02 4.661880074019823184e+00
8.060000000000000000e+02 4.582830759253037733e+00
8.070000000000000000e+02 4.310689940737619352e+00
8.080000000000000000e+02 4.038624255732361945e+00
8.090000000000000000e+02 3.876458004657361567e+00
8.100000000000000000e+02 4.059183462799412112e+00
8.110000000000000000e+02 4.016702240811717672e+00
8.120000000000000000e+02 4.171160510222533979e+00
8.130000000000000000e+02 4.008349980314800831e+00
8.140000000000000000e+02 3.718725626840633236e+00
8.150000000000000000e+02 3.639605555967329487e+00
8.160000000000000000e+02 3.459625875319625177e+00
8.170000000000000000e+02 3.388704150602993348e+00
8.180000000000000000e+02 3.340287947310510930e+00
8.190000000000000000e+02 3.459457577655684180e+00
8.200000000000000000e+02 3.436150409133783779e+00
8.210000000000000000e+02 3.629157197708932525e+00
8.220000000000000000e+02 3.607192527691418960e+00
8.230000000000000000e+02 3.802094952523318305e+00
8.240000000000000000e+02 3.869685291758424572e+00
8.250000000000000000e+02 4.221863595244360390e+00
8.260000000000000000e+02 4.333815961703775699e+00
8.270000000000000000e+02 4.473276426567206698e+00
8.280000000000000000e+02 4.279154737471350778e+00
8.290000000000000000e+02 4.433791694025468466e+00
8.300000000000000000e+02 4.624844583569157841e+00
8.310000000000000000e+02 4.876678752013275719e+00
8.320000000000000000e+02 4.997632474340073294e+00
8.330000000000000000e+02 5.055188861173605552e+00
8.340000000000000000e+02 5.366603963901830809e+00
8.350000000000000000e+02 6.090766325845343943e+00
8.360000000000000000e+02 7.197523908526251901e+00
8.370000000000000000e+02 8.117251899366516810e+00
8.380000000000000000e+02 9.697079919349267385e+00
8.390000000000000000e+02 1.101488803992750931e+01
8.400000000000000000e+02 1.012358842587816099e+01
8.410000000000000000e+02 9.410131801647674266e+00
8.420000000000000000e+02 9.218303954700560965e+00
8.430000000000000000e+02 9.176520388534463279e+00
8.440000000000000000e+02 9.685179982325939463e+00
8.450000000000000000e+02 9.718735576582554714e+00
8.460000000000000000e+02 8.989210640857850265e+00
8.470000000000000000e+02 8.384304821775504735e+00
8.480000000000000000e+02 8.188396143853859499e+00
8.490000000000000000e+02 8.015204208156893273e+00
8.500000000000000000e+02 8.234404543326926174e+00
8.510000000000000000e+02 8.718073886924971205e+00
8.520000000000000000e+02 8.892164829603583343e+00
8.530000000000000000e+02 8.668964561002864500e+00
8.540000000000000000e+02 9.553898838846905051e+00
8.550000000000000000e+02 9.261468012446476550e+00
8.560000000000000000e+02 9.363919357653752940e+00
8.570000000000000000e+02 9.329612953559509592e+00
8.580000000000000000e+02 9.052532708283672847e+00
8.590000000000000000e+02 9.395509678221680261e+00
8.600000000000000000e+02 8.810962239986707800e+00
8.610000000000000000e+02 8.865799061471985709e+00
8.620000000000000000e+02 8.367344930958420690e+00
8.630000000000000000e+02 7.549981724318532095e+00
8.640000000000000000e+02 7.443382149685316307e+00
8.650000000000000000e+02 6.741643629242199509e+00
8.660000000000000000e+02 6.372291669559573712e+00
8.670000000000000000e+02 5.318598410721871339e+00
8.680000000000000000e+02 4.878763459083631737e+00
8.690000000000000000e+02 4.242937410785390107e+00
8.700000000000000000e+02 4.192508610094944466e+00
8.710000000000000000e+02 3.854218142216403020e+00
8.720000000000000000e+02 3.837718691142057992e+00
8.730000000000000000e+02 3.718145710163906603e+00
8.740000000000000000e+02 3.819537634633438206e+00
8.750000000000000000e+02 4.304928263678821310e+00
8.760000000000000000e+02 4.256564244045671686e+00
8.770000000000000000e+02 4.103516523245311021e+00
8.780000000000000000e+02 4.158794548333216490e+00
8.790000000000000000e+02 3.852286126293322344e+00
8.800000000000000000e+02 3.886968975340317378e+00
8.810000000000000000e+02 3.661272925931383870e+00
8.820000000000000000e+02 3.536556211243015113e+00
8.830000000000000000e+02 3.459682135534710490e+00
8.840000000000000000e+02 3.375377727299364583e+00
8.850000000000000000e+02 3.395992747397637235e+00
8.860000000000000000e+02 3.264112767458154263e+00
8.870000000000000000e+02 3.382712893330372950e+00
8.880000000000000000e+02 3.269298222248954389e+00
8.890000000000000000e+02 3.098479718162177043e+00
8.900000000000000000e+02 3.127078615817455720e+00
8.910000000000000000e+02 3.015250653593663177e+00
8.920000000000000000e+02 3.094470786667224971e+00
8.930000000000000000e+02 3.011805879538503650e+00
8.940000000000000000e+02 2.964839133729005205e+00
8.950000000000000000e+02 3.035789308949568888e+00
8.960000000000000000e+02 3.070828298768788933e+00
8.970000000000000000e+02 3.188054079455707956e+00
8.980000000000000000e+02 3.328977362648573912e+00
8.990000000000000000e+02 3.479338854441869078e+00
9.000000000000000000e+02 3.736937082020937329e+00
9.010000000000000000e+02 3.843575437358805136e+00
9.020000000000000000e+02 4.014723876424140414e+00
9.030000000000000000e+02 4.006868127749958042e+00
9.040000000000000000e+02 4.271839538872592712e+00
9.050000000000000000e+02 4.395471039391751766e+00
9.060000000000000000e+02 4.623455614369350819e+00
9.070000000000000000e+02 4.454422981263302717e+00
9.080000000000000000e+02 4.347892898735483236e+00
9.090000000000000000e+02 4.599869826329075373e+00
9.100000000000000000e+02 4.905085148864445799e+00
9.110000000000000000e+02 5.464700799418634958e+00
9.120000000000000000e+02 5.677226976198203268e+00
9.130000000000000000e+02 5.829394401663752667e+00
9.140000000000000000e+02 5.156279532121895492e+00
9.150000000000000000e+02 5.134184461768901642e+00
9.160000000000000000e+02 4.562451868742954275e+00
9.170000000000000000e+02 4.163160496653793174e+00
9.180000000000000000e+02 3.934878334451427762e+00
9.190000000000000000e+02 3.647810998722099018e+00
9.200000000000000000e+02 3.532863001027662264e+00
9.210000000000000000e+02 3.359581898224853536e+00
9.220000000000000000e+02 3.219628452779390582e+00
9.230000000000000000e+02 3.174536988028497486e+00
9.240000000000000000e+02 3.091895251378947052e+00
9.250000000000000000e+02 3.067581399730001213e+00
9.260000000000000000e+02 3.056120484544131877e+00
9.270000000000000000e+02 3.143917676471241762e+00
9.280000000000000000e+02 3.121366385110374786e+00
9.290000000000000000e+02 3.346418462319536324e+00
9.300000000000000000e+02 3.338204431298900765e+00
9.310000000000000000e+02 3.245950688227910774e+00
9.320000000000000000e+02 3.401287868713541052e+00
9.330000000000000000e+02 3.402362388257263781e+00
9.340000000000000000e+02 3.740922139147234926e+00
9.350000000000000000e+02 3.707237509684255361e+00
9.360000000000000000e+02 3.496572950185374840e+00
9.370000000000000000e+02 3.571341324970529474e+00
9.380000000000000000e+02 3.485408643317818633e+00
9.390000000000000000e+02 3.540157375160013498e+00
9.400000000000000000e+02 3.449873659040494811e+00
9.410000000000000000e+02 3.058666351811675010e+00
9.420000000000000000e+02 3.090615184882722133e+00
9.430000000000000000e+02 2.947915567712222185e+00
9.440000000000000000e+02 2.971474867774722028e+00
9.450000000000000000e+02 2.932756607421957984e+00
9.460000000000000000e+02 3.031719476498589749e+00
9.470000000000000000e+02 3.063553222113927887e+00
9.480000000000000000e+02 3.230328901498840555e+00
9.490000000000000000e+02 3.363699922798492725e+00
9.500000000000000000e+02 3.570953300793060503e+00
9.510000000000000000e+02 3.798885038331694108e+00
9.520000000000000000e+02 3.960785116140536299e+00
9.530000000000000000e+02 4.176932649573005030e+00
9.540000000000000000e+02 4.163462761308446503e+00
9.550000000000000000e+02 4.176711469255384834e+00
9.560000000000000000e+02 4.010397117042075799e+00
9.570000000000000000e+02 3.927748375321556740e+00
9.580000000000000000e+02 3.697157150427412553e+00
9.590000000000000000e+02 3.524941484300629480e+00
9.600000000000000000e+02 3.829362387719733807e+00
9.610000000000000000e+02 4.185577970069636500e+00
9.620000000000000000e+02 4.093160777409435624e+00
9.630000000000000000e+02 4.640292315901351827e+00
9.640000000000000000e+02 4.311838967757680052e+00
9.650000000000000000e+02 3.649716219810098750e+00
9.660000000000000000e+02 4.130738258293290777e+00
9.670000000000000000e+02 4.654635466448914904e+00
9.680000000000000000e+02 4.163314273793447207e+00
9.690000000000000000e+02 3.915601814132892766e+00
9.700000000000000000e+02 4.599392445469426605e+00
9.710000000000000000e+02 4.914182413869356836e+00
9.720000000000000000e+02 4.443194620180402232e+00
9.730000000000000000e+02 4.531644706084468233e+00
9.740000000000000000e+02 5.260717646646702050e+00
9.750000000000000000e+02 5.340984991647664160e+00
9.760000000000000000e+02 4.940587768034130356e+00
9.770000000000000000e+02 5.405061663946258754e+00
9.780000000000000000e+02 6.105341181533493256e+00
9.790000000000000000e+02 5.936962262071975971e+00
9.800000000000000000e+02 5.806702670460334836e+00
9.810000000000000000e+02 6.479741139774002789e+00
9.820000000000000000e+02 6.976210648988377727e+00
9.830000000000000000e+02 6.720181120229774763e+00
9.840000000000000000e+02 6.843295083322593619e+00
9.850000000000000000e+02 7.632052144337097666e+00
9.860000000000000000e+02 7.881983293486388931e+00
9.870000000000000000e+02 7.578943292073455851e+00
9.880000000000000000e+02 7.942046331464443831e+00
9.890000000000000000e+02 8.770818335673276067e+00
9.900000000000000000e+02 8.739032314247486610e+00
9.910000000000000000e+02 8.639489932362975466e+00
9.920000000000000000e+02 9.433848732320273101e+00
9.930000000000000000e+02 9.374546014954169948e+00
9.940000000000000000e+02 9.364542356011007485e+00
9.950000000000000000e+02 9.834120720677805849e+00
9.960000000000000000e+02 1.062180339271403895e+01
9.970000000000000000e+02 1.071248453774728837e+01
9.980000000000000000e+02 1.109882263022539917e+01
9.990000000000000000e+02 1.133622321276463829e+01
1.000000000000000000e+03 1.155699197088646102e+01
1.001000000000000000e+03 1.194229951697302639e+01
1.002000000000000000e+03 1.190825244408500616e+01
1.003000000000000000e+03 1.136314918914655614e+01
1.004000000000000000e+03 1.131626589796374915e+01
1.005000000000000000e+03 1.145342449123494966e+01
1.006000000000000000e+03 1.130131371966279019e+01
1.007000000000000000e+03 1.070855012337707990e+01
1.008000000000000000e+03 1.094049191276173794e+01
1.009000000000000000e+03 1.083907015196472479e+01
1.010000000000000000e+03 1.110903590995614998e+01
1.011000000000000000e+03 1.198308342642827462e+01
1.012000000000000000e+03 1.299348346139677801e+01
1.013000000000000000e+03 1.416345576825670705e+01
1.014000000000000000e+03 1.523793590930191755e+01
1.015000000000000000e+03 1.652966252343356857e+01
1.016000000000000000e+03 1.758268596341709866e+01
1.017000000000000000e+03 1.930059734688292394e+01
1.018000000000000000e+03 2.071300573717928728e+01
1.000000000000000000e+00 5.048788409316216530e+00
2.000000000000000000e+00 3.625729507206493896e+00
3.000000000000000000e+00 2.700028300783593682e+00
4.000000000000000000e+00 2.456144735330053841e+00
5.000000000000000000e+00 2.310305284620369548e+00
6.000000000000000000e+00 2.450226117373365486e+00
7.000000000000000000e+00 2.490021819977588091e+00
8.000000000000000000e+00 2.389330465241258583e+00
9.000000000000000000e+00 2.454473235925802133e+00
1.000000000000000000e+01 2.860436647107714503e+00
1.100000000000000000e+01 3.087168930265115296e+00
1.200000000000000000e+01 2.476327565532965291e+00
1.300000000000000000e+01 2.421417563969160192e+00
1.400000000000000000e+01 2.341409952987123066e+00
1.500000000000000000e+01 2.350285240373820805e+00
1.600000000000000000e+01 2.251832181726476811e+00
1.700000000000000000e+01 2.187971737756434276e+00
1.800000000000000000e+01 2.244457019683014920e+00
1.900000000000000000e+01 2.339350633972655302e+00
2.000000000000000000e+01 2.295508999095799307e+00
2.100000000000000000e+01 2.357599895069589113e+00
2.200000000000000000e+01 2.374316770376396324e+00
2.300000000000000000e+01 2.284376628890977035e+00
2.400000000000000000e+01 2.358419850946388951e+00
2.500000000000000000e+01 2.438934263211807174e+00
2.600000000000000000e+01 2.618513024013674251e+00
2.700000000000000000e+01 2.858155644119096728e+00
2.800000000000000000e+01 3.232733361893993962e+00
2.900000000000000000e+01 3.889371524391378454e+00
3.000000000000000000e+01 3.933402576639247084e+00
3.100000000000000000e+01 3.502628385819546608e+00
3.200000000000000000e+01 3.921940827150839137e+00
3.300000000000000000e+01 4.196010903076547116e+00
3.400000000000000000e+01 3.619941967818295581e+00
3.500000000000000000e+01 3.082983326790028400e+00
3.600000000000000000e+01 2.764004543620252718e+00
3.700000000000000000e+01 2.597457965574597072e+00
3.800000000000000000e+01 2.382084669923310027e+00
3.900000000000000000e+01 2.438184982175885640e+00
4.000000000000000000e+01 2.434837176516166490e+00
4.100000000000000000e+01 2.517665270726482163e+00
4.200000000000000000e+01 2.786586088624562141e+00
4.300000000000000000e+01 3.057363861225008250e+00
4.400000000000000000e+01 3.377503588274700874e+00
4.500000000000000000e+01 3.130052151010741746e+00
4.600000000000000000e+01 2.933493974866971943e+00
4.700000000000000000e+01 3.298633391559436134e+00
4.800000000000000000e+01 3.157873890358196878e+00
4.900000000000000000e+01 3.025198776910879239e+00
5.000000000000000000e+01 3.481305843203687633e+00
5.100000000000000000e+01 4.168142551888018410e+00
5.200000000000000000e+01 4.009545728505588436e+00
5.300000000000000000e+01 4.185850595982937072e+00
5.400000000000000000e+01 3.863027160316016673e+00
5.500000000000000000e+01 3.579298528134891022e+00
5.600000000000000000e+01 3.183284642171710921e+00
5.700000000000000000e+01 2.922782105921007734e+00
5.800000000000000000e+01 2.736189723294855103e+00
5.900000000000000000e+01 2.546612051736762083e+00
6.000000000000000000e+01 2.671919885770919656e+00
6.100000000000000000e+01 2.699705521156258836e+00
6.200000000000000000e+01 2.900855193948755240e+00
6.300000000000000000e+01 2.962314597675399064e+00
6.400000000000000000e+01 3.060731370174695876e+00
6.500000000000000000e+01 3.104248628200132920e+00
6.600000000000000000e+01 3.101504146390481775e+00
6.700000000000000000e+01 3.174830213375075427e+00
6.800000000000000000e+01 3.276203860266464929e+00
6.900000000000000000e+01 3.223225392289463365e+00
7.000000000000000000e+01 3.304552710578845254e+00
7.100000000000000000e+01 3.529961538682504951e+00
7.200000000000000000e+01 3.531102515785217832e+00
7.300000000000000000e+01 3.538253917936003745e+00
7.400000000000000000e+01 3.683800371528047624e+00
7.500000000000000000e+01 3.705502503202429576e+00
7.600000000000000000e+01 3.570314090707023436e+00
7.700000000000000000e+01 3.573012502615907859e+00
7.800000000000000000e+01 3.425342970447322166e+00
7.900000000000000000e+01 3.417280013065755906e+00
8.000000000000000000e+01 3.227265382140143135e+00
8.100000000000000000e+01 3.102157803585620766e+00
8.200000000000000000e+01 3.031292872910012814e+00
8.300000000000000000e+01 2.981742730938421015e+00
8.400000000000000000e+01 3.029748029760287675e+00
8.500000000000000000e+01 2.909541894145416308e+00
8.600000000000000000e+01 2.780417832846416193e+00
8.700000000000000000e+01 2.665867612120705221e+00
8.800000000000000000e+01 2.650843988933074602e+00
8.900000000000000000e+01 2.592370873521321339e+00
9.000000000000000000e+01 2.424267612943395545e+00
9.100000000000000000e+01 2.421176315014071267e+00
9.200000000000000000e+01 2.279111445924106860e+00
9.300000000000000000e+01 2.266089292346278761e+00
9.400000000000000000e+01 2.186252709307283215e+00
9.500000000000000000e+01 2.303966024322650519e+00
9.600000000000000000e+01 2.424943113918362592e+00
9.700000000000000000e+01 2.375541104483559707e+00
9.800000000000000000e+01 2.429628624516376068e+00
9.900000000000000000e+01 2.515654979224374976e+00
1.000000000000000000e+02 2.581986651248675990e+00
1.010000000000000000e+02 2.671552550886812316e+00
1.020000000000000000e+02 2.709485054840325535e+00
1.030000000000000000e+02 2.832501868339372564e+00
1.040000000000000000e+02 2.830518939567589598e+00
1.050000000000000000e+02 3.113310264151301965e+00
1.060000000000000000e+02 3.224579587383122448e+00
1.070000000000000000e+02 3.323517955800293855e+00
1.080000000000000000e+02 3.501423658662903726e+00
1.090000000000000000e+02 3.646019573582440110e+00
1.100000000000000000e+02 3.553495408958732060e+00
1.110000000000000000e+02 3.496273969332305054e+00
1.120000000000000000e+02 3.326744392706681985e+00
1.130000000000000000e+02 3.023028429142592177e+00
1.140000000000000000e+02 3.038783773395269616e+00
1.150000000000000000e+02 2.841524369797896910e+00
1.160000000000000000e+02 2.990041528742086729e+00
1.170000000000000000e+02 2.821140169400437436e+00
1.180000000000000000e+02 3.079491661046452222e+00
1.190000000000000000e+02 3.127840493275976907e+00
1.200000000000000000e+02 3.339521053167679998e+00
1.210000000000000000e+02 3.494564112577167148e+00
1.220000000000000000e+02 3.807860565781982842e+00
1.230000000000000000e+02 3.882167971922225291e+00
1.240000000000000000e+02 3.722914912212791805e+00
1.250000000000000000e+02 3.937087558245373042e+00
1.260000000000000000e+02 4.100702327997288066e+00
1.270000000000000000e+02 3.867664712030796981e+00
1.280000000000000000e+02 3.730830358915738998e+00
1.290000000000000000e+02 4.020371828071366060e+00
1.300000000000000000e+02 4.064600159871685214e+00
1.310000000000000000e+02 3.722425070519551848e+00
1.320000000000000000e+02 3.653410823406301855e+00
1.330000000000000000e+02 3.576779239199651794e+00
1.340000000000000000e+02 3.775921225944996795e+00
1.350000000000000000e+02 3.425565029933860473e+00
1.360000000000000000e+02 3.594632256895042399e+00
1.370000000000000000e+02 3.856219603278518093e+00
1.380000000000000000e+02 3.409177388617283366e+00
1.390000000000000000e+02 3.422163747582440241e+00
1.400000000000000000e+02 3.975293795585820522e+00
1.410000000000000000e+02 3.986313251491518272e+00
1.420000000000000000e+02 3.659854132676159111e+00
1.430000000000000000e+02 4.184457580147540767e+00
1.440000000000000000e+02 3.859811467693149645e+00
1.450000000000000000e+02 3.646211218853727676e+00
1.460000000000000000e+02 3.514300438177842878e+00
1.470000000000000000e+02 3.506904802864663218e+00
1.480000000000000000e+02 3.657628374040558406e+00
1.490000000000000000e+02 3.558484008642186502e+00
1.500000000000000000e+02 3.253225694118557776e+00
1.510000000000000000e+02 3.190135646252379775e+00
1.520000000000000000e+02 2.955791369538051772e+00
1.530000000000000000e+02 2.940129952143510916e+00
1.540000000000000000e+02 2.760382474621271065e+00
1.550000000000000000e+02 2.873385813360064933e+00
1.560000000000000000e+02 2.823759608061941151e+00
1.570000000000000000e+02 3.112535199965558608e+00
1.580000000000000000e+02 3.147303222711081094e+00
1.590000000000000000e+02 2.905257421844121613e+00
1.600000000000000000e+02 3.233859995835665746e+00
1.610000000000000000e+02 3.173165193489813962e+00
1.620000000000000000e+02 3.266868535082655178e+00
1.630000000000000000e+02 3.210937696540216546e+00
1.640000000000000000e+02 3.341088574661597033e+00
1.650000000000000000e+02 3.629148954218733181e+00
1.660000000000000000e+02 3.814226948280408980e+00
1.670000000000000000e+02 4.226006215076219874e+00
1.680000000000000000e+02 4.593086067326951571e+00
1.690000000000000000e+02 5.324104447288342534e+00
1.700000000000000000e+02 6.030482028272946771e+00
1.710000000000000000e+02 6.522022592122413975e+00
1.720000000000000000e+02 6.124020472492619049e+00
1.730000000000000000e+02 5.913292285599692555e+00
1.740000000000000000e+02 5.747841057487610428e+00
1.750000000000000000e+02 5.544582944312300476e+00
1.760000000000000000e+02 5.235525482204288039e+00
1.770000000000000000e+02 4.979013786239661954e+00
1.780000000000000000e+02 5.062388371013809341e+00
1.790000000000000000e+02 5.161680445061320732e+00
1.800000000000000000e+02 5.170953185627399584e+00
1.810000000000000000e+02 5.449467059454073947e+00
1.820000000000000000e+02 5.392888852964227375e+00
1.830000000000000000e+02 5.084353145939953578e+00
1.840000000000000000e+02 4.456896253933366303e+00
1.850000000000000000e+02 4.130887815375079875e+00
1.860000000000000000e+02 4.074966386910787719e+00
1.870000000000000000e+02 3.453042831677833657e+00
1.880000000000000000e+02 3.115504956121750713e+00
1.890000000000000000e+02 2.658679881016106972e+00
1.900000000000000000e+02 2.489133148108394256e+00
1.910000000000000000e+02 2.586536401243268113e+00
1.920000000000000000e+02 2.521498385402617171e+00
1.930000000000000000e+02 2.804563304911254384e+00
1.940000000000000000e+02 2.853228104069706283e+00
1.950000000000000000e+02 2.719303395805633627e+00
1.960000000000000000e+02 2.873296460082076287e+00
1.970000000000000000e+02 3.120763693756543056e+00
1.980000000000000000e+02 3.417163273047636451e+00
1.990000000000000000e+02 3.506203403030599297e+00
2.000000000000000000e+02 3.619662104887402698e+00
2.010000000000000000e+02 3.789761904902788636e+00
2.020000000000000000e+02 3.521141596726280021e+00
2.030000000000000000e+02 3.499800318710891922e+00
2.040000000000000000e+02 3.778592491833783207e+00
2.050000000000000000e+02 3.695351687985658717e+00
2.060000000000000000e+02 3.406519682621771850e+00
2.070000000000000000e+02 3.618909583606243263e+00
2.080000000000000000e+02 3.876922565504192342e+00
2.090000000000000000e+02 3.656554174900853216e+00
2.100000000000000000e+02 3.551599750107975684e+00
2.110000000000000000e+02 3.714988465286321428e+00
2.120000000000000000e+02 3.638601436265999300e+00
2.130000000000000000e+02 3.637353903175498893e+00
2.140000000000000000e+02 3.794062021075638391e+00
2.150000000000000000e+02 3.620052608818904893e+00
2.160000000000000000e+02 4.039007759064550562e+00
2.170000000000000000e+02 4.003745218856608723e+00
2.180000000000000000e+02 4.164303989666480632e+00
2.190000000000000000e+02 3.674547582452445837e+00
2.200000000000000000e+02 2.862301053019083330e+00
2.210000000000000000e+02 2.578959545686027699e+00
2.220000000000000000e+02 2.538289930413719642e+00
2.230000000000000000e+02 2.282497217074291207e+00
2.240000000000000000e+02 2.163855775855458852e+00
2.250000000000000000e+02 2.284028821962380551e+00
2.260000000000000000e+02 2.220241295109941948e+00
2.270000000000000000e+02 1.920066550350675305e+00
2.280000000000000000e+02 1.951069344696165553e+00
2.290000000000000000e+02 2.122543455259275458e+00
2.300000000000000000e+02 2.016529613754942218e+00
2.310000000000000000e+02 1.837560566492404845e+00
2.320000000000000000e+02 1.941325963255240206e+00
2.330000000000000000e+02 2.086402237642707380e+00
2.340000000000000000e+02 2.404440824278907041e+00
2.350000000000000000e+02 2.244178059033964612e+00
2.360000000000000000e+02 2.454983072637371588e+00
2.370000000000000000e+02 2.647711007700220165e+00
2.380000000000000000e+02 2.690410891929237103e+00
2.390000000000000000e+02 2.832365092907061843e+00
2.400000000000000000e+02 3.128369783216947475e+00
2.410000000000000000e+02 3.234767135508161306e+00
2.420000000000000000e+02 3.229632486618059239e+00
2.430000000000000000e+02 3.152330273676677841e+00
2.440000000000000000e+02 2.809288085197298557e+00
2.450000000000000000e+02 2.891114629981234696e+00
2.460000000000000000e+02 2.710855391870439224e+00
2.470000000000000000e+02 2.960451743593321527e+00
2.480000000000000000e+02 2.900884732456350701e+00
2.490000000000000000e+02 3.183166185026445216e+00
2.500000000000000000e+02 3.238391792393210178e+00
2.510000000000000000e+02 3.513719792475506587e+00
2.520000000000000000e+02 3.253969363683461680e+00
2.530000000000000000e+02 3.026567758863851765e+00
2.540000000000000000e+02 2.721634716452685954e+00
2.550000000000000000e+02 2.485335429310723931e+00
2.560000000000000000e+02 2.254443245382943495e+00
2.570000000000000000e+02 1.998925625144308382e+00
2.580000000000000000e+02 2.105312640241362665e+00
2.590000000000000000e+02 2.477287069590623947e+00
2.600000000000000000e+02 2.494127066194311126e+00
2.610000000000000000e+02 2.472771815584033472e+00
2.620000000000000000e+02 2.769206416167531160e+00
2.630000000000000000e+02 2.811019497996591010e+00
2.640000000000000000e+02 2.692216534647871917e+00
2.650000000000000000e+02 2.438151404857419546e+00
2.660000000000000000e+02 2.176218635276224944e+00
2.670000000000000000e+02 1.922033245334508145e+00
2.680000000000000000e+02 1.708936547867385913e+00
2.690000000000000000e+02 1.697810148179080603e+00
2.700000000000000000e+02 1.707376461883201912e+00
2.710000000000000000e+02 1.642256201056874643e+00
2.720000000000000000e+02 1.746892077257095277e+00
2.730000000000000000e+02 1.845239703140835630e+00
2.740000000000000000e+02 2.024114903976303115e+00
2.750000000000000000e+02 2.149637118395157476e+00
2.760000000000000000e+02 2.568282161444400913e+00
2.770000000000000000e+02 3.037067737456592642e+00
2.780000000000000000e+02 3.151209047371626770e+00
2.790000000000000000e+02 2.578035133508942423e+00
2.800000000000000000e+02 3.003294384279302509e+00
2.810000000000000000e+02 2.616707671304971061e+00
2.820000000000000000e+02 3.774459365047122983e+00
2.830000000000000000e+02 3.947618300516616774e+00
2.840000000000000000e+02 5.283779400006181959e+00
2.850000000000000000e+02 4.823510820193986248e+00
2.860000000000000000e+02 2.585144919043966816e+00
2.870000000000000000e+02 2.110247782801223604e+00
2.880000000000000000e+02 2.061555726671009836e+00
2.890000000000000000e+02 2.005089913078396791e+00
2.900000000000000000e+02 1.889884426903796877e+00
2.910000000000000000e+02 1.900148198935520005e+00
2.920000000000000000e+02 2.043513460006541660e+00
2.930000000000000000e+02 1.814392126661072524e+00
2.940000000000000000e+02 1.625994488253900805e+00
2.950000000000000000e+02 1.845865809864444040e+00
2.960000000000000000e+02 1.935341380412016976e+00
2.970000000000000000e+02 1.734903921852195552e+00
2.980000000000000000e+02 1.758313145719449411e+00
2.990000000000000000e+02 2.027296828014173435e+00
3.000000000000000000e+02 2.085415642151787541e+00
3.010000000000000000e+02 1.968982421222886359e+00
3.020000000000000000e+02 2.059865567679125764e+00
3.030000000000000000e+02 2.338545678724208265e+00
3.040000000000000000e+02 2.424668830121603946e+00
3.050000000000000000e+02 2.666228130025331655e+00
3.060000000000000000e+02 2.684534397681913820e+00
3.070000000000000000e+02 2.991422464340006915e+00
3.080000000000000000e+02 3.069559426813985858e+00
3.090000000000000000e+02 3.394674110213613094e+00
3.100000000000000000e+02 3.502990572813126313e+00
3.110000000000000000e+02 3.837810975542221836e+00
3.120000000000000000e+02 4.035362843509730624e+00
3.130000000000000000e+02 3.970798717730878113e+00
3.140000000000000000e+02 3.572346745109974187e+00
3.150000000000000000e+02 3.560080580626671320e+00
3.160000000000000000e+02 3.480081749740267405e+00
3.170000000000000000e+02 3.142057607496111515e+00
3.180000000000000000e+02 2.987317958524976280e+00
3.190000000000000000e+02 3.152814110001275427e+00
3.200000000000000000e+02 2.995454846000201066e+00
3.210000000000000000e+02 2.681113948258706081e+00
3.220000000000000000e+02 2.764383134338752601e+00
3.230000000000000000e+02 2.872663404186150959e+00
3.240000000000000000e+02 2.542250007677933077e+00
3.250000000000000000e+02 2.401230203972473110e+00
3.260000000000000000e+02 2.555324028453683560e+00
3.270000000000000000e+02 2.702215747096951670e+00
3.280000000000000000e+02 2.782355340747916461e+00
3.290000000000000000e+02 3.115020614616260897e+00
3.300000000000000000e+02 3.296479911852818745e+00
3.310000000000000000e+02 3.610299705048314323e+00
3.320000000000000000e+02 3.851658364663995027e+00
3.330000000000000000e+02 4.040574307008353294e+00
3.340000000000000000e+02 4.490728953496640585e+00
3.350000000000000000e+02 4.901309962632677930e+00
3.360000000000000000e+02 4.772570804113651199e+00
3.370000000000000000e+02 4.374695533685170723e+00
3.380000000000000000e+02 4.565323295162425410e+00
3.390000000000000000e+02 4.393971487839276158e+00
3.400000000000000000e+02 4.024935814192219574e+00
3.410000000000000000e+02 4.184379279011420039e+00
3.420000000000000000e+02 4.260474913195743341e+00
3.430000000000000000e+02 3.882374675961513422e+00
3.440000000000000000e+02 3.673892466651719424e+00
3.450000000000000000e+02 3.911260932341284136e+00
3.460000000000000000e+02 3.895636584731267504e+00
3.470000000000000000e+02 3.533115856472147875e+00
3.480000000000000000e+02 3.501649219862242646e+00
3.490000000000000000e+02 3.718112116307529025e+00
3.500000000000000000e+02 3.602056805593733646e+00
3.510000000000000000e+02 3.405258161610444478e+00
3.520000000000000000e+02 3.435235525603886231e+00
3.530000000000000000e+02 3.004230507689839236e+00
3.540000000000000000e+02 2.633314074004268868e+00
3.550000000000000000e+02 2.510188545057408405e+00
3.560000000000000000e+02 2.430297146709345490e+00
3.570000000000000000e+02 2.290974505703640141e+00
3.580000000000000000e+02 2.233021519308107106e+00
3.590000000000000000e+02 2.142343972119774342e+00
3.600000000000000000e+02 2.149229420326564721e+00
3.610000000000000000e+02 2.123607758656091971e+00
3.620000000000000000e+02 2.013498918826949868e+00
3.630000000000000000e+02 1.987802240976331403e+00
3.640000000000000000e+02 1.960479757280469748e+00
3.650000000000000000e+02 1.946928441358059869e+00
3.660000000000000000e+02 1.968920529435074229e+00
3.670000000000000000e+02 2.061730614642177439e+00
3.680000000000000000e+02 2.127805462843573192e+00
3.690000000000000000e+02 2.226025534683389928e+00
3.700000000000000000e+02 2.310223194530419910e+00
3.710000000000000000e+02 2.460684140328983194e+00
3.720000000000000000e+02 2.643615798230683378e+00
3.730000000000000000e+02 3.175539825162918550e+00
3.740000000000000000e+02 3.042534159703722541e+00
3.750000000000000000e+02 3.486812266767646218e+00
3.760000000000000000e+02 3.366971380007841574e+00
3.770000000000000000e+02 4.199982703742701773e+00
3.780000000000000000e+02 3.605397381695489400e+00
3.790000000000000000e+02 3.147167426294354975e+00
3.800000000000000000e+02 2.886198064317994305e+00
3.810000000000000000e+02 2.625130650239060337e+00
3.820000000000000000e+02 2.554997703967729183e+00
3.830000000000000000e+02 2.538533722990458763e+00
3.840000000000000000e+02 2.431906447509199598e+00
3.850000000000000000e+02 2.486256062786571963e+00
3.860000000000000000e+02 2.758058643372797381e+00
3.870000000000000000e+02 2.953748905654599799e+00
3.880000000000000000e+02 3.275475547336509141e+00
3.890000000000000000e+02 3.075270804416566861e+00
3.900000000000000000e+02 3.271786091355547654e+00
3.910000000000000000e+02 3.325297305274197424e+00
3.920000000000000000e+02 3.390458144421166331e+00
3.930000000000000000e+02 3.281272679680276028e+00
3.940000000000000000e+02 3.087123972930807536e+00
3.950000000000000000e+02 2.883823904650543390e+00
3.960000000000000000e+02 2.756151982276796808e+00
3.970000000000000000e+02 2.550753619913568748e+00
3.980000000000000000e+02 2.508339046716596688e+00
3.990000000000000000e+02 2.366857682007375008e+00
4.000000000000000000e+02 2.318305702419436454e+00
4.010000000000000000e+02 2.202937032260032346e+00
4.020000000000000000e+02 2.161276280949180340e+00
4.030000000000000000e+02 2.047903799642453837e+00
4.040000000000000000e+02 2.047625368374127675e+00
4.050000000000000000e+02 2.095458759637576662e+00
4.060000000000000000e+02 2.092581780675974112e+00
4.070000000000000000e+02 2.029026239475067328e+00
4.080000000000000000e+02 2.374719145970218825e+00
4.090000000000000000e+02 2.576625133186045691e+00
4.100000000000000000e+02 2.466423621677430233e+00
4.110000000000000000e+02 2.328046959490587486e+00
4.120000000000000000e+02 2.192824086381544912e+00
4.130000000000000000e+02 2.224122298135776887e+00
4.140000000000000000e+02 2.171901455163530059e+00
4.150000000000000000e+02 2.240520824645249043e+00
4.160000000000000000e+02 2.334788105515376522e+00
4.170000000000000000e+02 2.533683858819575807e+00
4.180000000000000000e+02 2.369010293593687422e+00
4.190000000000000000e+02 2.394244791794780003e+00
4.200000000000000000e+02 2.679779217893437426e+00
4.210000000000000000e+02 2.572070380390894417e+00
4.220000000000000000e+02 2.712688527183128251e+00
4.230000000000000000e+02 2.588943889317630642e+00
4.240000000000000000e+02 2.568157233476329626e+00
4.250000000000000000e+02 2.567136200475403474e+00
4.260000000000000000e+02 2.420216933258947378e+00
4.270000000000000000e+02 2.365831473608899227e+00
4.280000000000000000e+02 2.369224704823982286e+00
4.290000000000000000e+02 2.263056315510438843e+00
4.300000000000000000e+02 2.305630444209974428e+00
4.310000000000000000e+02 2.248067531369495775e+00
4.320000000000000000e+02 2.420721618706186629e+00
4.330000000000000000e+02 2.446425851043361188e+00
4.340000000000000000e+02 2.928430336072722184e+00
4.350000000000000000e+02 2.724934870340156134e+00
4.360000000000000000e+02 3.569582726827998709e+00
4.370000000000000000e+02 3.094282689702769318e+00
4.380000000000000000e+02 3.413161329130771637e+00
4.390000000000000000e+02 4.577206176772874002e+00
4.400000000000000000e+02 5.314116591103666742e+00
4.410000000000000000e+02 5.236172065816959709e+00
4.420000000000000000e+02 5.013162177456391255e+00
4.430000000000000000e+02 5.187391640609660293e+00
4.440000000000000000e+02 4.410610597856774895e+00
4.450000000000000000e+02 4.150780079433253889e+00
4.460000000000000000e+02 3.775134206345928334e+00
4.470000000000000000e+02 3.482681455418291883e+00
4.480000000000000000e+02 3.389456334341900856e+00
4.490000000000000000e+02 3.923243876726991708e+00
4.500000000000000000e+02 4.507192290587753725e+00
4.510000000000000000e+02 4.043759118078414261e+00
4.520000000000000000e+02 3.534019146142620027e+00
4.530000000000000000e+02 3.583202407280233537e+00
4.540000000000000000e+02 3.252462049969115476e+00
4.550000000000000000e+02 2.886294376644074955e+00
4.560000000000000000e+02 3.034228200262438779e+00
4.570000000000000000e+02 2.934201054594751223e+00
4.580000000000000000e+02 2.872101602457325153e+00
4.590000000000000000e+02 2.861983252534439082e+00
4.600000000000000000e+02 2.991320913776581047e+00
4.610000000000000000e+02 3.312591582008285407e+00
4.620000000000000000e+02 3.665391664673764094e+00
4.630000000000000000e+02 3.364826131865557901e+00
4.640000000000000000e+02 3.578291557935891820e+00
4.650000000000000000e+02 3.911454509451050665e+00
4.660000000000000000e+02 4.607259315883155182e+00
4.670000000000000000e+02 5.811909922801936190e+00
4.680000000000000000e+02 6.556734163640669522e+00
4.690000000000000000e+02 6.650419742337366991e+00
4.700000000000000000e+02 6.632306365780556767e+00
4.710000000000000000e+02 5.572322086498263438e+00
4.720000000000000000e+02 6.245937952090717893e+00
4.730000000000000000e+02 5.801958200664086185e+00
4.740000000000000000e+02 5.542454718977555927e+00
4.750000000000000000e+02 5.951006977902782324e+00
4.760000000000000000e+02 7.043616697760255008e+00
4.770000000000000000e+02 8.353249556076894677e+00
4.780000000000000000e+02 8.272256300019924069e+00
4.790000000000000000e+02 7.316748124801916831e+00
4.800000000000000000e+02 6.781499707208153538e+00
4.810000000000000000e+02 5.785869717521209488e+00
4.820000000000000000e+02 5.004940597983041251e+00
4.830000000000000000e+02 4.594720690347736891e+00
4.840000000000000000e+02 3.863520671512319371e+00
4.850000000000000000e+02 3.286166176745989542e+00
4.860000000000000000e+02 2.901061896466801571e+00
4.870000000000000000e+02 3.039871418096845357e+00
4.880000000000000000e+02 3.473174977315119261e+00
4.890000000000000000e+02 3.156776916232475472e+00
4.900000000000000000e+02 3.633267147056552293e+00
4.910000000000000000e+02 3.278354217030162499e+00
4.920000000000000000e+02 2.872826093325464569e+00
4.930000000000000000e+02 2.554057911321526486e+00
4.940000000000000000e+02 2.709881559495189940e+00
4.950000000000000000e+02 2.461370203474217533e+00
4.960000000000000000e+02 2.478418811681793343e+00
4.970000000000000000e+02 2.321857549595143233e+00
4.980000000000000000e+02 2.255953796752579343e+00
4.990000000000000000e+02 2.398565774597767764e+00
5.000000000000000000e+02 2.692897714052352676e+00
5.010000000000000000e+02 2.779268274171304842e+00
5.020000000000000000e+02 2.962473061383986916e+00
5.030000000000000000e+02 3.211873668329774834e+00
5.040000000000000000e+02 3.112348680850151705e+00
5.050000000000000000e+02 2.667929515216361125e+00
5.060000000000000000e+02 2.462702148455716777e+00
5.070000000000000000e+02 2.430463598541722892e+00
5.080000000000000000e+02 2.220564214799247704e+00
5.090000000000000000e+02 2.291124457936225767e+00
5.100000000000000000e+02 2.306267622888895197e+00
5.110000000000000000e+02 2.742663708404839529e+00
5.120000000000000000e+02 2.727984266805404179e+00
5.130000000000000000e+02 2.688739669700184631e+00
5.140000000000000000e+02 2.311048327533280045e+00
5.150000000000000000e+02 2.297784917669027038e+00
5.160000000000000000e+02 2.029411010547232053e+00
5.170000000000000000e+02 2.038686387949054435e+00
5.180000000000000000e+02 2.074349798621915042e+00
5.190000000000000000e+02 2.306602225595241862e+00
5.200000000000000000e+02 2.284190365584381155e+00
5.210000000000000000e+02 2.059771965525415194e+00
5.220000000000000000e+02 2.027922564586436494e+00
5.230000000000000000e+02 1.871128321789267357e+00
5.240000000000000000e+02 2.015430300296852995e+00
5.250000000000000000e+02 2.183718389861188935e+00
5.260000000000000000e+02 2.461285798169015049e+00
5.270000000000000000e+02 2.499920839507005610e+00
5.280000000000000000e+02 2.186037086868198642e+00
5.290000000000000000e+02 2.229988975669973339e+00
5.300000000000000000e+02 2.270273300977232012e+00
5.310000000000000000e+02 2.184961605531394735e+00
5.320000000000000000e+02 2.487184246302018398e+00
5.330000000000000000e+02 2.384161555767065455e+00
5.340000000000000000e+02 2.182136657853262385e+00
5.350000000000000000e+02 2.159413692606467539e+00
5.360000000000000000e+02 2.066675247568281470e+00
5.370000000000000000e+02 2.198769789942690345e+00
5.380000000000000000e+02 2.420139414537604505e+00
5.390000000000000000e+02 2.418682522330978468e+00
5.400000000000000000e+02 2.208107296942314779e+00
5.410000000000000000e+02 2.137841719341087909e+00
5.420000000000000000e+02 2.008029646413390434e+00
5.430000000000000000e+02 2.000530027789139798e+00
5.440000000000000000e+02 1.928362734942056678e+00
5.450000000000000000e+02 2.121817933685077762e+00
5.460000000000000000e+02 1.994426707346042216e+00
5.470000000000000000e+02 1.970090064544570252e+00
5.480000000000000000e+02 1.972513892000359315e+00
5.490000000000000000e+02 2.022753361205285483e+00
5.500000000000000000e+02 2.132963696091345174e+00
5.510000000000000000e+02 2.278031418321547985e+00
5.520000000000000000e+02 2.325002273851567214e+00
5.530000000000000000e+02 2.183374959716358532e+00
5.540000000000000000e+02 2.233262790264438191e+00
5.550000000000000000e+02 2.288752844212064819e+00
5.560000000000000000e+02 2.244700769003463936e+00
5.570000000000000000e+02 2.119750425713592179e+00
5.580000000000000000e+02 2.101583539407848811e+00
5.590000000000000000e+02 2.276682968281847241e+00
5.600000000000000000e+02 2.316709753863718024e+00
5.610000000000000000e+02 2.371646804828274835e+00
5.620000000000000000e+02 2.549922349860991755e+00
5.630000000000000000e+02 2.593073373624933176e+00
5.640000000000000000e+02 2.819681819047274551e+00
5.650000000000000000e+02 2.868146137338450696e+00
5.660000000000000000e+02 2.753781493949469361e+00
5.670000000000000000e+02 2.951632447502790413e+00
5.680000000000000000e+02 3.195261020576445787e+00
5.690000000000000000e+02 3.342986147444952927e+00
5.700000000000000000e+02 3.677053512680209746e+00
5.710000000000000000e+02 3.666366614577174055e+00
5.720000000000000000e+02 3.545128090355925909e+00
5.730000000000000000e+02 3.329300581025311789e+00
5.740000000000000000e+02 3.230759577333212729e+00
5.750000000000000000e+02 3.232586332683810681e+00
5.760000000000000000e+02 3.463005585260140240e+00
5.770000000000000000e+02 3.671344084610471903e+00
5.780000000000000000e+02 3.618409004176530885e+00
5.790000000000000000e+02 3.389581508340283822e+00
5.800000000000000000e+02 3.194371522141707054e+00
5.810000000000000000e+02 2.936307750308694065e+00
5.820000000000000000e+02 2.731899634020913403e+00
5.830000000000000000e+02 2.549339784140833398e+00
5.840000000000000000e+02 2.630493521527646816e+00
5.850000000000000000e+02 2.685581658036499508e+00
5.860000000000000000e+02 2.924897190438391803e+00
5.870000000000000000e+02 3.082943970662420430e+00
5.880000000000000000e+02 3.451833706837877713e+00
5.890000000000000000e+02 3.509382791531522994e+00
5.900000000000000000e+02 3.878184392298658079e+00
5.910000000000000000e+02 4.085115798378806673e+00
5.920000000000000000e+02 4.276236179789789205e+00
5.930000000000000000e+02 4.103470427317071234e+00
5.940000000000000000e+02 4.056634430208625020e+00
5.950000000000000000e+02 4.179105665196378716e+00
5.960000000000000000e+02 4.424668792370927584e+00
5.970000000000000000e+02 4.021081555824935982e+00
5.980000000000000000e+02 3.860574765022714683e+00
5.990000000000000000e+02 3.845463220071591692e+00
6.000000000000000000e+02 4.042984510043648783e+00
6.010000000000000000e+02 4.127126845570842306e+00
6.020000000000000000e+02 4.410114434471853251e+00
6.030000000000000000e+02 4.486971820958985724e+00
6.040000000000000000e+02 4.373490974420127131e+00
6.050000000000000000e+02 4.467070924769599216e+00
6.060000000000000000e+02 4.229207435403485427e+00
6.070000000000000000e+02 4.144040580387635231e+00
6.080000000000000000e+02 3.928986564188352570e+00
6.090000000000000000e+02 3.906326594373646710e+00
6.100000000000000000e+02 3.997298252133994367e+00
6.110000000000000000e+02 3.759225097197660848e+00
6.120000000000000000e+02 3.629602730772697239e+00
6.130000000000000000e+02 3.543403206692736340e+00
6.140000000000000000e+02 3.543816915657469035e+00
6.150000000000000000e+02 3.464934972783251244e+00
6.160000000000000000e+02 3.423687954527561139e+00
6.170000000000000000e+02 3.498205513779406584e+00
6.180000000000000000e+02 3.540740612104356977e+00
6.190000000000000000e+02 3.449541995018678531e+00
6.200000000000000000e+02 3.436693920211740139e+00
6.210000000000000000e+02 3.564075241836598185e+00
6.220000000000000000e+02 3.693168322732417241e+00
6.230000000000000000e+02 3.859018618879601181e+00
6.240000000000000000e+02 4.019612991845120220e+00
6.250000000000000000e+02 3.857280587447157405e+00
6.260000000000000000e+02 3.712831337045416458e+00
6.270000000000000000e+02 3.943066207391855205e+00
6.280000000000000000e+02 4.057660326220353220e+00
6.290000000000000000e+02 3.964091457481555114e+00
6.300000000000000000e+02 3.930482725285915802e+00
6.310000000000000000e+02 3.767212657976935386e+00
6.320000000000000000e+02 3.978227936332074943e+00
6.330000000000000000e+02 4.160774492515610490e+00
6.340000000000000000e+02 3.967557286154857810e+00
6.350000000000000000e+02 3.944609869635294253e+00
6.360000000000000000e+02 4.194063274524371998e+00
6.370000000000000000e+02 4.110901517668829719e+00
6.380000000000000000e+02 4.080876234696331650e+00
6.390000000000000000e+02 3.885823119069913290e+00
6.400000000000000000e+02 3.864860949171914584e+00
6.410000000000000000e+02 3.800881320857255385e+00
6.420000000000000000e+02 3.898187713922723674e+00
6.430000000000000000e+02 3.932432316892596535e+00
6.440000000000000000e+02 4.009651140400189107e+00
6.450000000000000000e+02 4.060417104025499491e+00
6.460000000000000000e+02 4.457492580927286951e+00
6.470000000000000000e+02 4.800685587712940183e+00
6.480000000000000000e+02 5.219474869142936235e+00
6.490000000000000000e+02 5.734273269856691613e+00
6.500000000000000000e+02 6.196561402659539475e+00
6.510000000000000000e+02 5.255404317474077658e+00
6.520000000000000000e+02 4.571405235936969014e+00
6.530000000000000000e+02 4.312605775542516895e+00
6.540000000000000000e+02 4.110237182178877902e+00
6.550000000000000000e+02 3.899880914900497597e+00
6.560000000000000000e+02 3.772165527954987940e+00
6.570000000000000000e+02 3.700830701029605763e+00
6.580000000000000000e+02 3.670971377345342734e+00
6.590000000000000000e+02 3.578016580299431482e+00
6.600000000000000000e+02 3.714869204818502357e+00
6.610000000000000000e+02 3.699515662381666292e+00
6.620000000000000000e+02 3.755577197021650271e+00
6.630000000000000000e+02 3.567998386072195327e+00
6.640000000000000000e+02 3.594588751756137679e+00
6.650000000000000000e+02 3.539520447881666865e+00
6.660000000000000000e+02 3.649657025080091710e+00
6.670000000000000000e+02 3.720755951100761738e+00
6.680000000000000000e+02 3.967888274789023839e+00
6.690000000000000000e+02 4.050688485949537565e+00
6.700000000000000000e+02 4.381004737358931145e+00
6.710000000000000000e+02 4.579950852196098765e+00
6.720000000000000000e+02 4.959920106024196862e+00
6.730000000000000000e+02 5.805128312293104997e+00
6.740000000000000000e+02 5.782568331155540697e+00
6.750000000000000000e+02 5.638544262255807737e+00
6.760000000000000000e+02 4.925799423115061693e+00
6.770000000000000000e+02 4.393183320852888762e+00
6.780000000000000000e+02 4.175667853266419982e+00
6.790000000000000000e+02 3.928271112796398512e+00
6.800000000000000000e+02 3.852254371046064829e+00
6.810000000000000000e+02 3.655488852234004327e+00
6.820000000000000000e+02 3.655584827187376096e+00
6.830000000000000000e+02 3.629673978523789479e+00
6.840000000000000000e+02 3.610452452272208568e+00
6.850000000000000000e+02 3.534023776221210777e+00
6.860000000000000000e+02 3.600707520292884656e+00
6.870000000000000000e+02 3.612695980602311341e+00
6.880000000000000000e+02 3.748370085689201048e+00
6.890000000000000000e+02 3.589875244947316801e+00
6.900000000000000000e+02 3.720168096042001160e+00
6.910000000000000000e+02 3.539502518987356794e+00
6.920000000000000000e+02 3.683028732176034215e+00
6.930000000000000000e+02 3.504278238677211110e+00
6.940000000000000000e+02 3.759015861443857354e+00
6.950000000000000000e+02 3.499181115895367178e+00
6.960000000000000000e+02 3.146520365004769726e+00
6.970000000000000000e+02 3.476036932914090549e+00
6.980000000000000000e+02 3.650710626406453052e+00
6.990000000000000000e+02 3.264288048473280135e+00
7.000000000000000000e+02 3.377648704553890990e+00
7.010000000000000000e+02 3.825889035680827277e+00
7.020000000000000000e+02 3.695106737286419474e+00
7.030000000000000000e+02 3.458706246230023762e+00
7.040000000000000000e+02 3.896029975541023482e+00
7.050000000000000000e+02 4.143588496142370126e+00
7.060000000000000000e+02 3.921944835250807060e+00
7.070000000000000000e+02 3.958977155677322557e+00
7.080000000000000000e+02 4.431370931573454186e+00
7.090000000000000000e+02 4.568964019712747238e+00
7.100000000000000000e+02 4.447232184710186331e+00
7.110000000000000000e+02 4.783491035909756661e+00
7.120000000000000000e+02 5.155186777440828649e+00
7.130000000000000000e+02 5.130200512744883312e+00
7.140000000000000000e+02 5.233041697121462832e+00
7.150000000000000000e+02 5.650279730671109668e+00
7.160000000000000000e+02 5.900745800622405390e+00
7.170000000000000000e+02 5.974307969681059483e+00
7.180000000000000000e+02 6.211099442018601202e+00
7.190000000000000000e+02 6.573290802513920283e+00
7.200000000000000000e+02 6.776023388955198179e+00
7.210000000000000000e+02 6.892088416077306157e+00
7.220000000000000000e+02 7.187969894713869934e+00
7.230000000000000000e+02 7.505210706494196415e+00
7.240000000000000000e+02 7.703798515571294914e+00
7.250000000000000000e+02 7.867997285684704245e+00
7.260000000000000000e+02 8.182715314710685917e+00
7.270000000000000000e+02 8.493064985481542095e+00
7.280000000000000000e+02 8.708478133112054209e+00
7.290000000000000000e+02 8.972012465272872106e+00
7.300000000000000000e+02 9.248492321253708681e+00
7.310000000000000000e+02 9.544668222461840656e+00
7.320000000000000000e+02 9.693561668732986192e+00
7.330000000000000000e+02 1.003406164138691814e+01
7.340000000000000000e+02 1.033376944030630895e+01
7.350000000000000000e+02 1.056061945633615551e+01
7.360000000000000000e+02 1.083111062596810115e+01
7.370000000000000000e+02 1.109442928514457094e+01
7.380000000000000000e+02 1.137031028778549846e+01
7.390000000000000000e+02 1.162408984744656948e+01
7.400000000000000000e+02 1.193930423598025925e+01
7.410000000000000000e+02 1.217427763749172875e+01
7.420000000000000000e+02 1.198246499054002712e+01
7.430000000000000000e+02 1.241879689843376866e+01
7.440000000000000000e+02 1.223515491004493683e+01
7.450000000000000000e+02 1.292779620046005640e+01
7.460000000000000000e+02 1.394248006001149598e+01
7.470000000000000000e+02 1.471753670402094372e+01
7.480000000000000000e+02 1.494124432535978819e+01
7.490000000000000000e+02 1.486758207351128291e+01
7.500000000000000000e+02 1.392164647265248867e+01
7.510000000000000000e+02 1.306844270504976002e+01
7.520000000000000000e+02 1.205700396833931975e+01
7.530000000000000000e+02 1.130179018628105325e+01
7.540000000000000000e+02 1.081444199050785571e+01
7.550000000000000000e+02 1.027254083274557139e+01
7.560000000000000000e+02 9.839625042212658101e+00
7.570000000000000000e+02 9.845169867883782899e+00
7.580000000000000000e+02 9.598230184238694562e+00
7.590000000000000000e+02 9.016453686321222349e+00
7.600000000000000000e+02 9.083408124362788882e+00
7.610000000000000000e+02 8.805959269927573274e+00
7.620000000000000000e+02 9.309906656202707964e+00
