# Residue RMSF(Ang)
1.000000000000000000e+00 2.584862784568164873e+00
2.000000000000000000e+00 2.595788820127369778e+00
3.000000000000000000e+00 2.534366946215824701e+00
4.000000000000000000e+00 2.618319503341974386e+00
5.000000000000000000e+00 2.504596611396292527e+00
6.000000000000000000e+00 2.780849063196332516e+00
7.000000000000000000e+00 2.868232588258526228e+00
8.000000000000000000e+00 2.680929322863468744e+00
9.000000000000000000e+00 2.797352147204593908e+00
1.000000000000000000e+01 2.723408247528617210e+00
1.100000000000000000e+01 2.803634482783137649e+00
1.200000000000000000e+01 2.884401455489791655e+00
1.300000000000000000e+01 2.920702611767336698e+00
1.400000000000000000e+01 3.098790344074608072e+00
1.500000000000000000e+01 2.968164961021837467e+00
1.600000000000000000e+01 2.674826060505269165e+00
1.700000000000000000e+01 2.694166572979596275e+00
1.800000000000000000e+01 2.392330524002423520e+00
1.900000000000000000e+01 2.494540784661724242e+00
2.000000000000000000e+01 2.336524431511401545e+00
2.100000000000000000e+01 2.219105606043182632e+00
2.200000000000000000e+01 2.339387345644771354e+00
2.300000000000000000e+01 2.485054122243742558e+00
2.400000000000000000e+01 2.672371813212591984e+00
2.500000000000000000e+01 2.889901856992850515e+00
2.600000000000000000e+01 3.132434730637668974e+00
2.700000000000000000e+01 3.438180213070856528e+00
2.800000000000000000e+01 3.975058004338386297e+00
2.900000000000000000e+01 4.399953908851026441e+00
3.000000000000000000e+01 4.821504928142066326e+00
3.100000000000000000e+01 4.758768412416405802e+00
3.200000000000000000e+01 4.415055825848924087e+00
3.300000000000000000e+01 3.990489506015328924e+00
3.400000000000000000e+01 3.445849268587083625e+00
3.500000000000000000e+01 3.191837521933087896e+00
3.600000000000000000e+01 2.928651871568277443e+00
3.700000000000000000e+01 2.809121720540569189e+00
3.800000000000000000e+01 2.624464240020498718e+00
3.900000000000000000e+01 2.562701568540227015e+00
4.000000000000000000e+01 2.563566726723631728e+00
4.100000000000000000e+01 2.553567221192025727e+00
4.200000000000000000e+01 2.653325682744303027e+00
4.300000000000000000e+01 2.878312135569887520e+00
4.400000000000000000e+01 3.231035664051375988e+00
4.500000000000000000e+01 3.414159747666689171e+00
4.600000000000000000e+01 4.037017080137816905e+00
4.700000000000000000e+01 3.934225511341739256e+00
4.800000000000000000e+01 4.239121644231896191e+00
4.900000000000000000e+01 4.134188538136304381e+00
5.000000000000000000e+01 3.579032265973509208e+00
5.100000000000000000e+01 3.314637506606591177e+00
5.200000000000000000e+01 3.000675029700842433e+00
5.300000000000000000e+01 3.037020141745731650e+00
5.400000000000000000e+01 2.815444565142547262e+00
5.500000000000000000e+01 2.888634868227172525e+00
5.600000000000000000e+01 2.854097906799857753e+00
5.700000000000000000e+01 2.941631808215112276e+00
5.800000000000000000e+01 3.091504414938154088e+00
5.900000000000000000e+01 3.095397679668578039e+00
6.000000000000000000e+01 3.290647422089904683e+00
6.100000000000000000e+01 3.580569408809771037e+00
6.200000000000000000e+01 4.117812902862147517e+00
6.300000000000000000e+01 3.910887119704463899e+00
6.400000000000000000e+01 4.100941829671909566e+00
6.500000000000000000e+01 3.818987713850277466e+00
6.600000000000000000e+01 3.383045661312618080e+00
6.700000000000000000e+01 3.172342480488685279e+00
6.800000000000000000e+01 3.338593325922715849e+00
6.900000000000000000e+01 3.261090116074428114e+00
7.000000000000000000e+01 3.272914403822542173e+00
7.100000000000000000e+01 3.528103249076760761e+00
7.200000000000000000e+01 3.497476773581120302e+00
7.300000000000000000e+01 3.845318286360472904e+00
7.400000000000000000e+01 3.957500139653700622e+00
7.500000000000000000e+01 4.027477740248855298e+00
7.600000000000000000e+01 4.602063286169686407e+00
7.700000000000000000e+01 4.772212541569664346e+00
7.800000000000000000e+01 4.325989972596681277e+00
7.900000000000000000e+01 4.636980954231734842e+00
8.000000000000000000e+01 5.082765802949376521e+00
8.100000000000000000e+01 6.032746925427465712e+00
8.200000000000000000e+01 5.460408277064892069e+00
8.300000000000000000e+01 4.994296839600447235e+00
8.400000000000000000e+01 4.448387178951055176e+00
8.500000000000000000e+01 4.096720755390007795e+00
8.600000000000000000e+01 3.851583130011074108e+00
8.700000000000000000e+01 3.591898133386655534e+00
8.800000000000000000e+01 3.422928538820594113e+00
8.900000000000000000e+01 3.340761139908489330e+00
9.000000000000000000e+01 3.153492788108423817e+00
9.100000000000000000e+01 2.862799249600707974e+00
9.200000000000000000e+01 2.829523777963727227e+00
9.300000000000000000e+01 2.624610857276227005e+00
9.400000000000000000e+01 2.751860166877167835e+00
9.500000000000000000e+01 2.645611932828218826e+00
9.600000000000000000e+01 2.441522190957811755e+00
9.700000000000000000e+01 2.535882328593769053e+00
9.800000000000000000e+01 2.668412905498354526e+00
9.900000000000000000e+01 2.800804641958454688e+00
1.000000000000000000e+02 3.010132969101313449e+00
1.010000000000000000e+02 3.230225851664263903e+00
1.020000000000000000e+02 3.529601231873902734e+00
1.030000000000000000e+02 3.614541419232294661e+00
1.040000000000000000e+02 3.424695320840438928e+00
1.050000000000000000e+02 3.196762907587105129e+00
1.060000000000000000e+02 3.063854092845912369e+00
1.070000000000000000e+02 2.876030298068007696e+00
1.080000000000000000e+02 2.810932389958319622e+00
1.090000000000000000e+02 2.768209076123552936e+00
1.100000000000000000e+02 2.698283532814210961e+00
1.110000000000000000e+02 2.724002676986988725e+00
1.120000000000000000e+02 2.959206618913270415e+00
1.130000000000000000e+02 3.131267037704064560e+00
1.140000000000000000e+02 3.409820165093684796e+00
1.150000000000000000e+02 3.712713684501817379e+00
1.160000000000000000e+02 3.887645729511394421e+00
1.170000000000000000e+02 4.411456417911646000e+00
1.180000000000000000e+02 4.650539358772474152e+00
1.190000000000000000e+02 4.152065967535167879e+00
1.200000000000000000e+02 4.102280521528890667e+00
1.210000000000000000e+02 3.755089026995337420e+00
1.220000000000000000e+02 3.493769085915254813e+00
1.230000000000000000e+02 3.216147571574570652e+00
1.240000000000000000e+02 2.983044470926448533e+00
1.250000000000000000e+02 3.085962936705463289e+00
1.260000000000000000e+02 2.940314797872995545e+00
1.270000000000000000e+02 3.047613573776573936e+00
1.280000000000000000e+02 3.033923628596712607e+00
1.290000000000000000e+02 3.173259239850678259e+00
1.300000000000000000e+02 3.277257439389526628e+00
1.310000000000000000e+02 3.458933428127757281e+00
1.320000000000000000e+02 3.716018973417033244e+00
1.330000000000000000e+02 3.959870153801085202e+00
1.340000000000000000e+02 4.096417056994107853e+00
1.350000000000000000e+02 3.960172412823053101e+00
1.360000000000000000e+02 3.636422973944063219e+00
1.370000000000000000e+02 3.539055586657313679e+00
1.380000000000000000e+02 3.437373246263305315e+00
1.390000000000000000e+02 3.356659902371806670e+00
1.400000000000000000e+02 3.322532142373212594e+00
1.410000000000000000e+02 3.208790633357861743e+00
1.420000000000000000e+02 3.341262682034203735e+00
1.430000000000000000e+02 3.694109181785674600e+00
1.440000000000000000e+02 4.180477765000810031e+00
1.450000000000000000e+02 4.082356925121094271e+00
1.460000000000000000e+02 4.578918286969908991e+00
1.470000000000000000e+02 4.607585882097147589e+00
1.480000000000000000e+02 4.824126612687860138e+00
1.490000000000000000e+02 5.082212001045509631e+00
1.500000000000000000e+02 5.346259615166050416e+00
1.510000000000000000e+02 5.050336665707479966e+00
1.520000000000000000e+02 3.952402588180210952e+00
1.530000000000000000e+02 3.428833550954184073e+00
1.540000000000000000e+02 3.184307442843444580e+00
1.550000000000000000e+02 3.050153090166606962e+00
1.560000000000000000e+02 2.814683498439920495e+00
1.570000000000000000e+02 2.935569163492627975e+00
1.580000000000000000e+02 2.796417259347680595e+00
1.590000000000000000e+02 2.558558359616937228e+00
1.600000000000000000e+02 2.528433011631009641e+00
1.610000000000000000e+02 2.744686624049026857e+00
1.620000000000000000e+02 2.886523442748922808e+00
1.630000000000000000e+02 3.131660184150087733e+00
1.640000000000000000e+02 3.322594525735559579e+00
1.650000000000000000e+02 3.510503442482992398e+00
1.660000000000000000e+02 3.754657383535717763e+00
1.670000000000000000e+02 3.676172692145551757e+00
1.680000000000000000e+02 3.545693381766813701e+00
1.690000000000000000e+02 3.268449855410881622e+00
1.700000000000000000e+02 3.123558993214448964e+00
1.710000000000000000e+02 2.970870783760789280e+00
1.720000000000000000e+02 2.885257664364429431e+00
1.730000000000000000e+02 2.930890855952298146e+00
1.740000000000000000e+02 2.779791241759000719e+00
1.750000000000000000e+02 2.856196348834718179e+00
1.760000000000000000e+02 3.189729346832868906e+00
1.770000000000000000e+02 3.390081802165615610e+00
1.780000000000000000e+02 3.191019653379756349e+00
1.790000000000000000e+02 2.915873551246207729e+00
1.800000000000000000e+02 3.090338418598278292e+00
1.810000000000000000e+02 3.051443838859436042e+00
1.820000000000000000e+02 3.233279269549155899e+00
1.830000000000000000e+02 3.231239854049293037e+00
1.840000000000000000e+02 3.365020455003639110e+00
1.850000000000000000e+02 3.454441803511909104e+00
1.860000000000000000e+02 3.603961022128381320e+00
1.870000000000000000e+02 3.704531120234952013e+00
1.880000000000000000e+02 3.650622792713792197e+00
1.890000000000000000e+02 4.002788776702668194e+00
1.900000000000000000e+02 4.044009866196220493e+00
1.910000000000000000e+02 3.766671590381688972e+00
1.920000000000000000e+02 3.921399312236764967e+00
1.930000000000000000e+02 4.523635805626839534e+00
1.940000000000000000e+02 5.299462486960835328e+00
1.950000000000000000e+02 5.852357367188619541e+00
1.960000000000000000e+02 6.163949012165883090e+00
1.970000000000000000e+02 6.239669675251820813e+00
1.980000000000000000e+02 6.140433728862637608e+00
1.990000000000000000e+02 6.478868803054703029e+00
2.000000000000000000e+02 6.647030155338065072e+00
2.010000000000000000e+02 6.764583054992171718e+00
2.020000000000000000e+02 5.657947272656173254e+00
2.030000000000000000e+02 5.510302523182293299e+00
2.040000000000000000e+02 5.117077620104169888e+00
2.050000000000000000e+02 4.812353663176373253e+00
2.060000000000000000e+02 4.558380857956797705e+00
2.070000000000000000e+02 4.047756018656296639e+00
2.080000000000000000e+02 3.892562809294815018e+00
2.090000000000000000e+02 3.666988237404585682e+00
2.100000000000000000e+02 3.723400389721919002e+00
2.110000000000000000e+02 4.060535016195637503e+00
2.120000000000000000e+02 4.817919467827528557e+00
2.130000000000000000e+02 4.716526626380773024e+00
2.140000000000000000e+02 5.281251592853425159e+00
2.150000000000000000e+02 4.522919650804531955e+00
2.160000000000000000e+02 3.843165520813409231e+00
2.170000000000000000e+02 3.320040118476124125e+00
2.180000000000000000e+02 3.219172432486910207e+00
2.190000000000000000e+02 2.911067915510868520e+00
2.200000000000000000e+02 2.875846443516617779e+00
2.210000000000000000e+02 2.704055444348056003e+00
2.220000000000000000e+02 2.901038434180580161e+00
2.230000000000000000e+02 2.819479994765194508e+00
2.240000000000000000e+02 2.495419857870009306e+00
2.250000000000000000e+02 2.446382185633309003e+00
2.260000000000000000e+02 2.626406323791160347e+00
2.270000000000000000e+02 2.638182873565109166e+00
2.280000000000000000e+02 2.825340222335998686e+00
2.290000000000000000e+02 2.969493773961545457e+00
2.300000000000000000e+02 3.049226149436173205e+00
2.310000000000000000e+02 3.396932129247509202e+00
2.320000000000000000e+02 4.248050613575911960e+00
2.330000000000000000e+02 4.208523637605289913e+00
2.340000000000000000e+02 4.142552839833465228e+00
2.350000000000000000e+02 4.198208603621903734e+00
2.360000000000000000e+02 3.943624204911166942e+00
2.370000000000000000e+02 3.508149935481534420e+00
2.380000000000000000e+02 3.375192982734208869e+00
2.390000000000000000e+02 3.172147531067035064e+00
2.400000000000000000e+02 2.901832781543068229e+00
2.410000000000000000e+02 2.743455039778250448e+00
2.420000000000000000e+02 2.533803442598273392e+00
2.430000000000000000e+02 2.605593935031383257e+00
2.440000000000000000e+02 2.372947151068285354e+00
2.450000000000000000e+02 2.518661345036919741e+00
2.460000000000000000e+02 2.815866489188125321e+00
2.470000000000000000e+02 3.084015445424159285e+00
2.480000000000000000e+02 2.977399083098729804e+00
2.490000000000000000e+02 2.615563484469812128e+00
2.500000000000000000e+02 2.671776829100704465e+00
2.510000000000000000e+02 2.575777577050712530e+00
2.520000000000000000e+02 2.752303590349800988e+00
2.530000000000000000e+02 2.765225384196814851e+00
2.540000000000000000e+02 3.049887204209067004e+00
2.550000000000000000e+02 3.208893490664855186e+00
2.560000000000000000e+02 3.418273816149307809e+00
2.570000000000000000e+02 3.645683323048896085e+00
2.580000000000000000e+02 3.649108286407803270e+00
2.590000000000000000e+02 3.856809097407251752e+00
2.600000000000000000e+02 4.000511051912236660e+00
2.610000000000000000e+02 3.733806375980060821e+00
2.620000000000000000e+02 3.893891483171453949e+00
2.630000000000000000e+02 3.748408014748861650e+00
2.640000000000000000e+02 3.879894206540536850e+00
2.650000000000000000e+02 3.571553183657127040e+00
2.660000000000000000e+02 3.278430336226727970e+00
2.670000000000000000e+02 3.068418609209911718e+00
2.680000000000000000e+02 2.909225442094272474e+00
2.690000000000000000e+02 2.671807757978160947e+00
2.700000000000000000e+02 2.749541704237884687e+00
2.710000000000000000e+02 2.545512295991873231e+00
2.720000000000000000e+02 2.515778749402678649e+00
2.730000000000000000e+02 2.269754359034368285e+00
2.740000000000000000e+02 2.084082457484307316e+00
2.750000000000000000e+02 2.097807700580000212e+00
2.760000000000000000e+02 2.254328848202532765e+00
2.770000000000000000e+02 2.310916049783101389e+00
2.780000000000000000e+02 2.074651041264587548e+00
2.790000000000000000e+02 2.131628614551240641e+00
2.800000000000000000e+02 2.344604797479740821e+00
2.810000000000000000e+02 2.489626238160537852e+00
2.820000000000000000e+02 2.819827984805028720e+00
2.830000000000000000e+02 2.899753261218339873e+00
2.840000000000000000e+02 3.191056554572760273e+00
2.850000000000000000e+02 3.292183428600302886e+00
2.860000000000000000e+02 3.874721490488906017e+00
2.870000000000000000e+02 4.145669808687897806e+00
2.880000000000000000e+02 4.396030437742399322e+00
2.890000000000000000e+02 3.997026773755492091e+00
2.900000000000000000e+02 3.584444628849779324e+00
2.910000000000000000e+02 3.159669182617218741e+00
2.920000000000000000e+02 3.083070363337133912e+00
2.930000000000000000e+02 2.860620095798838136e+00
2.940000000000000000e+02 2.496165370558077523e+00
2.950000000000000000e+02 2.337791368761295008e+00
2.960000000000000000e+02 2.050468217197459531e+00
2.970000000000000000e+02 1.994197502248512333e+00
2.980000000000000000e+02 1.776649381883701251e+00
2.990000000000000000e+02 1.767649098391049112e+00
3.000000000000000000e+02 1.907921969052544409e+00
3.010000000000000000e+02 1.908958612792018394e+00
3.020000000000000000e+02 1.985681485440200733e+00
3.030000000000000000e+02 2.089200947785269324e+00
3.040000000000000000e+02 2.042727362266742119e+00
3.050000000000000000e+02 2.423254809998737880e+00
3.060000000000000000e+02 2.462948933982727961e+00
3.070000000000000000e+02 2.383528123460939341e+00
3.080000000000000000e+02 2.053721216443682440e+00
3.090000000000000000e+02 1.940578773271307789e+00
3.100000000000000000e+02 1.734145464082956556e+00
3.110000000000000000e+02 1.677485278640426847e+00
3.120000000000000000e+02 1.686960031604122889e+00
3.130000000000000000e+02 1.765779475219851680e+00
3.140000000000000000e+02 1.950618329407697971e+00
3.150000000000000000e+02 2.084830167402754064e+00
3.160000000000000000e+02 2.396214834330508303e+00
3.170000000000000000e+02 2.641181740142028556e+00
3.180000000000000000e+02 2.962491540374108112e+00
3.190000000000000000e+02 3.161370365931573723e+00
3.200000000000000000e+02 3.839826541042406394e+00
3.210000000000000000e+02 4.522843532616568574e+00
3.220000000000000000e+02 5.345354069837599198e+00
3.230000000000000000e+02 5.197501624139542642e+00
3.240000000000000000e+02 5.125616819252906353e+00
3.250000000000000000e+02 4.603043657644435349e+00
3.260000000000000000e+02 3.832235257497706993e+00
3.270000000000000000e+02 3.513083227264429897e+00
3.280000000000000000e+02 3.109684795558494308e+00
3.290000000000000000e+02 2.807028051055349582e+00
3.300000000000000000e+02 2.460637591714967431e+00
3.310000000000000000e+02 2.213281217476524176e+00
3.320000000000000000e+02 2.033897614372355278e+00
3.330000000000000000e+02 1.850503504300821112e+00
3.340000000000000000e+02 2.011126999018566952e+00
3.350000000000000000e+02 1.845999224138964667e+00
3.360000000000000000e+02 1.802245195238853848e+00
3.370000000000000000e+02 1.713762781642577782e+00
3.380000000000000000e+02 1.564238099621498845e+00
3.390000000000000000e+02 1.598814727781059597e+00
3.400000000000000000e+02 1.698528434369215523e+00
3.410000000000000000e+02 1.839925129696639905e+00
3.420000000000000000e+02 1.757146237253781385e+00
3.430000000000000000e+02 1.894964287587805662e+00
3.440000000000000000e+02 2.064309633564453073e+00
3.450000000000000000e+02 2.163404114721265703e+00
3.460000000000000000e+02 2.366370256656170845e+00
3.470000000000000000e+02 2.411201635666159859e+00
3.480000000000000000e+02 3.155941759273983127e+00
3.490000000000000000e+02 3.193124053938364515e+00
3.500000000000000000e+02 3.261503890904094316e+00
3.510000000000000000e+02 4.708447356924692073e+00
3.520000000000000000e+02 4.694406318671754619e+00
3.530000000000000000e+02 4.734260255698922393e+00
3.540000000000000000e+02 3.639871370854500743e+00
3.550000000000000000e+02 3.114909298093014645e+00
3.560000000000000000e+02 2.864490699593735812e+00
3.570000000000000000e+02 2.490276261738217034e+00
3.580000000000000000e+02 2.258877822630938503e+00
3.590000000000000000e+02 2.049961405351890420e+00
3.600000000000000000e+02 1.897344122270441025e+00
3.610000000000000000e+02 1.774215341387519462e+00
3.620000000000000000e+02 1.681729019927975521e+00
3.630000000000000000e+02 1.704740083792627647e+00
3.640000000000000000e+02 1.646721286985153521e+00
3.650000000000000000e+02 1.658912735474170175e+00
3.660000000000000000e+02 1.772398077481705636e+00
3.670000000000000000e+02 1.864779231259771741e+00
3.680000000000000000e+02 1.876271206216730159e+00
3.690000000000000000e+02 1.712755321240885920e+00
3.700000000000000000e+02 1.826771013880616801e+00
3.710000000000000000e+02 1.739060919191325549e+00
3.720000000000000000e+02 1.773628492149848190e+00
3.730000000000000000e+02 1.832610637856779245e+00
3.740000000000000000e+02 1.899695634989847060e+00
3.750000000000000000e+02 2.086580644635419812e+00
3.760000000000000000e+02 2.252731511786039142e+00
3.770000000000000000e+02 2.493071046136169588e+00
3.780000000000000000e+02 2.681941396469072370e+00
3.790000000000000000e+02 2.830575335158300287e+00
3.800000000000000000e+02 3.137965919904374790e+00
3.810000000000000000e+02 3.209159438151519605e+00
3.820000000000000000e+02 3.082115894766822350e+00
3.830000000000000000e+02 2.694296324114382912e+00
3.840000000000000000e+02 2.639105363187256081e+00
3.850000000000000000e+02 2.502973923743131657e+00
3.860000000000000000e+02 2.434828494948152233e+00
3.870000000000000000e+02 2.193735327216508324e+00
3.880000000000000000e+02 2.297641916314696608e+00
3.890000000000000000e+02 2.208882700232248641e+00
3.900000000000000000e+02 2.038791199097294893e+00
3.910000000000000000e+02 2.033730447291681287e+00
3.920000000000000000e+02 1.974719393888982433e+00
3.930000000000000000e+02 2.036695008792174022e+00
3.940000000000000000e+02 2.265862860447681371e+00
3.950000000000000000e+02 2.321811801871960235e+00
3.960000000000000000e+02 2.698673734541364055e+00
3.970000000000000000e+02 3.012350450819024417e+00
3.980000000000000000e+02 2.986717162641367995e+00
3.990000000000000000e+02 2.955390454810240985e+00
4.000000000000000000e+02 2.299694391306732477e+00
4.010000000000000000e+02 1.957993478007955312e+00
4.020000000000000000e+02 1.989586654519684084e+00
4.030000000000000000e+02 1.872847936744975295e+00
4.040000000000000000e+02 1.884410569331880225e+00
4.050000000000000000e+02 1.891994096987265950e+00
4.060000000000000000e+02 1.946527147657322265e+00
4.070000000000000000e+02 2.085026967813091936e+00
4.080000000000000000e+02 2.152354458336453114e+00
4.090000000000000000e+02 2.349522184515826062e+00
4.100000000000000000e+02 2.461583749030617163e+00
4.110000000000000000e+02 2.777832978968330480e+00
4.120000000000000000e+02 3.168317777697625459e+00
4.130000000000000000e+02 4.545275355532507611e+00
4.140000000000000000e+02 4.077659190551818469e+00
4.150000000000000000e+02 4.680943238263354900e+00
4.160000000000000000e+02 3.817735037615335170e+00
4.170000000000000000e+02 3.543428851629656595e+00
4.180000000000000000e+02 3.727445812886930998e+00
4.190000000000000000e+02 3.173584351136359061e+00
4.200000000000000000e+02 2.786062407577732714e+00
4.210000000000000000e+02 2.616160410967030003e+00
4.220000000000000000e+02 2.386872221473256506e+00
4.230000000000000000e+02 2.340291119499886552e+00
4.240000000000000000e+02 2.149378430854443689e+00
4.250000000000000000e+02 2.149470495672438641e+00
4.260000000000000000e+02 2.058921067068492761e+00
4.270000000000000000e+02 2.159653904977012928e+00
4.280000000000000000e+02 2.141754468533590305e+00
4.290000000000000000e+02 2.290473332517609872e+00
4.300000000000000000e+02 2.495533400085084619e+00
4.310000000000000000e+02 2.452802930439075269e+00
4.320000000000000000e+02 2.401827713775148698e+00
4.330000000000000000e+02 2.386912214156172496e+00
4.340000000000000000e+02 2.490574325965920544e+00
4.350000000000000000e+02 2.498028329522336222e+00
4.360000000000000000e+02 2.786583159566839552e+00
4.370000000000000000e+02 2.801577556533380253e+00
4.380000000000000000e+02 2.928614337441698190e+00
4.390000000000000000e+02 3.119579720241026255e+00
4.400000000000000000e+02 2.965317721141361051e+00
4.410000000000000000e+02 2.983587679852626628e+00
4.420000000000000000e+02 2.906353995927626777e+00
4.430000000000000000e+02 2.757532682216634612e+00
4.440000000000000000e+02 2.756250699390580650e+00
4.450000000000000000e+02 2.532293365075480196e+00
4.460000000000000000e+02 2.479847313967643352e+00
4.470000000000000000e+02 2.319098036707777588e+00
4.480000000000000000e+02 2.399931992185972529e+00
4.490000000000000000e+02 2.355763698435138664e+00
4.500000000000000000e+02 2.591942399833222055e+00
4.510000000000000000e+02 2.557534793475478185e+00
4.520000000000000000e+02 2.425454536748413936e+00
4.530000000000000000e+02 2.382693189618655616e+00
4.540000000000000000e+02 2.451859449413411163e+00
4.550000000000000000e+02 2.614772138087973818e+00
4.560000000000000000e+02 2.843304608098566000e+00
4.570000000000000000e+02 3.142002459517316826e+00
4.580000000000000000e+02 3.614795781548698184e+00
4.590000000000000000e+02 3.609605374924314880e+00
4.600000000000000000e+02 4.002238898155069613e+00
4.610000000000000000e+02 3.644596996715691706e+00
4.620000000000000000e+02 3.899304074846322798e+00
4.630000000000000000e+02 3.805789621350149865e+00
4.640000000000000000e+02 4.045813190091501532e+00
4.650000000000000000e+02 4.623621300638389719e+00
4.660000000000000000e+02 4.663959704592048006e+00
4.670000000000000000e+02 4.798187514222764349e+00
4.680000000000000000e+02 4.514581941591263359e+00
4.690000000000000000e+02 4.111395958757714908e+00
4.700000000000000000e+02 3.674928166016024900e+00
4.710000000000000000e+02 3.360192019836102606e+00
4.720000000000000000e+02 3.032851018912401830e+00
4.730000000000000000e+02 2.755289980196759192e+00
4.740000000000000000e+02 2.724692830258821807e+00
4.750000000000000000e+02 2.502194027136503074e+00
4.760000000000000000e+02 2.608453598750653857e+00
4.770000000000000000e+02 2.559386131872832593e+00
4.780000000000000000e+02 2.719397171574821304e+00
4.790000000000000000e+02 2.758843821634828775e+00
4.800000000000000000e+02 2.965656938460684788e+00
4.810000000000000000e+02 3.028940828155817666e+00
4.820000000000000000e+02 3.305620754210511159e+00
4.830000000000000000e+02 3.532856991539282454e+00
4.840000000000000000e+02 3.927689256887303859e+00
4.850000000000000000e+02 4.202014080887774838e+00
4.860000000000000000e+02 4.361266071594603666e+00
4.870000000000000000e+02 4.071498859409147464e+00
4.880000000000000000e+02 4.004694711048574440e+00
4.890000000000000000e+02 4.258707589522218839e+00
4.900000000000000000e+02 3.953992706320585082e+00
4.910000000000000000e+02 3.336395406317577805e+00
4.920000000000000000e+02 3.131011274319781990e+00
4.930000000000000000e+02 2.779674248268567904e+00
4.940000000000000000e+02 2.641766879022372283e+00
4.950000000000000000e+02 2.462310966790851818e+00
4.960000000000000000e+02 2.340497028058152740e+00
4.970000000000000000e+02 2.236406261813790319e+00
4.980000000000000000e+02 2.171448985100295381e+00
4.990000000000000000e+02 2.189961381949310670e+00
5.000000000000000000e+02 2.116096084668488864e+00
5.010000000000000000e+02 2.023115853034505474e+00
5.020000000000000000e+02 2.090237132377750662e+00
5.030000000000000000e+02 2.444444611927837574e+00
5.040000000000000000e+02 3.092271531184182187e+00
5.050000000000000000e+02 3.208003869963797605e+00
5.060000000000000000e+02 3.377337756184899398e+00
5.070000000000000000e+02 3.142189292488821728e+00
5.080000000000000000e+02 2.863901673996755548e+00
5.090000000000000000e+02 2.486558625531393396e+00
5.100000000000000000e+02 2.511073710671413384e+00
5.110000000000000000e+02 2.516824297065036298e+00
5.120000000000000000e+02 2.716484474452026454e+00
5.130000000000000000e+02 2.847535532477172726e+00
5.140000000000000000e+02 3.185300174969401432e+00
5.150000000000000000e+02 3.494795517519314831e+00
5.160000000000000000e+02 3.396658525007006268e+00
5.170000000000000000e+02 3.227902211782242237e+00
5.180000000000000000e+02 2.935701089763369076e+00
5.190000000000000000e+02 2.574486091423746181e+00
5.200000000000000000e+02 2.549867692161567945e+00
5.210000000000000000e+02 2.667943188037755764e+00
5.220000000000000000e+02 2.679538016693052249e+00
5.230000000000000000e+02 2.801663677937920038e+00
5.240000000000000000e+02 2.971905109919011245e+00
5.250000000000000000e+02 3.042072420416179757e+00
5.260000000000000000e+02 3.270004311222809434e+00
5.270000000000000000e+02 3.402275638797819024e+00
5.280000000000000000e+02 3.897498823528333212e+00
5.290000000000000000e+02 4.517417044669979731e+00
5.300000000000000000e+02 4.678135013641512963e+00
5.310000000000000000e+02 5.125635722450279985e+00
5.320000000000000000e+02 4.248529914460465129e+00
5.330000000000000000e+02 3.538572813046423349e+00
5.340000000000000000e+02 3.244966777458200724e+00
5.350000000000000000e+02 2.979869856306532228e+00
5.360000000000000000e+02 2.903966642891953054e+00
5.370000000000000000e+02 2.866602694904437421e+00
5.380000000000000000e+02 2.833718251577173497e+00
5.390000000000000000e+02 2.911534700869110814e+00
5.400000000000000000e+02 2.760062031826234108e+00
5.410000000000000000e+02 2.876309773136981107e+00
5.420000000000000000e+02 2.727111986139161282e+00
5.430000000000000000e+02 3.098816567100514785e+00
5.440000000000000000e+02 3.308613408781460041e+00
5.450000000000000000e+02 3.149735066403181349e+00
5.460000000000000000e+02 3.123035576445114980e+00
5.470000000000000000e+02 2.986128206299202503e+00
5.480000000000000000e+02 3.405229902002938847e+00
5.490000000000000000e+02 3.511202605645554531e+00
5.500000000000000000e+02 3.236965323709501963e+00
5.510000000000000000e+02 2.940687986602367410e+00
5.520000000000000000e+02 2.429642937559720828e+00
5.530000000000000000e+02 2.209386826325021591e+00
5.540000000000000000e+02 2.111383533105875898e+00
5.550000000000000000e+02 2.138735744025898722e+00
5.560000000000000000e+02 1.982341251008040484e+00
5.570000000000000000e+02 2.036073309275439058e+00
5.580000000000000000e+02 1.994251202302227188e+00
5.590000000000000000e+02 2.091305951179490030e+00
5.600000000000000000e+02 2.116724546336844703e+00
5.610000000000000000e+02 2.332408100494533176e+00
5.620000000000000000e+02 2.449159136963520389e+00
5.630000000000000000e+02 2.637377650217538783e+00
5.640000000000000000e+02 2.865436070121182954e+00
5.650000000000000000e+02 3.226593496677844009e+00
5.660000000000000000e+02 3.681530606175551057e+00
5.670000000000000000e+02 4.093845740886468576e+00
5.680000000000000000e+02 5.058446360127963004e+00
5.690000000000000000e+02 5.413887793175196528e+00
5.700000000000000000e+02 5.971184319268200369e+00
5.710000000000000000e+02 5.578590830062116979e+00
5.720000000000000000e+02 4.701417246820940754e+00
5.730000000000000000e+02 3.985647003710202974e+00
5.740000000000000000e+02 3.201163476033966671e+00
5.750000000000000000e+02 3.131312279446310409e+00
5.760000000000000000e+02 3.042093511173077580e+00
5.770000000000000000e+02 2.758724861843910414e+00
5.780000000000000000e+02 2.655716813359904283e+00
5.790000000000000000e+02 2.679166873686179340e+00
5.800000000000000000e+02 2.601706663971583566e+00
5.810000000000000000e+02 2.800915156844053566e+00
5.820000000000000000e+02 2.576961950142132807e+00
5.830000000000000000e+02 2.372621362271772671e+00
5.840000000000000000e+02 2.193549558452490000e+00
5.850000000000000000e+02 2.056725719075699121e+00
5.860000000000000000e+02 2.060794085307377621e+00
5.870000000000000000e+02 1.989199044130279148e+00
5.880000000000000000e+02 2.027758227522843626e+00
5.890000000000000000e+02 2.016005065703009969e+00
5.900000000000000000e+02 2.187624275219875347e+00
5.910000000000000000e+02 2.198982239392860638e+00
5.920000000000000000e+02 2.515734433778114454e+00
5.930000000000000000e+02 2.773606320149413662e+00
5.940000000000000000e+02 4.160797192605220296e+00
5.950000000000000000e+02 3.983651141973553411e+00
5.960000000000000000e+02 4.411367872847276494e+00
5.970000000000000000e+02 5.157378623858113187e+00
5.980000000000000000e+02 6.211645613568138380e+00
5.990000000000000000e+02 6.385876215320068106e+00
6.000000000000000000e+02 5.506266441407951184e+00
6.010000000000000000e+02 4.240236551168639068e+00
6.020000000000000000e+02 3.390913123010282693e+00
6.030000000000000000e+02 2.974454235383019451e+00
6.040000000000000000e+02 2.760744626487889430e+00
6.050000000000000000e+02 2.810015084683035624e+00
6.060000000000000000e+02 2.632310738674064954e+00
6.070000000000000000e+02 2.666420416948005467e+00
6.080000000000000000e+02 2.525947482606083483e+00
6.090000000000000000e+02 2.585401450798407108e+00
6.100000000000000000e+02 2.481932873107282500e+00
6.110000000000000000e+02 2.525391528198943192e+00
6.120000000000000000e+02 2.502396502336816209e+00
6.130000000000000000e+02 2.747420751236469005e+00
6.140000000000000000e+02 2.692709148401956298e+00
6.150000000000000000e+02 2.871310469541430432e+00
6.160000000000000000e+02 2.821063657272403713e+00
6.170000000000000000e+02 2.666707445290315448e+00
6.180000000000000000e+02 2.703798872623906835e+00
6.190000000000000000e+02 2.743026799564189044e+00
6.200000000000000000e+02 2.672253574916050312e+00
6.210000000000000000e+02 2.539957528935107955e+00
6.220000000000000000e+02 2.425126892108269594e+00
6.230000000000000000e+02 2.403587020919900397e+00
6.240000000000000000e+02 2.302686491487389020e+00
6.250000000000000000e+02 2.301570002360146638e+00
6.260000000000000000e+02 2.259753673697311172e+00
6.270000000000000000e+02 2.272452295428193825e+00
6.280000000000000000e+02 2.277684520733025852e+00
6.290000000000000000e+02 2.300055450123890122e+00
6.300000000000000000e+02 2.383039292059553116e+00
6.310000000000000000e+02 2.372491521716457274e+00
6.320000000000000000e+02 2.506466570483556477e+00
6.330000000000000000e+02 2.591517668844357303e+00
6.340000000000000000e+02 2.840433234542909968e+00
6.350000000000000000e+02 2.863295404667862698e+00
6.360000000000000000e+02 2.801667109508039211e+00
6.370000000000000000e+02 2.611157323555887810e+00
6.380000000000000000e+02 2.498112411163271318e+00
6.390000000000000000e+02 2.410834815741254022e+00
6.400000000000000000e+02 2.305498125684210642e+00
6.410000000000000000e+02 2.288293182296496031e+00
6.420000000000000000e+02 2.218806674783226462e+00
6.430000000000000000e+02 2.212443096561242495e+00
6.440000000000000000e+02 2.254003240178672041e+00
6.450000000000000000e+02 2.253445047818023017e+00
6.460000000000000000e+02 2.379190207844925631e+00
6.470000000000000000e+02 2.331458910949972818e+00
6.480000000000000000e+02 2.474141715482199633e+00
6.490000000000000000e+02 2.492009948918777251e+00
6.500000000000000000e+02 2.545784779149431909e+00
6.510000000000000000e+02 2.351720062414393020e+00
6.520000000000000000e+02 2.191193737390821905e+00
6.530000000000000000e+02 2.070514299775239042e+00
6.540000000000000000e+02 2.013170843478163441e+00
6.550000000000000000e+02 1.964062702492767931e+00
6.560000000000000000e+02 1.966004372714664550e+00
6.570000000000000000e+02 2.033949090517626512e+00
6.580000000000000000e+02 2.094478850072266418e+00
6.590000000000000000e+02 2.427717364355928442e+00
6.600000000000000000e+02 2.548830789779307437e+00
6.610000000000000000e+02 2.576857921684369668e+00
6.620000000000000000e+02 2.596836010901468761e+00
6.630000000000000000e+02 2.318925631398455867e+00
6.640000000000000000e+02 2.240123435002477237e+00
6.650000000000000000e+02 2.096712409886988926e+00
6.660000000000000000e+02 2.078879072503249326e+00
6.670000000000000000e+02 2.043553462591719772e+00
6.680000000000000000e+02 2.038198125883608824e+00
6.690000000000000000e+02 2.092287320985128485e+00
6.700000000000000000e+02 2.138859939139767796e+00
6.710000000000000000e+02 2.356356995154881950e+00
6.720000000000000000e+02 2.699085901469305604e+00
6.730000000000000000e+02 3.524465708542124709e+00
6.740000000000000000e+02 4.380835313176286938e+00
6.750000000000000000e+02 3.733907314477412864e+00
6.760000000000000000e+02 3.013054931644779444e+00
6.770000000000000000e+02 2.478082397472248122e+00
6.780000000000000000e+02 2.293178982693513834e+00
6.790000000000000000e+02 2.140212119074891284e+00
6.800000000000000000e+02 2.129316354709168024e+00
6.810000000000000000e+02 2.073020212046018163e+00
6.820000000000000000e+02 2.084026164544990234e+00
6.830000000000000000e+02 2.159498415962049833e+00
6.840000000000000000e+02 2.215171315962682019e+00
6.850000000000000000e+02 2.245039804027063823e+00
6.860000000000000000e+02 2.344999957876972019e+00
6.870000000000000000e+02 2.336131837999039895e+00
6.880000000000000000e+02 2.581412924059284908e+00
6.890000000000000000e+02 2.992330149852189702e+00
6.900000000000000000e+02 3.095665571781113456e+00
6.910000000000000000e+02 3.008775690655605128e+00
6.920000000000000000e+02 2.688670602682948108e+00
6.930000000000000000e+02 2.298245943246431278e+00
6.940000000000000000e+02 2.304989429107711985e+00
6.950000000000000000e+02 2.191268900653792873e+00
6.960000000000000000e+02 2.142784019433847220e+00
6.970000000000000000e+02 2.076902644569418310e+00
6.980000000000000000e+02 2.078230428075644731e+00
6.990000000000000000e+02 2.148281268721001336e+00
7.000000000000000000e+02 2.225594057902577916e+00
7.010000000000000000e+02 2.372169958035875048e+00
7.020000000000000000e+02 2.472133020741028808e+00
7.030000000000000000e+02 2.649102303006778847e+00
7.040000000000000000e+02 2.850565826885259835e+00
7.050000000000000000e+02 3.069253854994836939e+00
7.060000000000000000e+02 3.183070376538647661e+00
7.070000000000000000e+02 3.342066657744418912e+00
7.080000000000000000e+02 3.152167681681716793e+00
7.090000000000000000e+02 3.083136860211252550e+00
7.100000000000000000e+02 2.896347542636976247e+00
7.110000000000000000e+02 2.691886983230824981e+00
7.120000000000000000e+02 2.612662557744378944e+00
7.130000000000000000e+02 2.465440061651346770e+00
7.140000000000000000e+02 2.516785044222622059e+00
7.150000000000000000e+02 2.420642803738889182e+00
7.160000000000000000e+02 2.461571630007143519e+00
7.170000000000000000e+02 2.397838743869805445e+00
7.180000000000000000e+02 2.442268959046479448e+00
7.190000000000000000e+02 2.458671766596007835e+00
7.200000000000000000e+02 2.580518700703778201e+00
7.210000000000000000e+02 2.729470384267638661e+00
7.220000000000000000e+02 2.984467239176748610e+00
7.230000000000000000e+02 3.025172195113399631e+00
7.240000000000000000e+02 2.922398485329363194e+00
7.250000000000000000e+02 2.729862872635888671e+00
7.260000000000000000e+02 2.685887646042559584e+00
7.270000000000000000e+02 2.678017869377191218e+00
7.280000000000000000e+02 2.823841400221344333e+00
7.290000000000000000e+02 2.740353250125489915e+00
7.300000000000000000e+02 2.699067181300840446e+00
7.310000000000000000e+02 2.721689033178954720e+00
7.320000000000000000e+02 2.672657335497859776e+00
7.330000000000000000e+02 2.729250294644418151e+00
7.340000000000000000e+02 2.705358602029770854e+00
7.350000000000000000e+02 2.890236041038324100e+00
7.360000000000000000e+02 2.861101324943585045e+00
7.370000000000000000e+02 2.961376230853176139e+00
7.380000000000000000e+02 2.966341831689979003e+00
7.390000000000000000e+02 2.877135770342671872e+00
7.400000000000000000e+02 2.884745827271985696e+00
7.410000000000000000e+02 2.816975221099914606e+00
7.420000000000000000e+02 2.841391431771389975e+00
7.430000000000000000e+02 2.878494913618089512e+00
7.440000000000000000e+02 2.885830042297183429e+00
7.450000000000000000e+02 2.884725806557110861e+00
7.460000000000000000e+02 3.035921429600187960e+00
7.470000000000000000e+02 3.601417704344233695e+00
7.480000000000000000e+02 4.056560069806553592e+00
7.490000000000000000e+02 3.293207263885233882e+00
7.500000000000000000e+02 3.319793656327098663e+00
7.510000000000000000e+02 3.336914798614192268e+00
7.520000000000000000e+02 3.275618368951384696e+00
7.530000000000000000e+02 3.447237990478982717e+00
7.540000000000000000e+02 3.606168584365545549e+00
7.550000000000000000e+02 3.810077370052677104e+00
7.560000000000000000e+02 3.968999533562274973e+00
7.570000000000000000e+02 4.087520362077737168e+00
7.580000000000000000e+02 4.358952171947013454e+00
7.590000000000000000e+02 4.757746371671872865e+00
7.600000000000000000e+02 4.591119064057560095e+00
7.610000000000000000e+02 4.850940799789533742e+00
7.620000000000000000e+02 4.879395787581688460e+00
7.630000000000000000e+02 5.039317143601246940e+00
7.640000000000000000e+02 5.316641707317006471e+00
7.650000000000000000e+02 5.022373197409466528e+00
7.660000000000000000e+02 4.771463182435641492e+00
7.670000000000000000e+02 4.821166489454124182e+00
7.680000000000000000e+02 4.593055074892574474e+00
7.690000000000000000e+02 4.326725128743818871e+00
7.700000000000000000e+02 4.413557372768483589e+00
7.710000000000000000e+02 4.550619922831199204e+00
7.720000000000000000e+02 4.345074250795728510e+00
7.730000000000000000e+02 4.085570465387605488e+00
7.740000000000000000e+02 3.814886439217777703e+00
7.750000000000000000e+02 3.724931481465284744e+00
7.760000000000000000e+02 3.510362061984782844e+00
7.770000000000000000e+02 3.338774860970894043e+00
7.780000000000000000e+02 3.219619920371028066e+00
7.790000000000000000e+02 3.064216121152552041e+00
7.800000000000000000e+02 2.982135375813416811e+00
7.810000000000000000e+02 2.863847888154175791e+00
7.820000000000000000e+02 2.830417186539392116e+00
7.830000000000000000e+02 2.829915063129051056e+00
7.840000000000000000e+02 2.779726615450104354e+00
7.850000000000000000e+02 2.768632500819426578e+00
7.860000000000000000e+02 2.735256604865094587e+00
7.870000000000000000e+02 2.741946117735751809e+00
7.880000000000000000e+02 2.814907894236915897e+00
7.890000000000000000e+02 2.943253364601963629e+00
7.900000000000000000e+02 3.046104565994733004e+00
7.910000000000000000e+02 3.213555452690432634e+00
7.920000000000000000e+02 3.301374327143766774e+00
7.930000000000000000e+02 3.220618206061649946e+00
7.940000000000000000e+02 3.320787536652086924e+00
7.950000000000000000e+02 3.251526085176991820e+00
7.960000000000000000e+02 3.395954466383506176e+00
7.970000000000000000e+02 3.388722454420452390e+00
7.980000000000000000e+02 3.549376953840991167e+00
7.990000000000000000e+02 3.693347637389852167e+00
8.000000000000000000e+02 3.828569988841093785e+00
8.010000000000000000e+02 4.004231307231692405e+00
8.020000000000000000e+02 4.278722405826305142e+00
8.030000000000000000e+02 4.410728701681652097e+00
8.040000000000000000e+02 4.886671341469416951e+00
8.050000000000000000e+02 4.797249335566431405e+00
8.060000000000000000e+02 4.629367893567533088e+00
8.070000000000000000e+02 4.348881745229218332e+00
8.080000000000000000e+02 4.064174930597438617e+00
8.090000000000000000e+02 3.949534768141245600e+00
8.100000000000000000e+02 4.022850438539768980e+00
8.110000000000000000e+02 3.929531812804262003e+00
8.120000000000000000e+02 3.984124580654289094e+00
8.130000000000000000e+02 3.922493209196419084e+00
8.140000000000000000e+02 3.615147529647389835e+00
8.150000000000000000e+02 3.517078481754897012e+00
8.160000000000000000e+02 3.354946301328526559e+00
8.170000000000000000e+02 3.257882949418442919e+00
8.180000000000000000e+02 3.180113281301380823e+00
8.190000000000000000e+02 3.272341473426208402e+00
8.200000000000000000e+02 3.336843331350365816e+00
8.210000000000000000e+02 3.566986388335996683e+00
8.220000000000000000e+02 3.601248731485199972e+00
8.230000000000000000e+02 3.855750403883596356e+00
8.240000000000000000e+02 3.959402895479334994e+00
8.250000000000000000e+02 4.313621641913237603e+00
8.260000000000000000e+02 4.398463943708483370e+00
8.270000000000000000e+02 4.484998252175943279e+00
8.280000000000000000e+02 4.210703910361232261e+00
8.290000000000000000e+02 4.301889156451398577e+00
8.300000000000000000e+02 4.659350384568187842e+00
8.310000000000000000e+02 4.831573185251434310e+00
8.320000000000000000e+02 4.798919474069146318e+00
8.330000000000000000e+02 4.664588374197274234e+00
8.340000000000000000e+02 4.794109361564766303e+00
8.350000000000000000e+02 4.997468695073225220e+00
8.360000000000000000e+02 5.999635634035035636e+00
8.370000000000000000e+02 7.103917153749512714e+00
8.380000000000000000e+02 8.296835481885853625e+00
8.390000000000000000e+02 9.464135568748815786e+00
8.400000000000000000e+02 9.297925705119171269e+00
8.410000000000000000e+02 9.206094863616311130e+00
8.420000000000000000e+02 1.000672514229383658e+01
8.430000000000000000e+02 1.043414574647323079e+01
8.440000000000000000e+02 1.058197827194866214e+01
8.450000000000000000e+02 1.068061356913039006e+01
8.460000000000000000e+02 1.093786653282574584e+01
8.470000000000000000e+02 1.156768695748580456e+01
8.480000000000000000e+02 1.179539154742088769e+01
8.490000000000000000e+02 1.157498680953837322e+01
8.500000000000000000e+02 1.160983219302194414e+01
8.510000000000000000e+02 1.166743591567871263e+01
8.520000000000000000e+02 1.109408736742055801e+01
8.530000000000000000e+02 9.769001250381320389e+00
8.540000000000000000e+02 9.010809822456909757e+00
8.550000000000000000e+02 9.273952863847053862e+00
8.560000000000000000e+02 1.013626056801981612e+01
8.570000000000000000e+02 9.684471325211495341e+00
8.580000000000000000e+02 1.018059457666954160e+01
8.590000000000000000e+02 9.895051548342438608e+00
8.600000000000000000e+02 8.960421575633672475e+00
8.610000000000000000e+02 8.501366497678569445e+00
8.620000000000000000e+02 7.898919717114047501e+00
8.630000000000000000e+02 6.641522095939019543e+00
8.640000000000000000e+02 5.896545365164581831e+00
8.650000000000000000e+02 5.261115093683211619e+00
8.660000000000000000e+02 4.804592981670849028e+00
8.670000000000000000e+02 4.489409480127656948e+00
8.680000000000000000e+02 4.528403673896821857e+00
8.690000000000000000e+02 4.040434154622941421e+00
8.700000000000000000e+02 4.012448358971663964e+00
8.710000000000000000e+02 3.858770457417291411e+00
8.720000000000000000e+02 3.893526006448026155e+00
8.730000000000000000e+02 3.803259732608287536e+00
8.740000000000000000e+02 3.941989077920430962e+00
8.750000000000000000e+02 4.323843030531688392e+00
8.760000000000000000e+02 4.343847717497499872e+00
8.770000000000000000e+02 4.225818328056301532e+00
8.780000000000000000e+02 4.255770664062421993e+00
8.790000000000000000e+02 4.018666087423268252e+00
8.800000000000000000e+02 3.973709504244347102e+00
8.810000000000000000e+02 3.790004158951087998e+00
8.820000000000000000e+02 3.628780104180764798e+00
8.830000000000000000e+02 3.578510121256264220e+00
8.840000000000000000e+02 3.431010292583907884e+00
8.850000000000000000e+02 3.424373380366773745e+00
8.860000000000000000e+02 3.207897325328856741e+00
8.870000000000000000e+02 3.255570881832625663e+00
8.880000000000000000e+02 3.121451321920112765e+00
8.890000000000000000e+02 2.953781379444355704e+00
8.900000000000000000e+02 3.062432568353945062e+00
8.910000000000000000e+02 2.945923067545737517e+00
8.920000000000000000e+02 2.981698940466324999e+00
8.930000000000000000e+02 2.952486705566255143e+00
8.940000000000000000e+02 2.875834751020379443e+00
8.950000000000000000e+02 2.964430205200286661e+00
8.960000000000000000e+02 3.012419064938450575e+00
8.970000000000000000e+02 3.141437846788678989e+00
8.980000000000000000e+02 3.252835818753367914e+00
8.990000000000000000e+02 3.397298401645612920e+00
9.000000000000000000e+02 3.600509040781425085e+00
9.010000000000000000e+02 3.745776288370240348e+00
9.020000000000000000e+02 3.897647474774308396e+00
9.030000000000000000e+02 3.915261665738247743e+00
9.040000000000000000e+02 4.164926047624109451e+00
9.050000000000000000e+02 4.196046677327233354e+00
9.060000000000000000e+02 4.471647977094071358e+00
9.070000000000000000e+02 4.369457458871799815e+00
9.080000000000000000e+02 4.191088450104750507e+00
9.090000000000000000e+02 4.490797643243191750e+00
9.100000000000000000e+02 4.787283683406804435e+00
9.110000000000000000e+02 5.129714873963155952e+00
9.120000000000000000e+02 5.308067850173656232e+00
9.130000000000000000e+02 5.046163454227067469e+00
9.140000000000000000e+02 4.664859164659636903e+00
9.150000000000000000e+02 4.255189734007823077e+00
9.160000000000000000e+02 4.149564289267107853e+00
9.170000000000000000e+02 3.891139047459412748e+00
9.180000000000000000e+02 3.778752400588781590e+00
9.190000000000000000e+02 3.602582658241072266e+00
9.200000000000000000e+02 3.570487561593229220e+00
9.210000000000000000e+02 3.482910252963059339e+00
9.220000000000000000e+02 3.420895288791004241e+00
9.230000000000000000e+02 3.314330294351784278e+00
9.240000000000000000e+02 3.226307654134958014e+00
9.250000000000000000e+02 3.253449289214471740e+00
9.260000000000000000e+02 3.170946968988268111e+00
9.270000000000000000e+02 3.257756423512184085e+00
9.280000000000000000e+02 3.192332803155399912e+00
9.290000000000000000e+02 3.383807872507669678e+00
9.300000000000000000e+02 3.316576023457895150e+00
9.310000000000000000e+02 3.176235246477876029e+00
9.320000000000000000e+02 3.238075637160046316e+00
9.330000000000000000e+02 3.209205267715221410e+00
9.340000000000000000e+02 3.489055744710577223e+00
9.350000000000000000e+02 3.426154193640640777e+00
9.360000000000000000e+02 3.271515598158631022e+00
9.370000000000000000e+02 3.392533402966217526e+00
9.380000000000000000e+02 3.342479903587443069e+00
9.390000000000000000e+02 3.466480375595110353e+00
9.400000000000000000e+02 3.458564914951606895e+00
9.410000000000000000e+02 3.182793589390452649e+00
9.420000000000000000e+02 3.250722144241584566e+00
9.430000000000000000e+02 3.133220530536836801e+00
9.440000000000000000e+02 3.150211772246171105e+00
9.450000000000000000e+02 3.073915295830682126e+00
9.460000000000000000e+02 3.198185324061209478e+00
9.470000000000000000e+02 3.180066878662949126e+00
9.480000000000000000e+02 3.318991766052727943e+00
9.490000000000000000e+02 3.392304835839255794e+00
9.500000000000000000e+02 3.447796253941552980e+00
9.510000000000000000e+02 3.579699019381936242e+00
9.520000000000000000e+02 3.666246089785549334e+00
9.530000000000000000e+02 3.841091675000536387e+00
9.540000000000000000e+02 3.845056023614424223e+00
9.550000000000000000e+02 3.912716612422445728e+00
9.560000000000000000e+02 3.769450567522132811e+00
9.570000000000000000e+02 3.612132649648335025e+00
9.580000000000000000e+02 3.422062016575442289e+00
9.590000000000000000e+02 3.210985886976413184e+00
9.600000000000000000e+02 3.289442885302572783e+00
9.610000000000000000e+02 3.622477623022519744e+00
9.620000000000000000e+02 3.729082108458068756e+00
9.630000000000000000e+02 4.066770510672548689e+00
9.640000000000000000e+02 3.683074305841449458e+00
9.650000000000000000e+02 3.238221617910256533e+00
9.660000000000000000e+02 3.567400266273101916e+00
9.670000000000000000e+02 3.777069861379898530e+00
9.680000000000000000e+02 3.384094626190052857e+00
9.690000000000000000e+02 3.220416157590230366e+00
9.700000000000000000e+02 3.695737555113559836e+00
9.710000000000000000e+02 3.855471224028911514e+00
9.720000000000000000e+02 3.517483611050163272e+00
9.730000000000000000e+02 3.719658215629314313e+00
9.740000000000000000e+02 4.268948161420278886e+00
9.750000000000000000e+02 4.248921649309256310e+00
9.760000000000000000e+02 4.091131030823627057e+00
9.770000000000000000e+02 4.547464931592481108e+00
9.780000000000000000e+02 5.041955649573809595e+00
9.790000000000000000e+02 4.939225098098854794e+00
9.800000000000000000e+02 4.973233638274924040e+00
9.810000000000000000e+02 5.512522253555997231e+00
9.820000000000000000e+02 5.884354292542628428e+00
9.830000000000000000e+02 5.724221826895250054e+00
9.840000000000000000e+02 5.900137607231882519e+00
9.850000000000000000e+02 6.541429322770346388e+00
9.860000000000000000e+02 6.727590475541987303e+00
9.870000000000000000e+02 6.471462402513700418e+00
9.880000000000000000e+02 6.707277616129504239e+00
9.890000000000000000e+02 7.438118028686772298e+00
9.900000000000000000e+02 7.623515285026968513e+00
9.910000000000000000e+02 7.433501464682517934e+00
9.920000000000000000e+02 8.087432292847644533e+00
9.930000000000000000e+02 8.381126998125589367e+00
9.940000000000000000e+02 9.621645079513099219e+00
9.950000000000000000e+02 9.775211703246313277e+00
9.960000000000000000e+02 1.086651698574817182e+01
9.970000000000000000e+02 1.179468655756686779e+01
9.980000000000000000e+02 1.178182275191019102e+01
9.990000000000000000e+02 1.111362945996161145e+01
1.000000000000000000e+03 1.073815848696260211e+01
1.001000000000000000e+03 1.116286007491851962e+01
1.002000000000000000e+03 1.101882661073037717e+01
1.003000000000000000e+03 1.046606343373667514e+01
1.004000000000000000e+03 1.033543289466576098e+01
1.005000000000000000e+03 1.041167699931505730e+01
1.006000000000000000e+03 1.043917371547792605e+01
1.007000000000000000e+03 9.986463436048348186e+00
1.008000000000000000e+03 1.012386956869613286e+01
1.009000000000000000e+03 1.079021020927778984e+01
1.010000000000000000e+03 1.158274164722221222e+01
1.011000000000000000e+03 1.207714619062362971e+01
1.012000000000000000e+03 1.339804857387690973e+01
1.013000000000000000e+03 1.464505559223585429e+01
1.014000000000000000e+03 1.561878201220570261e+01
1.015000000000000000e+03 1.695343115807509449e+01
1.016000000000000000e+03 1.839028084890321324e+01
1.017000000000000000e+03 2.019062908237225429e+01
1.018000000000000000e+03 2.156744768112658406e+01
1.000000000000000000e+00 5.311870454265576136e+00
2.000000000000000000e+00 4.038976631216499413e+00
3.000000000000000000e+00 2.319171725819620722e+00
4.000000000000000000e+00 2.080943463331333287e+00
5.000000000000000000e+00 2.041799172901617165e+00
6.000000000000000000e+00 2.107415635529232834e+00
7.000000000000000000e+00 2.013901876161342752e+00
8.000000000000000000e+00 1.870475826608924308e+00
9.000000000000000000e+00 1.870171112520997214e+00
1.000000000000000000e+01 2.138739463127622642e+00
1.100000000000000000e+01 1.965493996193866888e+00
1.200000000000000000e+01 1.895859453131551131e+00
1.300000000000000000e+01 1.898380320014121159e+00
1.400000000000000000e+01 1.814917948636034284e+00
1.500000000000000000e+01 1.802523051489565598e+00
1.600000000000000000e+01 1.864996719859251417e+00
1.700000000000000000e+01 1.885324255061970433e+00
1.800000000000000000e+01 1.864536350620660698e+00
1.900000000000000000e+01 1.869766918112468979e+00
2.000000000000000000e+01 2.030032866702078387e+00
2.100000000000000000e+01 2.273229928515251519e+00
2.200000000000000000e+01 2.279085512025838423e+00
2.300000000000000000e+01 2.074162322561520000e+00
2.400000000000000000e+01 2.163587758833194208e+00
2.500000000000000000e+01 2.183671833664431183e+00
2.600000000000000000e+01 2.591291454498411806e+00
2.700000000000000000e+01 3.016702269977601603e+00
2.800000000000000000e+01 3.380375190851400813e+00
2.900000000000000000e+01 3.788628427765919682e+00
3.000000000000000000e+01 4.349099437748041197e+00
3.100000000000000000e+01 3.634963327143145850e+00
3.200000000000000000e+01 3.796803759910917009e+00
3.300000000000000000e+01 3.973825427565877089e+00
3.400000000000000000e+01 4.008056916554980198e+00
3.500000000000000000e+01 3.316568147397850996e+00
3.600000000000000000e+01 2.946934590251473196e+00
3.700000000000000000e+01 2.439794935504816742e+00
3.800000000000000000e+01 2.167556087119599795e+00
3.900000000000000000e+01 2.283121455260644694e+00
4.000000000000000000e+01 2.317137645405304980e+00
4.100000000000000000e+01 2.418942083262335174e+00
4.200000000000000000e+01 2.913493777690806308e+00
4.300000000000000000e+01 3.201500995278222739e+00
4.400000000000000000e+01 3.518206616086913652e+00
4.500000000000000000e+01 3.363429553865499688e+00
4.600000000000000000e+01 3.127583792712606670e+00
4.700000000000000000e+01 3.461536493309291362e+00
4.800000000000000000e+01 3.073730777004388237e+00
4.900000000000000000e+01 2.837817120063228948e+00
5.000000000000000000e+01 3.345637991847407733e+00
5.100000000000000000e+01 4.559993752249067889e+00
5.200000000000000000e+01 5.066366111288708396e+00
5.300000000000000000e+01 6.164840041106610435e+00
5.400000000000000000e+01 6.024871600720564047e+00
5.500000000000000000e+01 6.339832786818742960e+00
5.600000000000000000e+01 5.379662825833153583e+00
5.700000000000000000e+01 5.137683246881250554e+00
5.800000000000000000e+01 4.170017967696304950e+00
5.900000000000000000e+01 3.081285240160532624e+00
6.000000000000000000e+01 2.600158651013786848e+00
6.100000000000000000e+01 2.349128675902433017e+00
6.200000000000000000e+01 2.487089242600493133e+00
6.300000000000000000e+01 2.530841550250976457e+00
6.400000000000000000e+01 2.616115734917519031e+00
6.500000000000000000e+01 2.713541214485714725e+00
6.600000000000000000e+01 2.780255101684963925e+00
6.700000000000000000e+01 2.968858281623625750e+00
6.800000000000000000e+01 3.163424609378092445e+00
6.900000000000000000e+01 3.028463837936129277e+00
7.000000000000000000e+01 3.067317236213136233e+00
7.100000000000000000e+01 3.305321877053857271e+00
7.200000000000000000e+01 3.393129996462954434e+00
7.300000000000000000e+01 3.281226433303197521e+00
7.400000000000000000e+01 3.733437259198471914e+00
7.500000000000000000e+01 5.302204146194292811e+00
7.600000000000000000e+01 5.582279423133067020e+00
7.700000000000000000e+01 5.056237473536943305e+00
7.800000000000000000e+01 3.783904208318627393e+00
7.900000000000000000e+01 3.179372475481462956e+00
8.000000000000000000e+01 2.777216811364221272e+00
8.100000000000000000e+01 2.656556727619375113e+00
8.200000000000000000e+01 2.567460493053225878e+00
8.300000000000000000e+01 2.490958694794743966e+00
8.400000000000000000e+01 2.692099327525510954e+00
8.500000000000000000e+01 2.495526365369687305e+00
8.600000000000000000e+01 2.388095907813687635e+00
8.700000000000000000e+01 2.308471225990100795e+00
8.800000000000000000e+01 2.234116908563736015e+00
8.900000000000000000e+01 2.186936928498044885e+00
9.000000000000000000e+01 2.185511568058545961e+00
9.100000000000000000e+01 2.082177921986114288e+00
9.200000000000000000e+01 1.972752118441246649e+00
9.300000000000000000e+01 2.020483003299963887e+00
9.400000000000000000e+01 2.079868362965049844e+00
9.500000000000000000e+01 2.299309512751779305e+00
9.600000000000000000e+01 2.326290032588340218e+00
9.700000000000000000e+01 2.251051597064429366e+00
9.800000000000000000e+01 2.229489998399237560e+00
9.900000000000000000e+01 2.216869811077930130e+00
1.000000000000000000e+02 2.247622434975195649e+00
1.010000000000000000e+02 2.348710377392716264e+00
1.020000000000000000e+02 2.394289523519553597e+00
1.030000000000000000e+02 2.563677564002757148e+00
1.040000000000000000e+02 2.519514639433468872e+00
1.050000000000000000e+02 2.742425085806498242e+00
1.060000000000000000e+02 2.810275588479953512e+00
1.070000000000000000e+02 2.868555274307768688e+00
1.080000000000000000e+02 3.055641165837092110e+00
1.090000000000000000e+02 2.935976889388236533e+00
1.100000000000000000e+02 2.677918265282580368e+00
1.110000000000000000e+02 2.642962560495691449e+00
1.120000000000000000e+02 2.622955102725568644e+00
1.130000000000000000e+02 2.509595265027436461e+00
1.140000000000000000e+02 2.566473025387491003e+00
1.150000000000000000e+02 2.503653409403709063e+00
1.160000000000000000e+02 2.667237505076791582e+00
1.170000000000000000e+02 2.591081529000216044e+00
1.180000000000000000e+02 2.843796379007476283e+00
1.190000000000000000e+02 2.937051171178946429e+00
1.200000000000000000e+02 3.166775320585609066e+00
1.210000000000000000e+02 3.345455355951100440e+00
1.220000000000000000e+02 3.771949982400577550e+00
1.230000000000000000e+02 3.859841688981128893e+00
1.240000000000000000e+02 3.681846586397635956e+00
1.250000000000000000e+02 3.926080182288099518e+00
1.260000000000000000e+02 4.226889194901941593e+00
1.270000000000000000e+02 3.872775661704793482e+00
1.280000000000000000e+02 3.620125242276190924e+00
1.290000000000000000e+02 3.889860493191545032e+00
1.300000000000000000e+02 3.752026897802045458e+00
1.310000000000000000e+02 3.500588010892054402e+00
1.320000000000000000e+02 3.628711609954835549e+00
1.330000000000000000e+02 3.774292667067042029e+00
1.340000000000000000e+02 3.538284847610374761e+00
1.350000000000000000e+02 3.537918766693072925e+00
1.360000000000000000e+02 3.648490869243011581e+00
1.370000000000000000e+02 3.590829449657312100e+00
1.380000000000000000e+02 3.462511980245530196e+00
1.390000000000000000e+02 3.600162132524560299e+00
1.400000000000000000e+02 3.785890531686209926e+00
1.410000000000000000e+02 3.696017487107007948e+00
1.420000000000000000e+02 3.619763769109766383e+00
1.430000000000000000e+02 3.917158082195451474e+00
1.440000000000000000e+02 4.195099466126670507e+00
1.450000000000000000e+02 3.649844475985557501e+00
1.460000000000000000e+02 3.281752587525974985e+00
1.470000000000000000e+02 3.557958656505173067e+00
1.480000000000000000e+02 3.026250483169459216e+00
1.490000000000000000e+02 2.877828904411317890e+00
1.500000000000000000e+02 2.755506413217718720e+00
1.510000000000000000e+02 2.768690642068861507e+00
1.520000000000000000e+02 2.674865156907638930e+00
1.530000000000000000e+02 2.730087897410428788e+00
1.540000000000000000e+02 2.650483210305111470e+00
1.550000000000000000e+02 2.781810599249273874e+00
1.560000000000000000e+02 2.790144929144512620e+00
1.570000000000000000e+02 2.801044524404800562e+00
1.580000000000000000e+02 2.670495769297422051e+00
1.590000000000000000e+02 2.629165120988870008e+00
1.600000000000000000e+02 2.789342619879366492e+00
1.610000000000000000e+02 2.762619593475040602e+00
1.620000000000000000e+02 2.665915928976659188e+00
1.630000000000000000e+02 2.846060958107618166e+00
1.640000000000000000e+02 3.669134465909289045e+00
1.650000000000000000e+02 4.026436272847585762e+00
1.660000000000000000e+02 5.113176034482415311e+00
1.670000000000000000e+02 4.371093715508262534e+00
1.680000000000000000e+02 4.589348940167628399e+00
1.690000000000000000e+02 4.460736414076680312e+00
1.700000000000000000e+02 5.646109003970222417e+00
1.710000000000000000e+02 6.059078414654862854e+00
1.720000000000000000e+02 6.348923269524673785e+00
1.730000000000000000e+02 6.040887087200399463e+00
1.740000000000000000e+02 5.424651479074707794e+00
1.750000000000000000e+02 4.568534534440810368e+00
1.760000000000000000e+02 3.940594836673445567e+00
1.770000000000000000e+02 3.920010364979120698e+00
1.780000000000000000e+02 4.567774549244258964e+00
1.790000000000000000e+02 5.181222523565988780e+00
1.800000000000000000e+02 4.857158679074267127e+00
1.810000000000000000e+02 5.166248598117633151e+00
1.820000000000000000e+02 4.719308551305864796e+00
1.830000000000000000e+02 4.251876012227909563e+00
1.840000000000000000e+02 3.640181874880362489e+00
1.850000000000000000e+02 3.599889097675938565e+00
1.860000000000000000e+02 3.456599975650232803e+00
1.870000000000000000e+02 3.147125923534297431e+00
1.880000000000000000e+02 2.850823250877907000e+00
1.890000000000000000e+02 2.672590177278691304e+00
1.900000000000000000e+02 2.574860857798557667e+00
1.910000000000000000e+02 2.664755889668451339e+00
1.920000000000000000e+02 2.570633920883160783e+00
1.930000000000000000e+02 2.801249696692835744e+00
1.940000000000000000e+02 2.787711837778031665e+00
1.950000000000000000e+02 2.619738772918473568e+00
1.960000000000000000e+02 2.602111704848312446e+00
1.970000000000000000e+02 2.816331676452147992e+00
1.980000000000000000e+02 2.961657706187396322e+00
1.990000000000000000e+02 3.121508838156439314e+00
2.000000000000000000e+02 3.248616313233316344e+00
2.010000000000000000e+02 3.511096625264032767e+00
2.020000000000000000e+02 3.291097123211609077e+00
2.030000000000000000e+02 3.179986160401121698e+00
2.040000000000000000e+02 3.451657690575761439e+00
2.050000000000000000e+02 3.476647606107696298e+00
2.060000000000000000e+02 3.255191468569448077e+00
2.070000000000000000e+02 3.323309639569959284e+00
2.080000000000000000e+02 3.574207981783362076e+00
2.090000000000000000e+02 3.507628748622830361e+00
2.100000000000000000e+02 3.381873756061291925e+00
2.110000000000000000e+02 3.541363453146639362e+00
2.120000000000000000e+02 3.517676096691443988e+00
2.130000000000000000e+02 3.434742547177194627e+00
2.140000000000000000e+02 3.499552544584634273e+00
2.150000000000000000e+02 3.706394330473933962e+00
2.160000000000000000e+02 3.459404588529933822e+00
2.170000000000000000e+02 3.032989247075072115e+00
2.180000000000000000e+02 2.953633272743570348e+00
2.190000000000000000e+02 2.720656436572507442e+00
2.200000000000000000e+02 2.611032447352671149e+00
2.210000000000000000e+02 2.478470819710614226e+00
2.220000000000000000e+02 2.421830992380661129e+00
2.230000000000000000e+02 2.170983078263318600e+00
2.240000000000000000e+02 2.099202057356143847e+00
2.250000000000000000e+02 2.192362336103006459e+00
2.260000000000000000e+02 2.100354316023939738e+00
2.270000000000000000e+02 1.915521094733062313e+00
2.280000000000000000e+02 2.007251524331213677e+00
2.290000000000000000e+02 2.088513471293352186e+00
2.300000000000000000e+02 1.934998539653338456e+00
2.310000000000000000e+02 1.841531005372773144e+00
2.320000000000000000e+02 1.999071413081791926e+00
2.330000000000000000e+02 2.041199148699803345e+00
2.340000000000000000e+02 2.378643932057285859e+00
2.350000000000000000e+02 2.343192739921841294e+00
2.360000000000000000e+02 2.320272406260437847e+00
2.370000000000000000e+02 2.407998549157634116e+00
2.380000000000000000e+02 2.229758955798128994e+00
2.390000000000000000e+02 2.287517306342328194e+00
2.400000000000000000e+02 2.273912431891727870e+00
2.410000000000000000e+02 2.383970102487852571e+00
2.420000000000000000e+02 2.409424863866870492e+00
2.430000000000000000e+02 2.383041718210174409e+00
2.440000000000000000e+02 2.271363695049254172e+00
2.450000000000000000e+02 2.376448502893447667e+00
2.460000000000000000e+02 2.342066165146611034e+00
2.470000000000000000e+02 2.571043983643220621e+00
2.480000000000000000e+02 2.592474818232127554e+00
2.490000000000000000e+02 2.893595498667619115e+00
2.500000000000000000e+02 2.968692024616264025e+00
2.510000000000000000e+02 3.211756047569824801e+00
2.520000000000000000e+02 2.969159525164749347e+00
2.530000000000000000e+02 2.786856629464944390e+00
2.540000000000000000e+02 2.438738619596066748e+00
2.550000000000000000e+02 2.274578567574519816e+00
2.560000000000000000e+02 2.057189258785971031e+00
2.570000000000000000e+02 1.835910524613376671e+00
2.580000000000000000e+02 1.994380300327694089e+00
2.590000000000000000e+02 2.269530215125019179e+00
2.600000000000000000e+02 2.128516919063581980e+00
2.610000000000000000e+02 2.111439328133245752e+00
2.620000000000000000e+02 2.398373287964898459e+00
2.630000000000000000e+02 2.386208148976029175e+00
2.640000000000000000e+02 2.243646052109999456e+00
2.650000000000000000e+02 2.050413491852073555e+00
2.660000000000000000e+02 2.031961261640421679e+00
2.670000000000000000e+02 1.813028302051473251e+00
2.680000000000000000e+02 1.650817422961994740e+00
2.690000000000000000e+02 1.626741298352848641e+00
2.700000000000000000e+02 1.596877573199116940e+00
2.710000000000000000e+02 1.679318625288971800e+00
2.720000000000000000e+02 1.801003576873301260e+00
2.730000000000000000e+02 1.932681290293056131e+00
2.740000000000000000e+02 2.112864035400798812e+00
2.750000000000000000e+02 2.280194423637432521e+00
2.760000000000000000e+02 2.585545497621410949e+00
2.770000000000000000e+02 2.799018409209838687e+00
2.780000000000000000e+02 2.906650016011535165e+00
2.790000000000000000e+02 2.621986054608763883e+00
2.800000000000000000e+02 2.674600947049497801e+00
2.810000000000000000e+02 2.504797639302480672e+00
2.820000000000000000e+02 2.568946096472321639e+00
2.830000000000000000e+02 2.504773084422896812e+00
2.840000000000000000e+02 2.418674209308441903e+00
2.850000000000000000e+02 2.184383275442978167e+00
2.860000000000000000e+02 2.090873661539045969e+00
2.870000000000000000e+02 1.830384214454676695e+00
2.880000000000000000e+02 1.759042611581956406e+00
2.890000000000000000e+02 1.832363033548152664e+00
2.900000000000000000e+02 1.760505040003954802e+00
2.910000000000000000e+02 1.754345193469774467e+00
2.920000000000000000e+02 1.844430787402005834e+00
2.930000000000000000e+02 1.713114955908305204e+00
2.940000000000000000e+02 1.638674725948383371e+00
2.950000000000000000e+02 1.765753961086041324e+00
2.960000000000000000e+02 1.781992966323868943e+00
2.970000000000000000e+02 1.663297954986758587e+00
2.980000000000000000e+02 1.701675878370407791e+00
2.990000000000000000e+02 1.842486180709350663e+00
3.000000000000000000e+02 1.803110587056580671e+00
3.010000000000000000e+02 1.747150232305012096e+00
3.020000000000000000e+02 1.860789857469083097e+00
3.030000000000000000e+02 1.950284380054642774e+00
3.040000000000000000e+02 2.038015071149497537e+00
3.050000000000000000e+02 2.208957260962902680e+00
3.060000000000000000e+02 2.278286375143231179e+00
3.070000000000000000e+02 2.564190760729404772e+00
3.080000000000000000e+02 2.698642946543234888e+00
3.090000000000000000e+02 3.042020417765041618e+00
3.100000000000000000e+02 3.194528619783170154e+00
3.110000000000000000e+02 3.530917658582126251e+00
3.120000000000000000e+02 3.733571470881231757e+00
3.130000000000000000e+02 3.680298732294002839e+00
3.140000000000000000e+02 3.292869746782121521e+00
3.150000000000000000e+02 3.274127899685817411e+00
3.160000000000000000e+02 3.258694081636618112e+00
3.170000000000000000e+02 2.943743360794890851e+00
3.180000000000000000e+02 2.756953725075626860e+00
3.190000000000000000e+02 2.899339001740459665e+00
3.200000000000000000e+02 2.765583784461577821e+00
3.210000000000000000e+02 2.447044870208790801e+00
3.220000000000000000e+02 2.516579349935512688e+00
3.230000000000000000e+02 2.558990521866219225e+00
3.240000000000000000e+02 2.233925079269378777e+00
3.250000000000000000e+02 2.113768969791260943e+00
3.260000000000000000e+02 2.204076094523044649e+00
3.270000000000000000e+02 2.432604402086388173e+00
3.280000000000000000e+02 2.423285686728970489e+00
3.290000000000000000e+02 2.731961678078848266e+00
3.300000000000000000e+02 2.924863804413516455e+00
3.310000000000000000e+02 3.220775013942719589e+00
3.320000000000000000e+02 3.537375333483566031e+00
3.330000000000000000e+02 3.649252508494946312e+00
3.340000000000000000e+02 3.874957602381318811e+00
3.350000000000000000e+02 4.072173703864912397e+00
3.360000000000000000e+02 4.517704059631981295e+00
3.370000000000000000e+02 3.893471448165203519e+00
3.380000000000000000e+02 3.879963763844248792e+00
3.390000000000000000e+02 3.496170528516223008e+00
3.400000000000000000e+02 3.236385365853220897e+00
3.410000000000000000e+02 3.242170688215125551e+00
3.420000000000000000e+02 3.251170328066111281e+00
3.430000000000000000e+02 3.089441134290063395e+00
3.440000000000000000e+02 2.933403426107973999e+00
3.450000000000000000e+02 3.072291964874649839e+00
3.460000000000000000e+02 3.118005616568873428e+00
3.470000000000000000e+02 2.957045337126229079e+00
3.480000000000000000e+02 2.924022514690489682e+00
3.490000000000000000e+02 3.052940100629427000e+00
3.500000000000000000e+02 2.951123410762104271e+00
3.510000000000000000e+02 2.758702377155100471e+00
3.520000000000000000e+02 2.870028500033981800e+00
3.530000000000000000e+02 2.955645948260203326e+00
3.540000000000000000e+02 2.699507591235592585e+00
3.550000000000000000e+02 2.478932136410616494e+00
3.560000000000000000e+02 2.267321683194321480e+00
3.570000000000000000e+02 2.094111368827018094e+00
3.580000000000000000e+02 1.928514571130812039e+00
3.590000000000000000e+02 1.835306080028223041e+00
3.600000000000000000e+02 1.867891846779729859e+00
3.610000000000000000e+02 1.905368847257004505e+00
3.620000000000000000e+02 1.780927113009691087e+00
3.630000000000000000e+02 1.828240288684511050e+00
3.640000000000000000e+02 1.872276064036112686e+00
3.650000000000000000e+02 1.799859034254359891e+00
3.660000000000000000e+02 1.747489767003630901e+00
3.670000000000000000e+02 1.806416993982940200e+00
3.680000000000000000e+02 1.848175244055901612e+00
3.690000000000000000e+02 2.056121614260959518e+00
3.700000000000000000e+02 2.168091492990894320e+00
3.710000000000000000e+02 2.330597727349032144e+00
3.720000000000000000e+02 2.499933598294764359e+00
3.730000000000000000e+02 2.584779366393749722e+00
3.740000000000000000e+02 2.809648421813927932e+00
3.750000000000000000e+02 3.511544934417067942e+00
3.760000000000000000e+02 3.669053038625904595e+00
3.770000000000000000e+02 4.014389007856769886e+00
3.780000000000000000e+02 3.142996247713180313e+00
3.790000000000000000e+02 2.679772964923598622e+00
3.800000000000000000e+02 2.577210798231668765e+00
3.810000000000000000e+02 2.402900265802649482e+00
3.820000000000000000e+02 2.320747225263824820e+00
3.830000000000000000e+02 2.289206384109045089e+00
3.840000000000000000e+02 2.184059096839502168e+00
3.850000000000000000e+02 2.402162814025112780e+00
3.860000000000000000e+02 2.572046612102254937e+00
3.870000000000000000e+02 2.776224728314506063e+00
3.880000000000000000e+02 3.024337698471836422e+00
3.890000000000000000e+02 3.005134841961555114e+00
3.900000000000000000e+02 3.269722297858613569e+00
3.910000000000000000e+02 3.151310011418047008e+00
3.920000000000000000e+02 3.213692839333306406e+00
3.930000000000000000e+02 3.146181705717075339e+00
3.940000000000000000e+02 2.894607618633336266e+00
3.950000000000000000e+02 2.696152608113882021e+00
3.960000000000000000e+02 2.581740614375329645e+00
3.970000000000000000e+02 2.336645799491193110e+00
3.980000000000000000e+02 2.255622250396891015e+00
3.990000000000000000e+02 2.087445575137375275e+00
4.000000000000000000e+02 2.050072163645459078e+00
4.010000000000000000e+02 1.900532682665749817e+00
4.020000000000000000e+02 1.930871720675706449e+00
4.030000000000000000e+02 1.877968827969484833e+00
4.040000000000000000e+02 2.008662969657697861e+00
4.050000000000000000e+02 1.929066078093451209e+00
4.060000000000000000e+02 1.898746732277615923e+00
4.070000000000000000e+02 1.930873759486807284e+00
4.080000000000000000e+02 2.200161788835234056e+00
4.090000000000000000e+02 2.657949030908079546e+00
4.100000000000000000e+02 2.481268311175594654e+00
4.110000000000000000e+02 2.132625117691862915e+00
4.120000000000000000e+02 1.997067984749481884e+00
4.130000000000000000e+02 2.011438726166286273e+00
4.140000000000000000e+02 1.910441445932128834e+00
4.150000000000000000e+02 1.959325968035696031e+00
4.160000000000000000e+02 1.977511046107244264e+00
4.170000000000000000e+02 2.164825076904921097e+00
4.180000000000000000e+02 2.260606327998462728e+00
4.190000000000000000e+02 2.259244952057472222e+00
4.200000000000000000e+02 2.496638874762789229e+00
4.210000000000000000e+02 2.428630477439002622e+00
4.220000000000000000e+02 2.478051149091695216e+00
4.230000000000000000e+02 2.346951411937847176e+00
4.240000000000000000e+02 2.298628338402667115e+00
4.250000000000000000e+02 2.167359773290691294e+00
4.260000000000000000e+02 2.108445110493590402e+00
4.270000000000000000e+02 2.012133719194272086e+00
4.280000000000000000e+02 2.069203825401584762e+00
4.290000000000000000e+02 1.972092494316056044e+00
4.300000000000000000e+02 2.076784807705197355e+00
4.310000000000000000e+02 2.013029099755335505e+00
4.320000000000000000e+02 2.093284940679110750e+00
4.330000000000000000e+02 2.086784358674371731e+00
4.340000000000000000e+02 2.245568818585098825e+00
4.350000000000000000e+02 2.260342710452302839e+00
4.360000000000000000e+02 2.572774699779848184e+00
4.370000000000000000e+02 2.219782453503388986e+00
4.380000000000000000e+02 2.286343228455560705e+00
4.390000000000000000e+02 2.405488936067661676e+00
4.400000000000000000e+02 2.638788232362353270e+00
4.410000000000000000e+02 2.903849955598422738e+00
4.420000000000000000e+02 2.665413694344749729e+00
4.430000000000000000e+02 3.244727894264539891e+00
4.440000000000000000e+02 3.121180214404003284e+00
4.450000000000000000e+02 3.012704202173632773e+00
4.460000000000000000e+02 3.039547760921760045e+00
4.470000000000000000e+02 2.880556830883305164e+00
4.480000000000000000e+02 2.703217601297443817e+00
4.490000000000000000e+02 3.370807422691729727e+00
4.500000000000000000e+02 3.376912087669235341e+00
4.510000000000000000e+02 3.160124831273869450e+00
4.520000000000000000e+02 2.910751205750234494e+00
4.530000000000000000e+02 2.360844159194259717e+00
4.540000000000000000e+02 2.203955791296912547e+00
4.550000000000000000e+02 2.119150614150884682e+00
4.560000000000000000e+02 2.078490828432910220e+00
4.570000000000000000e+02 1.991371251279452359e+00
4.580000000000000000e+02 2.135429345838825821e+00
4.590000000000000000e+02 2.236638040399203220e+00
4.600000000000000000e+02 2.237276386978360510e+00
4.610000000000000000e+02 2.344352123004463273e+00
4.620000000000000000e+02 2.441706759405139593e+00
4.630000000000000000e+02 2.400306654161000086e+00
4.640000000000000000e+02 2.798833776007882967e+00
4.650000000000000000e+02 3.155786682201364712e+00
4.660000000000000000e+02 3.029302378498884174e+00
4.670000000000000000e+02 3.623240041427874036e+00
4.680000000000000000e+02 3.971575716300575820e+00
4.690000000000000000e+02 3.997795214600605718e+00
4.700000000000000000e+02 3.894764260246523779e+00
4.710000000000000000e+02 3.265035755663105999e+00
4.720000000000000000e+02 3.678984941833181921e+00
4.730000000000000000e+02 3.644846167836090167e+00
4.740000000000000000e+02 3.932496709496478893e+00
4.750000000000000000e+02 4.841582905593837083e+00
4.760000000000000000e+02 5.485937756415687261e+00
4.770000000000000000e+02 5.791297935606347203e+00
4.780000000000000000e+02 5.014013659179147098e+00
4.790000000000000000e+02 4.365381218552289333e+00
4.800000000000000000e+02 4.990955185858562793e+00
4.810000000000000000e+02 4.476240805323969063e+00
4.820000000000000000e+02 4.430901444304997661e+00
4.830000000000000000e+02 4.164120305393256949e+00
4.840000000000000000e+02 3.123452858669755194e+00
4.850000000000000000e+02 2.780483645066280651e+00
4.860000000000000000e+02 2.411362810687853742e+00
4.870000000000000000e+02 2.610618353570026251e+00
4.880000000000000000e+02 2.469190227518890612e+00
4.890000000000000000e+02 2.554070094130190594e+00
4.900000000000000000e+02 2.802591892454866951e+00
4.910000000000000000e+02 2.424987527013418021e+00
4.920000000000000000e+02 2.497522536243806268e+00
4.930000000000000000e+02 2.353995626720522871e+00
4.940000000000000000e+02 2.328897984523008891e+00
4.950000000000000000e+02 2.057157361652742988e+00
4.960000000000000000e+02 2.090379923016253638e+00
4.970000000000000000e+02 2.004026045213446405e+00
4.980000000000000000e+02 1.927597043875868055e+00
4.990000000000000000e+02 1.987676424331609404e+00
5.000000000000000000e+02 2.238730714096270891e+00
5.010000000000000000e+02 2.266437577702570483e+00
5.020000000000000000e+02 2.334469064840212216e+00
5.030000000000000000e+02 2.407320316597064469e+00
5.040000000000000000e+02 2.345257115139356863e+00
5.050000000000000000e+02 2.112102869599200350e+00
5.060000000000000000e+02 1.980175584824386270e+00
5.070000000000000000e+02 2.007817111545939781e+00
5.080000000000000000e+02 1.830716512170732502e+00
5.090000000000000000e+02 1.913967907408695934e+00
5.100000000000000000e+02 1.891328616248866279e+00
5.110000000000000000e+02 2.086785184815061367e+00
5.120000000000000000e+02 1.949185501469744120e+00
5.130000000000000000e+02 1.871017654184323975e+00
5.140000000000000000e+02 1.915893730113463533e+00
5.150000000000000000e+02 1.830596209449375289e+00
5.160000000000000000e+02 1.697459821414023962e+00
5.170000000000000000e+02 1.743123024012930955e+00
5.180000000000000000e+02 1.866714659127716391e+00
5.190000000000000000e+02 1.935698447505646014e+00
5.200000000000000000e+02 1.909134485467574471e+00
5.210000000000000000e+02 1.766238539798625551e+00
5.220000000000000000e+02 1.760406085631607498e+00
5.230000000000000000e+02 1.739476262371688620e+00
5.240000000000000000e+02 1.817662205824900568e+00
5.250000000000000000e+02 1.901513989831023821e+00
5.260000000000000000e+02 2.324257330923121589e+00
5.270000000000000000e+02 2.379577041057442166e+00
5.280000000000000000e+02 2.062048582704476551e+00
5.290000000000000000e+02 2.133832010446022664e+00
5.300000000000000000e+02 2.114061884826023086e+00
5.310000000000000000e+02 2.038608460938176048e+00
5.320000000000000000e+02 2.138463297263877294e+00
5.330000000000000000e+02 2.156002448032665164e+00
5.340000000000000000e+02 2.017868152727425368e+00
5.350000000000000000e+02 1.950341784508736298e+00
5.360000000000000000e+02 1.786443643333076370e+00
5.370000000000000000e+02 1.965098819772631344e+00
5.380000000000000000e+02 2.064407529735477365e+00
5.390000000000000000e+02 1.902497932480849974e+00
5.400000000000000000e+02 1.766867596361371806e+00
5.410000000000000000e+02 1.803922858823578279e+00
5.420000000000000000e+02 1.781756932631223034e+00
5.430000000000000000e+02 1.717799824569654854e+00
5.440000000000000000e+02 1.785074566329123202e+00
5.450000000000000000e+02 1.933744102637596329e+00
5.460000000000000000e+02 1.840522930066946117e+00
5.470000000000000000e+02 1.694347643329861874e+00
5.480000000000000000e+02 1.686329888227413365e+00
5.490000000000000000e+02 1.721011429615392441e+00
5.500000000000000000e+02 1.860689762184264850e+00
5.510000000000000000e+02 2.077322351004156520e+00
5.520000000000000000e+02 2.138780133499156300e+00
5.530000000000000000e+02 1.884948279639461655e+00
5.540000000000000000e+02 1.857735214596538231e+00
5.550000000000000000e+02 1.895615078983011736e+00
5.560000000000000000e+02 1.932241363081436569e+00
5.570000000000000000e+02 1.800358221838030737e+00
5.580000000000000000e+02 1.775674140240393717e+00
5.590000000000000000e+02 1.936721479875017859e+00
5.600000000000000000e+02 1.960289730426270305e+00
5.610000000000000000e+02 2.047433128013319337e+00
5.620000000000000000e+02 2.159763411786078446e+00
5.630000000000000000e+02 2.290132592504095843e+00
5.640000000000000000e+02 2.412247670241001174e+00
5.650000000000000000e+02 2.682171854540820632e+00
5.660000000000000000e+02 2.677512405489597125e+00
5.670000000000000000e+02 2.606214410010727178e+00
5.680000000000000000e+02 2.831688530617150867e+00
5.690000000000000000e+02 2.965568948797945303e+00
5.700000000000000000e+02 3.234845844657674441e+00
5.710000000000000000e+02 3.309700318044317413e+00
5.720000000000000000e+02 3.173250931400061869e+00
5.730000000000000000e+02 3.106405109328103098e+00
5.740000000000000000e+02 2.856781339774872475e+00
5.750000000000000000e+02 2.836188129568938621e+00
5.760000000000000000e+02 3.124613937440815281e+00
5.770000000000000000e+02 3.230682152066354007e+00
5.780000000000000000e+02 3.181905331889023802e+00
5.790000000000000000e+02 3.020476290049233903e+00
5.800000000000000000e+02 2.720669856168486778e+00
5.810000000000000000e+02 2.453815933223897794e+00
5.820000000000000000e+02 2.326020739550367811e+00
5.830000000000000000e+02 2.184422050792988568e+00
5.840000000000000000e+02 2.345499602734084199e+00
5.850000000000000000e+02 2.473355222996913128e+00
5.860000000000000000e+02 2.616190728504292462e+00
5.870000000000000000e+02 2.777576301262601799e+00
5.880000000000000000e+02 3.137335933463072379e+00
5.890000000000000000e+02 3.279949867646105410e+00
5.900000000000000000e+02 3.695672669370360097e+00
5.910000000000000000e+02 3.841603220239627525e+00
5.920000000000000000e+02 3.563131917999850184e+00
5.930000000000000000e+02 3.409758686713959985e+00
5.940000000000000000e+02 3.633449648855469949e+00
5.950000000000000000e+02 3.815171670069737786e+00
5.960000000000000000e+02 3.924757580252786315e+00
5.970000000000000000e+02 3.539489880637759267e+00
5.980000000000000000e+02 3.255825041881740933e+00
5.990000000000000000e+02 3.305660530909865447e+00
6.000000000000000000e+02 3.593698740806374303e+00
6.010000000000000000e+02 3.690706861710495001e+00
6.020000000000000000e+02 4.146809070779781337e+00
6.030000000000000000e+02 4.250108934320792287e+00
6.040000000000000000e+02 3.591256979667218019e+00
6.050000000000000000e+02 3.694746088313748622e+00
6.060000000000000000e+02 3.541545007707933124e+00
6.070000000000000000e+02 3.470802751876064463e+00
6.080000000000000000e+02 3.422786375553228400e+00
6.090000000000000000e+02 3.197036354300492267e+00
6.100000000000000000e+02 3.126568104898389322e+00
6.110000000000000000e+02 3.138086140203355079e+00
6.120000000000000000e+02 3.055871687536539927e+00
6.130000000000000000e+02 2.930771739112549845e+00
6.140000000000000000e+02 3.041489081919119375e+00
6.150000000000000000e+02 3.215246063578001579e+00
6.160000000000000000e+02 3.121986033849376341e+00
6.170000000000000000e+02 3.147012172134469932e+00
6.180000000000000000e+02 3.510135685459770283e+00
6.190000000000000000e+02 3.658783156000577019e+00
6.200000000000000000e+02 3.428169017592436862e+00
6.210000000000000000e+02 3.400758370429878941e+00
6.220000000000000000e+02 3.131329101285891259e+00
6.230000000000000000e+02 2.958478518890882647e+00
6.240000000000000000e+02 2.929762033647663078e+00
6.250000000000000000e+02 2.845345546322376684e+00
6.260000000000000000e+02 3.046127105795251033e+00
6.270000000000000000e+02 3.197516294489187505e+00
6.280000000000000000e+02 3.157513878808960506e+00
6.290000000000000000e+02 3.288545323430763112e+00
6.300000000000000000e+02 3.089605235157507401e+00
6.310000000000000000e+02 3.109433923209099504e+00
6.320000000000000000e+02 3.491528999351091844e+00
6.330000000000000000e+02 3.234400088513559979e+00
6.340000000000000000e+02 2.935028143713759974e+00
6.350000000000000000e+02 3.197750003075834346e+00
6.360000000000000000e+02 3.480105749389736935e+00
6.370000000000000000e+02 3.641984178435542674e+00
6.380000000000000000e+02 3.990434902009586615e+00
6.390000000000000000e+02 3.866022498937553120e+00
6.400000000000000000e+02 4.186526607416428014e+00
6.410000000000000000e+02 4.183935809360689539e+00
6.420000000000000000e+02 4.415813768179029708e+00
6.430000000000000000e+02 4.586934184119034974e+00
6.440000000000000000e+02 4.765118332292625603e+00
6.450000000000000000e+02 4.987610122435935267e+00
6.460000000000000000e+02 5.394742234683825188e+00
6.470000000000000000e+02 6.041401819961932596e+00
6.480000000000000000e+02 6.936928202822168821e+00
6.490000000000000000e+02 7.026551461586228342e+00
6.500000000000000000e+02 6.737908718172438860e+00
6.510000000000000000e+02 5.798635474475037910e+00
6.520000000000000000e+02 4.978192956888761955e+00
6.530000000000000000e+02 4.469732104123095517e+00
6.540000000000000000e+02 4.177331735398180257e+00
6.550000000000000000e+02 3.709027398815300636e+00
6.560000000000000000e+02 3.535903501051110620e+00
6.570000000000000000e+02 3.264247082661396515e+00
6.580000000000000000e+02 3.252076407415479320e+00
6.590000000000000000e+02 3.176078491900808043e+00
6.600000000000000000e+02 3.311059316490807536e+00
6.610000000000000000e+02 3.409287863035557198e+00
6.620000000000000000e+02 3.408158033693993616e+00
6.630000000000000000e+02 3.331089846446410263e+00
6.640000000000000000e+02 3.381581265447240359e+00
6.650000000000000000e+02 3.377165581712453513e+00
6.660000000000000000e+02 3.641035855495865281e+00
6.670000000000000000e+02 3.729529695302166825e+00
6.680000000000000000e+02 4.060202686378545422e+00
6.690000000000000000e+02 4.066617069328946954e+00
6.700000000000000000e+02 4.464233575565023315e+00
6.710000000000000000e+02 4.655524827328082260e+00
6.720000000000000000e+02 5.125373638725867487e+00
6.730000000000000000e+02 6.000831177271627404e+00
6.740000000000000000e+02 6.050062219571312738e+00
6.750000000000000000e+02 5.504254405725511390e+00
6.760000000000000000e+02 4.682997762241811301e+00
6.770000000000000000e+02 4.220915909514501685e+00
6.780000000000000000e+02 4.192649235378535622e+00
6.790000000000000000e+02 3.875426383644328787e+00
6.800000000000000000e+02 4.067031823289007697e+00
6.810000000000000000e+02 3.804651489112404139e+00
6.820000000000000000e+02 3.923889180597595061e+00
6.830000000000000000e+02 3.995470346685290775e+00
6.840000000000000000e+02 3.855963844091857329e+00
6.850000000000000000e+02 3.549924828289506618e+00
6.860000000000000000e+02 3.605623184582750884e+00
6.870000000000000000e+02 3.511262757476610652e+00
6.880000000000000000e+02 3.570268278123593486e+00
6.890000000000000000e+02 3.612373803196625488e+00
6.900000000000000000e+02 3.618528135754381481e+00
6.910000000000000000e+02 3.456333259816295023e+00
6.920000000000000000e+02 3.900755609647982070e+00
6.930000000000000000e+02 3.932989077623987750e+00
6.940000000000000000e+02 4.235109264336557544e+00
6.950000000000000000e+02 3.908598982653737064e+00
6.960000000000000000e+02 3.358098958779231147e+00
6.970000000000000000e+02 3.640320259593249563e+00
6.980000000000000000e+02 3.840618242072256550e+00
6.990000000000000000e+02 3.349840726799475643e+00
7.000000000000000000e+02 3.228339164574476783e+00
7.010000000000000000e+02 3.667074175652362378e+00
7.020000000000000000e+02 3.589143773893813005e+00
7.030000000000000000e+02 3.176592259715104394e+00
7.040000000000000000e+02 3.519345740894107788e+00
7.050000000000000000e+02 3.849661263047116755e+00
7.060000000000000000e+02 3.608629054632988886e+00
7.070000000000000000e+02 3.535039407896927610e+00
7.080000000000000000e+02 4.021882129759348778e+00
7.090000000000000000e+02 4.205832042872756915e+00
7.100000000000000000e+02 4.060987508417500891e+00
7.110000000000000000e+02 4.254125736129907409e+00
7.120000000000000000e+02 4.685643064409672931e+00
7.130000000000000000e+02 4.735533123286053581e+00
7.140000000000000000e+02 4.646372080175522612e+00
7.150000000000000000e+02 4.982389832622504677e+00
7.160000000000000000e+02 5.286955652856893728e+00
7.170000000000000000e+02 5.338365668722227397e+00
7.180000000000000000e+02 5.462487670090856895e+00
7.190000000000000000e+02 5.811600292424373038e+00
7.200000000000000000e+02 6.084281420140222885e+00
7.210000000000000000e+02 6.196265897284137125e+00
7.220000000000000000e+02 6.435539892930601802e+00
7.230000000000000000e+02 6.772114560107578285e+00
7.240000000000000000e+02 7.038864039601198996e+00
7.250000000000000000e+02 7.169990487184805694e+00
7.260000000000000000e+02 7.359886294950597652e+00
7.270000000000000000e+02 7.697427160393285561e+00
7.280000000000000000e+02 7.977552346267537509e+00
7.290000000000000000e+02 8.128366572511126265e+00
7.300000000000000000e+02 8.372860336307841322e+00
7.310000000000000000e+02 8.763869014709293026e+00
7.320000000000000000e+02 8.926099151624917738e+00
7.330000000000000000e+02 9.212369500133794631e+00
7.340000000000000000e+02 9.527779398932384680e+00
7.350000000000000000e+02 9.827789630403305665e+00
7.360000000000000000e+02 1.007980289066657953e+01
7.370000000000000000e+02 1.030095619316266387e+01
7.380000000000000000e+02 1.062115303544945455e+01
7.390000000000000000e+02 1.091875796515406627e+01
7.400000000000000000e+02 1.121998649838186601e+01
7.410000000000000000e+02 1.141415299129828398e+01
7.420000000000000000e+02 1.115301592119782548e+01
7.430000000000000000e+02 1.142601137698084912e+01
7.440000000000000000e+02 1.123962820703205701e+01
7.450000000000000000e+02 1.141117199498293289e+01
7.460000000000000000e+02 1.205104657657107659e+01
7.470000000000000000e+02 1.226212118376009386e+01
7.480000000000000000e+02 1.205206689783500451e+01
7.490000000000000000e+02 1.204930852456334378e+01
7.500000000000000000e+02 1.142351234294985041e+01
7.510000000000000000e+02 1.143400077317530616e+01
7.520000000000000000e+02 1.081667932215298222e+01
7.530000000000000000e+02 1.026600895807244740e+01
7.540000000000000000e+02 9.931409377933348992e+00
7.550000000000000000e+02 9.398131957976119111e+00
7.560000000000000000e+02 9.081389683331638096e+00
7.570000000000000000e+02 8.795736681103766941e+00
7.580000000000000000e+02 8.598126048375201336e+00
7.590000000000000000e+02 8.066173307477992438e+00
7.600000000000000000e+02 8.054697700015907458e+00
7.610000000000000000e+02 7.920163454456409013e+00
7.620000000000000000e+02 8.542956707476866640e+00
