# Residue RMSF(Ang)
1.000000000000000000e+00 1.641529087418149624e+00
2.000000000000000000e+00 1.744482156733178524e+00
3.000000000000000000e+00 1.705411030003855410e+00
4.000000000000000000e+00 1.856692640182826537e+00
5.000000000000000000e+00 1.853724425936392750e+00
6.000000000000000000e+00 2.144559693452091409e+00
7.000000000000000000e+00 2.289452103100892977e+00
8.000000000000000000e+00 2.069643263370370523e+00
9.000000000000000000e+00 2.186042930707996046e+00
1.000000000000000000e+01 2.120966601254416162e+00
1.100000000000000000e+01 2.222848845661183681e+00
1.200000000000000000e+01 2.347254997161370316e+00
1.300000000000000000e+01 2.460337957512707785e+00
1.400000000000000000e+01 2.668432906106851910e+00
1.500000000000000000e+01 2.561187272395265779e+00
1.600000000000000000e+01 2.374638291146031310e+00
1.700000000000000000e+01 2.379409630655740404e+00
1.800000000000000000e+01 2.100939937686889802e+00
1.900000000000000000e+01 2.125476149810380910e+00
2.000000000000000000e+01 1.921022645042349541e+00
2.100000000000000000e+01 1.847213812782321662e+00
2.200000000000000000e+01 1.893216897901996099e+00
2.300000000000000000e+01 1.934933360604087493e+00
2.400000000000000000e+01 2.028259462832903370e+00
2.500000000000000000e+01 2.164163603055848206e+00
2.600000000000000000e+01 2.390458249282500169e+00
2.700000000000000000e+01 2.596366988882237159e+00
2.800000000000000000e+01 3.088135048177708342e+00
2.900000000000000000e+01 3.880972077297586864e+00
3.000000000000000000e+01 4.681228990211346641e+00
3.100000000000000000e+01 4.671968572779169548e+00
3.200000000000000000e+01 3.417021935616410655e+00
3.300000000000000000e+01 3.362658443028775590e+00
3.400000000000000000e+01 2.682263877452936818e+00
3.500000000000000000e+01 2.502413146566434321e+00
3.600000000000000000e+01 2.263675833150138317e+00
3.700000000000000000e+01 2.255403676083722164e+00
3.800000000000000000e+01 2.182058842345605765e+00
3.900000000000000000e+01 2.194677591293005214e+00
4.000000000000000000e+01 2.268177950641852014e+00
4.100000000000000000e+01 2.297146409428187486e+00
4.200000000000000000e+01 2.389447718502607731e+00
4.300000000000000000e+01 2.564737950342708572e+00
4.400000000000000000e+01 2.847442338791276395e+00
4.500000000000000000e+01 3.152623134316962616e+00
4.600000000000000000e+01 3.563148313534076461e+00
4.700000000000000000e+01 3.509525456778087804e+00
4.800000000000000000e+01 3.663458155847600928e+00
4.900000000000000000e+01 3.436269619225767791e+00
5.000000000000000000e+01 3.116285337538252431e+00
5.100000000000000000e+01 2.935902927002972174e+00
5.200000000000000000e+01 2.720884002142456293e+00
5.300000000000000000e+01 2.817945683461975381e+00
5.400000000000000000e+01 2.571842289237270762e+00
5.500000000000000000e+01 2.598237561355228653e+00
5.600000000000000000e+01 2.495198841880573948e+00
5.700000000000000000e+01 2.550727857392027786e+00
5.800000000000000000e+01 2.560988110077666136e+00
5.900000000000000000e+01 2.506790487689059876e+00
6.000000000000000000e+01 2.684433086591806461e+00
6.100000000000000000e+01 2.679888876078793114e+00
6.200000000000000000e+01 3.220651870934352790e+00
6.300000000000000000e+01 3.816588592478456388e+00
6.400000000000000000e+01 3.384722785987813509e+00
6.500000000000000000e+01 2.916975667408255202e+00
6.600000000000000000e+01 3.019040062144407344e+00
6.700000000000000000e+01 2.728341340986264463e+00
6.800000000000000000e+01 2.924235531613012196e+00
6.900000000000000000e+01 2.902350476915383393e+00
7.000000000000000000e+01 2.854731193077247653e+00
7.100000000000000000e+01 3.091067136736258547e+00
7.200000000000000000e+01 3.029882864643624441e+00
7.300000000000000000e+01 3.269676424336353193e+00
7.400000000000000000e+01 3.442993653206865901e+00
7.500000000000000000e+01 3.621786289801911529e+00
7.600000000000000000e+01 3.652790660326776351e+00
7.700000000000000000e+01 3.440007671746514006e+00
7.800000000000000000e+01 3.874413387797054131e+00
7.900000000000000000e+01 4.350845530112195547e+00
8.000000000000000000e+01 4.225181818145817836e+00
8.100000000000000000e+01 4.316582211772681532e+00
8.200000000000000000e+01 4.127702581818653904e+00
8.300000000000000000e+01 4.142041064710681120e+00
8.400000000000000000e+01 3.827103919243199925e+00
8.500000000000000000e+01 3.490201037904548720e+00
8.600000000000000000e+01 3.210868234969444845e+00
8.700000000000000000e+01 3.146530973808729925e+00
8.800000000000000000e+01 2.996228097770666565e+00
8.900000000000000000e+01 2.900382817303267302e+00
9.000000000000000000e+01 2.830900310882571880e+00
9.100000000000000000e+01 2.594537650960191844e+00
9.200000000000000000e+01 2.539594363823746814e+00
9.300000000000000000e+01 2.326813403543539494e+00
9.400000000000000000e+01 2.443458051710234891e+00
9.500000000000000000e+01 2.296510321533118848e+00
9.600000000000000000e+01 2.070047065467231828e+00
9.700000000000000000e+01 2.118312575769213169e+00
9.800000000000000000e+01 2.203779055008856957e+00
9.900000000000000000e+01 2.214996351279731712e+00
1.000000000000000000e+02 2.355524922420830336e+00
1.010000000000000000e+02 2.542531261954147137e+00
1.020000000000000000e+02 2.740286550014364941e+00
1.030000000000000000e+02 2.928088729643406385e+00
1.040000000000000000e+02 2.832383356805129981e+00
1.050000000000000000e+02 2.621281551088706419e+00
1.060000000000000000e+02 2.551570334304508414e+00
1.070000000000000000e+02 2.450732843001271810e+00
1.080000000000000000e+02 2.424488114108897641e+00
1.090000000000000000e+02 2.427786130036378776e+00
1.100000000000000000e+02 2.335567066679821391e+00
1.110000000000000000e+02 2.402643702784094781e+00
1.120000000000000000e+02 2.618365204182061312e+00
1.130000000000000000e+02 2.733891971677638644e+00
1.140000000000000000e+02 2.909956774880385844e+00
1.150000000000000000e+02 3.166642288786817527e+00
1.160000000000000000e+02 3.565184873109886965e+00
1.170000000000000000e+02 4.129753017675044546e+00
1.180000000000000000e+02 4.302575186902856785e+00
1.190000000000000000e+02 3.550558113841581598e+00
1.200000000000000000e+02 3.904346872893207809e+00
1.210000000000000000e+02 3.476268352226805192e+00
1.220000000000000000e+02 3.141149488890784713e+00
1.230000000000000000e+02 2.787431070437393021e+00
1.240000000000000000e+02 2.573446925963110754e+00
1.250000000000000000e+02 2.705997547538379511e+00
1.260000000000000000e+02 2.597942580020235592e+00
1.270000000000000000e+02 2.745732803977183778e+00
1.280000000000000000e+02 2.704230720929945875e+00
1.290000000000000000e+02 2.833166753360454315e+00
1.300000000000000000e+02 2.873366639002689737e+00
1.310000000000000000e+02 3.004684547520533933e+00
1.320000000000000000e+02 3.203116722149872420e+00
1.330000000000000000e+02 3.414263712020106478e+00
1.340000000000000000e+02 3.567689186566134651e+00
1.350000000000000000e+02 3.483010856080572815e+00
1.360000000000000000e+02 3.244596265062624774e+00
1.370000000000000000e+02 3.220339423998392014e+00
1.380000000000000000e+02 3.157574552525962197e+00
1.390000000000000000e+02 3.042388706901362205e+00
1.400000000000000000e+02 3.018589815201667470e+00
1.410000000000000000e+02 2.954445023102072021e+00
1.420000000000000000e+02 3.051470222856630166e+00
1.430000000000000000e+02 3.206647871809258810e+00
1.440000000000000000e+02 3.865549151585384369e+00
1.450000000000000000e+02 3.791705994013409242e+00
1.460000000000000000e+02 4.519426299552452342e+00
1.470000000000000000e+02 4.326915075979637315e+00
1.480000000000000000e+02 4.273598601590154367e+00
1.490000000000000000e+02 3.606500683780987426e+00
1.500000000000000000e+02 3.355721408906998438e+00
1.510000000000000000e+02 3.028123894090256396e+00
1.520000000000000000e+02 3.000551582483118374e+00
1.530000000000000000e+02 3.094052826526565880e+00
1.540000000000000000e+02 2.637310663080373985e+00
1.550000000000000000e+02 2.575734953316117792e+00
1.560000000000000000e+02 2.407531896641279534e+00
1.570000000000000000e+02 2.431041953480930662e+00
1.580000000000000000e+02 2.345878779479706910e+00
1.590000000000000000e+02 2.095537673379991972e+00
1.600000000000000000e+02 2.005475714240938068e+00
1.610000000000000000e+02 2.132123052625626070e+00
1.620000000000000000e+02 2.154270346715377205e+00
1.630000000000000000e+02 2.370554861721976714e+00
1.640000000000000000e+02 2.445289152050465376e+00
1.650000000000000000e+02 2.687428270018726639e+00
1.660000000000000000e+02 2.965996477678032761e+00
1.670000000000000000e+02 2.892725127309160094e+00
1.680000000000000000e+02 2.731613841544772825e+00
1.690000000000000000e+02 2.577570511229389183e+00
1.700000000000000000e+02 2.388447844044980339e+00
1.710000000000000000e+02 2.372684590044459085e+00
1.720000000000000000e+02 2.286384403387070829e+00
1.730000000000000000e+02 2.390457439384928939e+00
1.740000000000000000e+02 2.240840051690148549e+00
1.750000000000000000e+02 2.392829964266679710e+00
1.760000000000000000e+02 2.611320662660430170e+00
1.770000000000000000e+02 2.839351828443414938e+00
1.780000000000000000e+02 2.735989072195890603e+00
1.790000000000000000e+02 2.423882459361163644e+00
1.800000000000000000e+02 2.566409942431424618e+00
1.810000000000000000e+02 2.465757646053067020e+00
1.820000000000000000e+02 2.593746012239597665e+00
1.830000000000000000e+02 2.500619969057322312e+00
1.840000000000000000e+02 2.658465926888086361e+00
1.850000000000000000e+02 2.717355874305150909e+00
1.860000000000000000e+02 2.929208039449261225e+00
1.870000000000000000e+02 3.067254385447588216e+00
1.880000000000000000e+02 3.013278960754576463e+00
1.890000000000000000e+02 3.247838094667101494e+00
1.900000000000000000e+02 3.339893183680293198e+00
1.910000000000000000e+02 3.183375496978580799e+00
1.920000000000000000e+02 3.264922845299408571e+00
1.930000000000000000e+02 3.488861033508203757e+00
1.940000000000000000e+02 3.604437640976952295e+00
1.950000000000000000e+02 3.509021931954233064e+00
1.960000000000000000e+02 3.691048086115519045e+00
1.970000000000000000e+02 3.797013026048666084e+00
1.980000000000000000e+02 3.868046784516716574e+00
1.990000000000000000e+02 3.842994268488031828e+00
2.000000000000000000e+02 4.031917192871925515e+00
2.010000000000000000e+02 4.005950711616240945e+00
2.020000000000000000e+02 3.965362536665555826e+00
2.030000000000000000e+02 3.785767553425839704e+00
2.040000000000000000e+02 3.644127876615657513e+00
2.050000000000000000e+02 3.745365833782817511e+00
2.060000000000000000e+02 3.502099539849958809e+00
2.070000000000000000e+02 3.199790457532263321e+00
2.080000000000000000e+02 3.011243111735919964e+00
2.090000000000000000e+02 2.904316403899093846e+00
2.100000000000000000e+02 2.997453017379536178e+00
2.110000000000000000e+02 3.913273504865917740e+00
2.120000000000000000e+02 3.307412950181490174e+00
2.130000000000000000e+02 3.984430283481188884e+00
2.140000000000000000e+02 3.472848834429639986e+00
2.150000000000000000e+02 3.933628708194110146e+00
2.160000000000000000e+02 3.305746634342266344e+00
2.170000000000000000e+02 2.888079273652906398e+00
2.180000000000000000e+02 2.798591484898647064e+00
2.190000000000000000e+02 2.454699165698766894e+00
2.200000000000000000e+02 2.382384203913264553e+00
2.210000000000000000e+02 2.151851437098655229e+00
2.220000000000000000e+02 2.246581485793478272e+00
2.230000000000000000e+02 2.185079258184927653e+00
2.240000000000000000e+02 1.919285268684884027e+00
2.250000000000000000e+02 1.803470679774916263e+00
2.260000000000000000e+02 1.978969902657495616e+00
2.270000000000000000e+02 2.018371129582514634e+00
2.280000000000000000e+02 2.193380709881874946e+00
2.290000000000000000e+02 2.485604832591399305e+00
2.300000000000000000e+02 2.395492372839687523e+00
2.310000000000000000e+02 2.375225043545597714e+00
2.320000000000000000e+02 2.716723905984997245e+00
2.330000000000000000e+02 2.904944643333629006e+00
2.340000000000000000e+02 3.049588424275772258e+00
2.350000000000000000e+02 3.049276210898018924e+00
2.360000000000000000e+02 2.699300517593534288e+00
2.370000000000000000e+02 2.465877954755264057e+00
2.380000000000000000e+02 2.409881660798266712e+00
2.390000000000000000e+02 2.394581624154373145e+00
2.400000000000000000e+02 2.042084882018429859e+00
2.410000000000000000e+02 1.972683308503743849e+00
2.420000000000000000e+02 1.815046020649468073e+00
2.430000000000000000e+02 1.915135048870539425e+00
2.440000000000000000e+02 1.761458056391533855e+00
2.450000000000000000e+02 1.922181751599049582e+00
2.460000000000000000e+02 2.103542045530702786e+00
2.470000000000000000e+02 2.317511267542462505e+00
2.480000000000000000e+02 2.290346947529509070e+00
2.490000000000000000e+02 1.982428574632937535e+00
2.500000000000000000e+02 1.955651437033912643e+00
2.510000000000000000e+02 1.846797257157282823e+00
2.520000000000000000e+02 1.942746436443475000e+00
2.530000000000000000e+02 1.916989698972440204e+00
2.540000000000000000e+02 2.136526795161239445e+00
2.550000000000000000e+02 2.236432846514511130e+00
2.560000000000000000e+02 2.473392192412085855e+00
2.570000000000000000e+02 2.648725064203215407e+00
2.580000000000000000e+02 2.685953936904448280e+00
2.590000000000000000e+02 2.958462270084693202e+00
2.600000000000000000e+02 3.094264591024074473e+00
2.610000000000000000e+02 2.779935961651003762e+00
2.620000000000000000e+02 2.834519670198123453e+00
2.630000000000000000e+02 2.687642813070182601e+00
2.640000000000000000e+02 2.639853635246259600e+00
2.650000000000000000e+02 2.379421431815377908e+00
2.660000000000000000e+02 2.258862799612801009e+00
2.670000000000000000e+02 2.158244094965104942e+00
2.680000000000000000e+02 2.072688751752523206e+00
2.690000000000000000e+02 1.854418213053863784e+00
2.700000000000000000e+02 1.916608938713058707e+00
2.710000000000000000e+02 1.879056175009655938e+00
2.720000000000000000e+02 1.884450796643298398e+00
2.730000000000000000e+02 1.711685134610528181e+00
2.740000000000000000e+02 1.517676191578390066e+00
2.750000000000000000e+02 1.522083772877936392e+00
2.760000000000000000e+02 1.557769075007757076e+00
2.770000000000000000e+02 1.619315490999960083e+00
2.780000000000000000e+02 1.494185755262513071e+00
2.790000000000000000e+02 1.515644119397987488e+00
2.800000000000000000e+02 1.609298712203086623e+00
2.810000000000000000e+02 1.642357466834892810e+00
2.820000000000000000e+02 1.795326190722831061e+00
2.830000000000000000e+02 1.783321852407253161e+00
2.840000000000000000e+02 1.889058792890674576e+00
2.850000000000000000e+02 2.266651234128587156e+00
2.860000000000000000e+02 2.688083415315805080e+00
2.870000000000000000e+02 2.913402661534090665e+00
2.880000000000000000e+02 2.886164297973466741e+00
2.890000000000000000e+02 3.225484448643232582e+00
2.900000000000000000e+02 2.437339951231037194e+00
2.910000000000000000e+02 1.997083098071032570e+00
2.920000000000000000e+02 1.826062987494826650e+00
2.930000000000000000e+02 1.742154604345249602e+00
2.940000000000000000e+02 1.544506088541580446e+00
2.950000000000000000e+02 1.506001174577475288e+00
2.960000000000000000e+02 1.357845796715572373e+00
2.970000000000000000e+02 1.338452272702020274e+00
2.980000000000000000e+02 1.217083091044700804e+00
2.990000000000000000e+02 1.259103548706937747e+00
3.000000000000000000e+02 1.309802340667462595e+00
3.010000000000000000e+02 1.334654055887763313e+00
3.020000000000000000e+02 1.413129716440970407e+00
3.030000000000000000e+02 1.534877801133994968e+00
3.040000000000000000e+02 1.509968218065679491e+00
3.050000000000000000e+02 1.781034826254292769e+00
3.060000000000000000e+02 1.875489685380386629e+00
3.070000000000000000e+02 1.783013096970031741e+00
3.080000000000000000e+02 1.611183681607312623e+00
3.090000000000000000e+02 1.458364220223097973e+00
3.100000000000000000e+02 1.288012992739265172e+00
3.110000000000000000e+02 1.201140356990635150e+00
3.120000000000000000e+02 1.156412527450615846e+00
3.130000000000000000e+02 1.172374462961198072e+00
3.140000000000000000e+02 1.255238697775747925e+00
3.150000000000000000e+02 1.300586654602880810e+00
3.160000000000000000e+02 1.499159402254836460e+00
3.170000000000000000e+02 1.609470303899582788e+00
3.180000000000000000e+02 1.845526557666673284e+00
3.190000000000000000e+02 2.032072377684941422e+00
3.200000000000000000e+02 2.322305424618299252e+00
3.210000000000000000e+02 2.600397046177743032e+00
3.220000000000000000e+02 2.941350877066111646e+00
3.230000000000000000e+02 3.160632067897763964e+00
3.240000000000000000e+02 3.086854300966966669e+00
3.250000000000000000e+02 2.740386824903604968e+00
3.260000000000000000e+02 2.377714426013084026e+00
3.270000000000000000e+02 2.209168425053484874e+00
3.280000000000000000e+02 1.994139268350223260e+00
3.290000000000000000e+02 1.795126549534799443e+00
3.300000000000000000e+02 1.585301308235766760e+00
3.310000000000000000e+02 1.390413118178766227e+00
3.320000000000000000e+02 1.313838476776110875e+00
3.330000000000000000e+02 1.192153726257469293e+00
3.340000000000000000e+02 1.342904418791549981e+00
3.350000000000000000e+02 1.341266985694874903e+00
3.360000000000000000e+02 1.322276316275091679e+00
3.370000000000000000e+02 1.297307880744734909e+00
3.380000000000000000e+02 1.211352551175707282e+00
3.390000000000000000e+02 1.140399787828549893e+00
3.400000000000000000e+02 1.123324798534245161e+00
3.410000000000000000e+02 1.179714214981839815e+00
3.420000000000000000e+02 1.229618181266462162e+00
3.430000000000000000e+02 1.279313259997653551e+00
3.440000000000000000e+02 1.296456179144120480e+00
3.450000000000000000e+02 1.391708480706471462e+00
3.460000000000000000e+02 1.491971409831645001e+00
3.470000000000000000e+02 1.553543207307768403e+00
3.480000000000000000e+02 1.710328598052483162e+00
3.490000000000000000e+02 1.777096270654757726e+00
3.500000000000000000e+02 1.708791852515902709e+00
3.510000000000000000e+02 1.668608962456896050e+00
3.520000000000000000e+02 1.786912507330531419e+00
3.530000000000000000e+02 1.814952587433698694e+00
3.540000000000000000e+02 1.833257183406227897e+00
3.550000000000000000e+02 1.912753876726938085e+00
3.560000000000000000e+02 1.787700518031757779e+00
3.570000000000000000e+02 1.434679796656166184e+00
3.580000000000000000e+02 1.319585836898540254e+00
3.590000000000000000e+02 1.226229498193090794e+00
3.600000000000000000e+02 1.133656880412915680e+00
3.610000000000000000e+02 1.137938091850123623e+00
3.620000000000000000e+02 1.122463109840173834e+00
3.630000000000000000e+02 1.259131070612587999e+00
3.640000000000000000e+02 1.283481023409447808e+00
3.650000000000000000e+02 1.250068202256390482e+00
3.660000000000000000e+02 1.411144962461495345e+00
3.670000000000000000e+02 1.590471858240271485e+00
3.680000000000000000e+02 1.632559189738462369e+00
3.690000000000000000e+02 1.408385283796198095e+00
3.700000000000000000e+02 1.452976285428203784e+00
3.710000000000000000e+02 1.281092883558390128e+00
3.720000000000000000e+02 1.208696441263102050e+00
3.730000000000000000e+02 1.188653216731496931e+00
3.740000000000000000e+02 1.166090518175185053e+00
3.750000000000000000e+02 1.250171848856361567e+00
3.760000000000000000e+02 1.317267548208556738e+00
3.770000000000000000e+02 1.473957402428374142e+00
3.780000000000000000e+02 1.710891435884650091e+00
3.790000000000000000e+02 2.099584521419084915e+00
3.800000000000000000e+02 2.282336844287836453e+00
3.810000000000000000e+02 2.452774721969651406e+00
3.820000000000000000e+02 2.138360450860804285e+00
3.830000000000000000e+02 1.661653152163049540e+00
3.840000000000000000e+02 1.649667407522809937e+00
3.850000000000000000e+02 1.639086665552068611e+00
3.860000000000000000e+02 1.659518996655768186e+00
3.870000000000000000e+02 1.444263718793249662e+00
3.880000000000000000e+02 1.536065202378674277e+00
3.890000000000000000e+02 1.460764092362216937e+00
3.900000000000000000e+02 1.384486334053940837e+00
3.910000000000000000e+02 1.422410546867644898e+00
3.920000000000000000e+02 1.662425426873198386e+00
3.930000000000000000e+02 2.041728612311141777e+00
3.940000000000000000e+02 2.099448706502184514e+00
3.950000000000000000e+02 2.104267589484487999e+00
3.960000000000000000e+02 2.764283155526051416e+00
3.970000000000000000e+02 2.874055249745385954e+00
3.980000000000000000e+02 2.549903907938413816e+00
3.990000000000000000e+02 2.363556868066162497e+00
4.000000000000000000e+02 1.920671825503186270e+00
4.010000000000000000e+02 1.631784107756710345e+00
4.020000000000000000e+02 1.626040869202203698e+00
4.030000000000000000e+02 1.504612590551072548e+00
4.040000000000000000e+02 1.435607507865937604e+00
4.050000000000000000e+02 1.379988714363626690e+00
4.060000000000000000e+02 1.443277526867098537e+00
4.070000000000000000e+02 1.555147928399549073e+00
4.080000000000000000e+02 1.520265537587169868e+00
4.090000000000000000e+02 1.647593377491132660e+00
4.100000000000000000e+02 1.658859455862809362e+00
4.110000000000000000e+02 1.820824222255801983e+00
4.120000000000000000e+02 2.044314248844913084e+00
4.130000000000000000e+02 2.683337568650236982e+00
4.140000000000000000e+02 3.161484857130067994e+00
4.150000000000000000e+02 3.269011356495818532e+00
4.160000000000000000e+02 3.595010046829534289e+00
4.170000000000000000e+02 2.891185919205385702e+00
4.180000000000000000e+02 2.593250037806756669e+00
4.190000000000000000e+02 1.969681835981812013e+00
4.200000000000000000e+02 1.920229036179999849e+00
4.210000000000000000e+02 1.964484974053941624e+00
4.220000000000000000e+02 1.708617173647045462e+00
4.230000000000000000e+02 1.740849081205020576e+00
4.240000000000000000e+02 1.589875753220827415e+00
4.250000000000000000e+02 1.666782977189248616e+00
4.260000000000000000e+02 1.679017914613280871e+00
4.270000000000000000e+02 1.849753966496488156e+00
4.280000000000000000e+02 1.841586416632879031e+00
4.290000000000000000e+02 1.976787365524280693e+00
4.300000000000000000e+02 2.074656645848241610e+00
4.310000000000000000e+02 1.984074958152728163e+00
4.320000000000000000e+02 1.907632595479523907e+00
4.330000000000000000e+02 1.841610355688901191e+00
4.340000000000000000e+02 1.908024805465169393e+00
4.350000000000000000e+02 1.818708561669902579e+00
4.360000000000000000e+02 1.920832952257366610e+00
4.370000000000000000e+02 1.852641574862279317e+00
4.380000000000000000e+02 1.960927327540760823e+00
4.390000000000000000e+02 2.081492134702795926e+00
4.400000000000000000e+02 1.971858833065664340e+00
4.410000000000000000e+02 2.083420751338457055e+00
4.420000000000000000e+02 2.031744956585354700e+00
4.430000000000000000e+02 2.048235886743308587e+00
4.440000000000000000e+02 2.094661148661291161e+00
4.450000000000000000e+02 2.065376065643605319e+00
4.460000000000000000e+02 2.018470205224185854e+00
4.470000000000000000e+02 1.948025824361731217e+00
4.480000000000000000e+02 2.026619296131734860e+00
4.490000000000000000e+02 2.058123373862478012e+00
4.500000000000000000e+02 2.247111851837119811e+00
4.510000000000000000e+02 2.260648246528170091e+00
4.520000000000000000e+02 2.110840386644361466e+00
4.530000000000000000e+02 2.133259974345278920e+00
4.540000000000000000e+02 2.269822313040250172e+00
4.550000000000000000e+02 2.489563273069248961e+00
4.560000000000000000e+02 2.774598721210029151e+00
4.570000000000000000e+02 3.219512720463473698e+00
4.580000000000000000e+02 3.339775116374775532e+00
4.590000000000000000e+02 3.172053690528246594e+00
4.600000000000000000e+02 3.308693211532294676e+00
4.610000000000000000e+02 3.151332268469265063e+00
4.620000000000000000e+02 3.392969934316036884e+00
4.630000000000000000e+02 3.310975187253795582e+00
4.640000000000000000e+02 3.548689660743112206e+00
4.650000000000000000e+02 3.978380577661654982e+00
4.660000000000000000e+02 3.913449672721607264e+00
4.670000000000000000e+02 3.965152633378231872e+00
4.680000000000000000e+02 3.704494245622391269e+00
4.690000000000000000e+02 3.413598849008275149e+00
4.700000000000000000e+02 3.047117737150550010e+00
4.710000000000000000e+02 2.810082285040244265e+00
4.720000000000000000e+02 2.646150970533819091e+00
4.730000000000000000e+02 2.425025280542161710e+00
4.740000000000000000e+02 2.394694630304940564e+00
4.750000000000000000e+02 2.209981706586549244e+00
4.760000000000000000e+02 2.256010587632693465e+00
4.770000000000000000e+02 2.197894763364609982e+00
4.780000000000000000e+02 2.302597159864371967e+00
4.790000000000000000e+02 2.267426202881679398e+00
4.800000000000000000e+02 2.337994956414697345e+00
4.810000000000000000e+02 2.295722172956263130e+00
4.820000000000000000e+02 2.511425423159150849e+00
4.830000000000000000e+02 2.722076625257283666e+00
4.840000000000000000e+02 3.002369920004066994e+00
4.850000000000000000e+02 3.444962438546358641e+00
4.860000000000000000e+02 3.857285714812846766e+00
4.870000000000000000e+02 3.412701368732075746e+00
4.880000000000000000e+02 3.010157017720564099e+00
4.890000000000000000e+02 3.076716601257305506e+00
4.900000000000000000e+02 2.933256661807910337e+00
4.910000000000000000e+02 2.676043913298559396e+00
4.920000000000000000e+02 2.638378894018255316e+00
4.930000000000000000e+02 2.378058109437297674e+00
4.940000000000000000e+02 2.352846715652890719e+00
4.950000000000000000e+02 2.217309521952510742e+00
4.960000000000000000e+02 2.162302699420492580e+00
4.970000000000000000e+02 2.113718845713189687e+00
4.980000000000000000e+02 2.071819572214856908e+00
4.990000000000000000e+02 2.057040775674636723e+00
5.000000000000000000e+02 1.975531108885961062e+00
5.010000000000000000e+02 1.883092313900618819e+00
5.020000000000000000e+02 1.830609785289309732e+00
5.030000000000000000e+02 2.092365020274578047e+00
5.040000000000000000e+02 2.207058199593412429e+00
5.050000000000000000e+02 2.715331022774719827e+00
5.060000000000000000e+02 2.759427402704754062e+00
5.070000000000000000e+02 2.456146839353294364e+00
5.080000000000000000e+02 2.439793432952662044e+00
5.090000000000000000e+02 2.278097714101008808e+00
5.100000000000000000e+02 2.323754292364852425e+00
5.110000000000000000e+02 2.332978817365812585e+00
5.120000000000000000e+02 2.474600914967334919e+00
5.130000000000000000e+02 2.552966157048790041e+00
5.140000000000000000e+02 2.797689578305001756e+00
5.150000000000000000e+02 3.040805507733046475e+00
5.160000000000000000e+02 2.973385909670197336e+00
5.170000000000000000e+02 2.868840842883953357e+00
5.180000000000000000e+02 2.641764940649748983e+00
5.190000000000000000e+02 2.358679739708295919e+00
5.200000000000000000e+02 2.341503975285585959e+00
5.210000000000000000e+02 2.424723092049912321e+00
5.220000000000000000e+02 2.496167087003467788e+00
5.230000000000000000e+02 2.661643603564307181e+00
5.240000000000000000e+02 2.748742792222401921e+00
5.250000000000000000e+02 2.744040974126917831e+00
5.260000000000000000e+02 2.840525909691980821e+00
5.270000000000000000e+02 2.770077919331044747e+00
5.280000000000000000e+02 2.990142788438271193e+00
5.290000000000000000e+02 3.138593841112892413e+00
5.300000000000000000e+02 3.703595854141980226e+00
5.310000000000000000e+02 4.275002276737683182e+00
5.320000000000000000e+02 3.970724396689335300e+00
5.330000000000000000e+02 3.388975206326276801e+00
5.340000000000000000e+02 3.409131321012308646e+00
5.350000000000000000e+02 2.669382302883457569e+00
5.360000000000000000e+02 2.609704491092560641e+00
5.370000000000000000e+02 2.548353971220416181e+00
5.380000000000000000e+02 2.537744444808124999e+00
5.390000000000000000e+02 2.594193819184550609e+00
5.400000000000000000e+02 2.465983999706778729e+00
5.410000000000000000e+02 2.530627901422334514e+00
5.420000000000000000e+02 2.482470206951656433e+00
5.430000000000000000e+02 2.756187087446734907e+00
5.440000000000000000e+02 3.271530862468585266e+00
5.450000000000000000e+02 3.099239228403205093e+00
5.460000000000000000e+02 3.489767039246224112e+00
5.470000000000000000e+02 3.371667588646927616e+00
5.480000000000000000e+02 2.918417710808852483e+00
5.490000000000000000e+02 2.719238043874848909e+00
5.500000000000000000e+02 2.337319895293184402e+00
5.510000000000000000e+02 2.199341077641099318e+00
5.520000000000000000e+02 2.077229451434075891e+00
5.530000000000000000e+02 1.942235643183529703e+00
5.540000000000000000e+02 1.855666525362477115e+00
5.550000000000000000e+02 1.876775967201958828e+00
5.560000000000000000e+02 1.782742556907675358e+00
5.570000000000000000e+02 1.858240667681738678e+00
5.580000000000000000e+02 1.829945522118846535e+00
5.590000000000000000e+02 1.868176111813728335e+00
5.600000000000000000e+02 1.866691751412142164e+00
5.610000000000000000e+02 1.970889931739776779e+00
5.620000000000000000e+02 2.031075789439752199e+00
5.630000000000000000e+02 2.214372689567164709e+00
5.640000000000000000e+02 2.583298117082108547e+00
5.650000000000000000e+02 3.352981469270495118e+00
5.660000000000000000e+02 4.198066701210631635e+00
5.670000000000000000e+02 5.027053034341506965e+00
5.680000000000000000e+02 6.412352651610556009e+00
5.690000000000000000e+02 6.785183203463125423e+00
5.700000000000000000e+02 6.716158342027529038e+00
5.710000000000000000e+02 5.613245753919235526e+00
5.720000000000000000e+02 4.523131937109757139e+00
5.730000000000000000e+02 3.351450335047374995e+00
5.740000000000000000e+02 2.350891564852924720e+00
5.750000000000000000e+02 2.320252430949917954e+00
5.760000000000000000e+02 2.189679978765087132e+00
5.770000000000000000e+02 1.961001827300102418e+00
5.780000000000000000e+02 1.929858266264523392e+00
5.790000000000000000e+02 1.819788890806383286e+00
5.800000000000000000e+02 1.722145740270788927e+00
5.810000000000000000e+02 1.794408564574605069e+00
5.820000000000000000e+02 1.957077817009799325e+00
5.830000000000000000e+02 1.845776523577022488e+00
5.840000000000000000e+02 1.744717661225116734e+00
5.850000000000000000e+02 1.702338627650842762e+00
5.860000000000000000e+02 1.680256843559528646e+00
5.870000000000000000e+02 1.675604650874259027e+00
5.880000000000000000e+02 1.712411348065798533e+00
5.890000000000000000e+02 1.765518032015211292e+00
5.900000000000000000e+02 1.940105275009435415e+00
5.910000000000000000e+02 1.998911403154064459e+00
5.920000000000000000e+02 2.204324696204815304e+00
5.930000000000000000e+02 2.280327078607853331e+00
5.940000000000000000e+02 3.116089171750072495e+00
5.950000000000000000e+02 3.098982580205496440e+00
5.960000000000000000e+02 3.560589889644601769e+00
5.970000000000000000e+02 3.336082770449835255e+00
5.980000000000000000e+02 3.539260555619043735e+00
5.990000000000000000e+02 3.626173670652968806e+00
6.000000000000000000e+02 3.178289568608025473e+00
6.010000000000000000e+02 2.857796754014241269e+00
6.020000000000000000e+02 2.585238434375326744e+00
6.030000000000000000e+02 2.500037037511903648e+00
6.040000000000000000e+02 2.378627240051751635e+00
6.050000000000000000e+02 2.494525193101936100e+00
6.060000000000000000e+02 2.346533071660663161e+00
6.070000000000000000e+02 2.430197966902421403e+00
6.080000000000000000e+02 2.338422043555745677e+00
6.090000000000000000e+02 2.436715427701425352e+00
6.100000000000000000e+02 2.445124579073612470e+00
6.110000000000000000e+02 2.771069558727549342e+00
6.120000000000000000e+02 2.862765883059056993e+00
6.130000000000000000e+02 3.192214666867769335e+00
6.140000000000000000e+02 3.015661271259305387e+00
6.150000000000000000e+02 3.147076539236252746e+00
6.160000000000000000e+02 3.127774782378483387e+00
6.170000000000000000e+02 3.053630407634931210e+00
6.180000000000000000e+02 3.030197923124402948e+00
6.190000000000000000e+02 3.056880052924867641e+00
6.200000000000000000e+02 2.992038353256991190e+00
6.210000000000000000e+02 2.610419450018305554e+00
6.220000000000000000e+02 2.459018827001846041e+00
6.230000000000000000e+02 2.481067073819499758e+00
6.240000000000000000e+02 2.371876039667225822e+00
6.250000000000000000e+02 2.355436834990811690e+00
6.260000000000000000e+02 2.247203735249187595e+00
6.270000000000000000e+02 2.315491349572434299e+00
6.280000000000000000e+02 2.290324607099460952e+00
6.290000000000000000e+02 2.183765780806413481e+00
6.300000000000000000e+02 2.261513085575208581e+00
6.310000000000000000e+02 2.201360222868463890e+00
6.320000000000000000e+02 2.302968558139117050e+00
6.330000000000000000e+02 2.325657692754268258e+00
6.340000000000000000e+02 2.580748749811542009e+00
6.350000000000000000e+02 2.543799438528264734e+00
6.360000000000000000e+02 2.427769280715818656e+00
6.370000000000000000e+02 2.212635673743490461e+00
6.380000000000000000e+02 2.068685120631755581e+00
6.390000000000000000e+02 1.952668960995568304e+00
6.400000000000000000e+02 1.837041590347756825e+00
6.410000000000000000e+02 1.876382606407698939e+00
6.420000000000000000e+02 1.835109016914722169e+00
6.430000000000000000e+02 1.914208570682776056e+00
6.440000000000000000e+02 1.997945107788255736e+00
6.450000000000000000e+02 2.100602683615731436e+00
6.460000000000000000e+02 2.251260129517028918e+00
6.470000000000000000e+02 2.350098149933499414e+00
6.480000000000000000e+02 2.534942302729391805e+00
6.490000000000000000e+02 2.563658212845421058e+00
6.500000000000000000e+02 2.618088284905046415e+00
6.510000000000000000e+02 2.358204027140273329e+00
6.520000000000000000e+02 2.174044541185099266e+00
6.530000000000000000e+02 1.986155480223312564e+00
6.540000000000000000e+02 1.925963127900245597e+00
6.550000000000000000e+02 1.818297815001759021e+00
6.560000000000000000e+02 1.802931784605913190e+00
6.570000000000000000e+02 1.936755186532315154e+00
6.580000000000000000e+02 1.892852435295888869e+00
6.590000000000000000e+02 2.219042712976219356e+00
6.600000000000000000e+02 2.469113569410798625e+00
6.610000000000000000e+02 2.586259917045152346e+00
6.620000000000000000e+02 2.530108924995101205e+00
6.630000000000000000e+02 2.174606740263386850e+00
6.640000000000000000e+02 1.988787789461500699e+00
6.650000000000000000e+02 1.804222340358041077e+00
6.660000000000000000e+02 1.788254872050980104e+00
6.670000000000000000e+02 1.653961872211283435e+00
6.680000000000000000e+02 1.710829587475039881e+00
6.690000000000000000e+02 1.797523022080368627e+00
6.700000000000000000e+02 1.947971599059557191e+00
6.710000000000000000e+02 2.172743769767719879e+00
6.720000000000000000e+02 2.617815422505893608e+00
6.730000000000000000e+02 3.287699189405041356e+00
6.740000000000000000e+02 3.918792339265713132e+00
6.750000000000000000e+02 3.731433835950345834e+00
6.760000000000000000e+02 3.045372576518949881e+00
6.770000000000000000e+02 2.474865996295432247e+00
6.780000000000000000e+02 2.189320307685551192e+00
6.790000000000000000e+02 1.939359306973524211e+00
6.800000000000000000e+02 1.836587768805446386e+00
6.810000000000000000e+02 1.749962523522490709e+00
6.820000000000000000e+02 1.699371231737327737e+00
6.830000000000000000e+02 1.783460942994903764e+00
6.840000000000000000e+02 1.798939960824022855e+00
6.850000000000000000e+02 1.810083316037574219e+00
6.860000000000000000e+02 1.929633549880712673e+00
6.870000000000000000e+02 1.966217942058150037e+00
6.880000000000000000e+02 2.166262308681296211e+00
6.890000000000000000e+02 2.420558052162571805e+00
6.900000000000000000e+02 2.566484719968594508e+00
6.910000000000000000e+02 2.377700083749493487e+00
6.920000000000000000e+02 2.326177679064231452e+00
6.930000000000000000e+02 2.141705096351699922e+00
6.940000000000000000e+02 2.176486033436254797e+00
6.950000000000000000e+02 2.039087573812542686e+00
6.960000000000000000e+02 2.057587077590100844e+00
6.970000000000000000e+02 1.981181636816068403e+00
6.980000000000000000e+02 2.017106559885453176e+00
6.990000000000000000e+02 2.118839558774313403e+00
7.000000000000000000e+02 2.242465590526375951e+00
7.010000000000000000e+02 2.449494826419018167e+00
7.020000000000000000e+02 2.533296083260363485e+00
7.030000000000000000e+02 2.839401364770796299e+00
7.040000000000000000e+02 3.331609351884078141e+00
7.050000000000000000e+02 3.356135561677267010e+00
7.060000000000000000e+02 3.268581476407358632e+00
7.070000000000000000e+02 3.696928809594453913e+00
7.080000000000000000e+02 4.001489783942101752e+00
7.090000000000000000e+02 4.397401373744057373e+00
7.100000000000000000e+02 3.468503443138864828e+00
7.110000000000000000e+02 2.899836399033917989e+00
7.120000000000000000e+02 2.665102228867312295e+00
7.130000000000000000e+02 2.439866558177222089e+00
7.140000000000000000e+02 2.405981076696107390e+00
7.150000000000000000e+02 2.255625479787856769e+00
7.160000000000000000e+02 2.217453247699340491e+00
7.170000000000000000e+02 2.093056760300194163e+00
7.180000000000000000e+02 2.064502589829768642e+00
7.190000000000000000e+02 2.028481082175887185e+00
7.200000000000000000e+02 2.082498948570046693e+00
7.210000000000000000e+02 2.227257966824675695e+00
7.220000000000000000e+02 2.443793091368411385e+00
7.230000000000000000e+02 2.527209241937458994e+00
7.240000000000000000e+02 2.495773291910752700e+00
7.250000000000000000e+02 2.299659642305892149e+00
7.260000000000000000e+02 2.309836864371560328e+00
7.270000000000000000e+02 2.383416355315848723e+00
7.280000000000000000e+02 2.599254910544040342e+00
7.290000000000000000e+02 2.548069533138137999e+00
7.300000000000000000e+02 2.562456007130591740e+00
7.310000000000000000e+02 2.626733270898281347e+00
7.320000000000000000e+02 2.647516815698772952e+00
7.330000000000000000e+02 2.822495928973241863e+00
7.340000000000000000e+02 2.872287738204130747e+00
7.350000000000000000e+02 3.106695401735766193e+00
7.360000000000000000e+02 3.131679217059150311e+00
7.370000000000000000e+02 3.284864024538542093e+00
7.380000000000000000e+02 3.271119308741346821e+00
7.390000000000000000e+02 3.304044215917515182e+00
7.400000000000000000e+02 3.211926252349102118e+00
7.410000000000000000e+02 3.244134561584146148e+00
7.420000000000000000e+02 3.073545221619127688e+00
7.430000000000000000e+02 3.006444583981925600e+00
7.440000000000000000e+02 2.975102707883485742e+00
7.450000000000000000e+02 2.902228871513020891e+00
7.460000000000000000e+02 3.038655008684970849e+00
7.470000000000000000e+02 3.092203562127964656e+00
7.480000000000000000e+02 4.058686628929496720e+00
7.490000000000000000e+02 3.988782031671155526e+00
7.500000000000000000e+02 3.525776677574004481e+00
7.510000000000000000e+02 3.637764966654311483e+00
7.520000000000000000e+02 3.427925312043833550e+00
7.530000000000000000e+02 3.455957850956880240e+00
7.540000000000000000e+02 3.628049910598341476e+00
7.550000000000000000e+02 3.799512219370776211e+00
7.560000000000000000e+02 4.017000737245022712e+00
7.570000000000000000e+02 4.135993529016673165e+00
7.580000000000000000e+02 4.448118612845578745e+00
7.590000000000000000e+02 4.860281534528942515e+00
7.600000000000000000e+02 4.642029543261748437e+00
7.610000000000000000e+02 4.894832893297146548e+00
7.620000000000000000e+02 4.928760144989909442e+00
7.630000000000000000e+02 5.159529663566492452e+00
7.640000000000000000e+02 5.335056878022851556e+00
7.650000000000000000e+02 5.235541525511102634e+00
7.660000000000000000e+02 4.994298169445795743e+00
7.670000000000000000e+02 5.206403776901958658e+00
7.680000000000000000e+02 4.880824373617317136e+00
7.690000000000000000e+02 4.479485910324314091e+00
7.700000000000000000e+02 4.504093164986640474e+00
7.710000000000000000e+02 4.626850658209535005e+00
7.720000000000000000e+02 4.375414031160281603e+00
7.730000000000000000e+02 4.074103010617000642e+00
7.740000000000000000e+02 3.822058766118077155e+00
7.750000000000000000e+02 3.779287680312771069e+00
7.760000000000000000e+02 3.528976829401628823e+00
7.770000000000000000e+02 3.380613653692489784e+00
7.780000000000000000e+02 3.210746943730073966e+00
7.790000000000000000e+02 3.093413685035180105e+00
7.800000000000000000e+02 3.043241664476948660e+00
7.810000000000000000e+02 2.973112999859237604e+00
7.820000000000000000e+02 2.977098905420002772e+00
7.830000000000000000e+02 2.945643745647392731e+00
7.840000000000000000e+02 3.128075025350142369e+00
7.850000000000000000e+02 3.036457758755633840e+00
7.860000000000000000e+02 3.098195659423243153e+00
7.870000000000000000e+02 3.089457930785329598e+00
7.880000000000000000e+02 3.332685600955530791e+00
7.890000000000000000e+02 3.429742286384940275e+00
7.900000000000000000e+02 3.637742095210013460e+00
7.910000000000000000e+02 3.852240029210358685e+00
7.920000000000000000e+02 4.023121386286899082e+00
7.930000000000000000e+02 3.762804073699402618e+00
7.940000000000000000e+02 3.773887660543651990e+00
7.950000000000000000e+02 3.556501166920696733e+00
7.960000000000000000e+02 3.696352735981287996e+00
7.970000000000000000e+02 3.539323129094416487e+00
7.980000000000000000e+02 3.624832469398847401e+00
7.990000000000000000e+02 3.742214005198205129e+00
8.000000000000000000e+02 3.934249966215469740e+00
8.010000000000000000e+02 4.160990268476044029e+00
8.020000000000000000e+02 4.358909818353731147e+00
8.030000000000000000e+02 4.479431044791019723e+00
8.040000000000000000e+02 4.921655248779441827e+00
8.050000000000000000e+02 5.042087540695033177e+00
8.060000000000000000e+02 4.690790037468405949e+00
8.070000000000000000e+02 4.403577101544288830e+00
8.080000000000000000e+02 4.022731857277633161e+00
8.090000000000000000e+02 3.823962816797213282e+00
8.100000000000000000e+02 4.059223458216627556e+00
8.110000000000000000e+02 4.050990588263037040e+00
8.120000000000000000e+02 4.193568053257952677e+00
8.130000000000000000e+02 4.100757198004034265e+00
8.140000000000000000e+02 3.833720826342951415e+00
8.150000000000000000e+02 3.778315740432030445e+00
8.160000000000000000e+02 3.644046010375483480e+00
8.170000000000000000e+02 3.538862560269376623e+00
8.180000000000000000e+02 3.506341104555603660e+00
8.190000000000000000e+02 3.719173907324257122e+00
8.200000000000000000e+02 3.818168688988518689e+00
8.210000000000000000e+02 4.154800273634220886e+00
8.220000000000000000e+02 4.096948366966033817e+00
8.230000000000000000e+02 4.385867988605951950e+00
8.240000000000000000e+02 4.377913604780650836e+00
8.250000000000000000e+02 4.662521637252394768e+00
8.260000000000000000e+02 4.717413168403440160e+00
8.270000000000000000e+02 4.878273961023250394e+00
8.280000000000000000e+02 4.576905228918153767e+00
8.290000000000000000e+02 4.651733950966562503e+00
8.300000000000000000e+02 4.992082801871895015e+00
8.310000000000000000e+02 5.112553609505048335e+00
8.320000000000000000e+02 5.169803470510036192e+00
8.330000000000000000e+02 4.987776300621114878e+00
8.340000000000000000e+02 5.221860907913816519e+00
8.350000000000000000e+02 5.428823770159029394e+00
8.360000000000000000e+02 6.256396718740392160e+00
8.370000000000000000e+02 7.157924061686937733e+00
8.380000000000000000e+02 7.960474549635736530e+00
8.390000000000000000e+02 8.626697283662476679e+00
8.400000000000000000e+02 8.802520348431992048e+00
8.410000000000000000e+02 9.827595728101533368e+00
8.420000000000000000e+02 1.135904586236765113e+01
8.430000000000000000e+02 1.195248841476676027e+01
8.440000000000000000e+02 1.241437054029666065e+01
8.450000000000000000e+02 1.248292601826917547e+01
8.460000000000000000e+02 1.247780704328549284e+01
8.470000000000000000e+02 1.285490495143845635e+01
8.480000000000000000e+02 1.342807921945846417e+01
8.490000000000000000e+02 1.411804858107285909e+01
8.500000000000000000e+02 1.472462050290120494e+01
8.510000000000000000e+02 1.520033527526105921e+01
8.520000000000000000e+02 1.510293445591215900e+01
8.530000000000000000e+02 1.400240555552624855e+01
8.540000000000000000e+02 1.350229230172113404e+01
8.550000000000000000e+02 1.319558031273547982e+01
8.560000000000000000e+02 1.214705107559366937e+01
8.570000000000000000e+02 1.048810131675937285e+01
8.580000000000000000e+02 9.242780190029520782e+00
8.590000000000000000e+02 8.347148869599660514e+00
8.600000000000000000e+02 7.015324538948792821e+00
8.610000000000000000e+02 6.602018514007916394e+00
8.620000000000000000e+02 6.296816113127455594e+00
8.630000000000000000e+02 5.840774380483768624e+00
8.640000000000000000e+02 5.579216394642990018e+00
8.650000000000000000e+02 5.771369102123537154e+00
8.660000000000000000e+02 5.831385445916535737e+00
8.670000000000000000e+02 5.271262791576539541e+00
8.680000000000000000e+02 5.380727284132080790e+00
8.690000000000000000e+02 4.977851695159507095e+00
8.700000000000000000e+02 4.774220082107283325e+00
8.710000000000000000e+02 4.062718438926710363e+00
8.720000000000000000e+02 3.998913290175805102e+00
8.730000000000000000e+02 4.025177856851197333e+00
8.740000000000000000e+02 4.031346335156762883e+00
8.750000000000000000e+02 4.396085037754042801e+00
8.760000000000000000e+02 5.063358137793397162e+00
8.770000000000000000e+02 5.240423069626780617e+00
8.780000000000000000e+02 4.845516995042945751e+00
8.790000000000000000e+02 3.999459184038001602e+00
8.800000000000000000e+02 4.062122440035871307e+00
8.810000000000000000e+02 4.018406643644754084e+00
8.820000000000000000e+02 3.938519131874129275e+00
8.830000000000000000e+02 3.975292826922132150e+00
8.840000000000000000e+02 3.859891315061821704e+00
8.850000000000000000e+02 3.993329435092397794e+00
8.860000000000000000e+02 3.751627745121455693e+00
8.870000000000000000e+02 3.918832046103731148e+00
8.880000000000000000e+02 3.683332990158324716e+00
8.890000000000000000e+02 3.210858289716704839e+00
8.900000000000000000e+02 3.173626766192915838e+00
8.910000000000000000e+02 3.146386050267119927e+00
8.920000000000000000e+02 3.338550835420047491e+00
8.930000000000000000e+02 3.260650363352540104e+00
8.940000000000000000e+02 3.156527907160734170e+00
8.950000000000000000e+02 3.198127613236815492e+00
8.960000000000000000e+02 3.159174497010838412e+00
8.970000000000000000e+02 3.280476943050240735e+00
8.980000000000000000e+02 3.354299587311189157e+00
8.990000000000000000e+02 3.483891189130478683e+00
9.000000000000000000e+02 3.693189088570298928e+00
9.010000000000000000e+02 3.791041011327773713e+00
9.020000000000000000e+02 3.897964225553171680e+00
9.030000000000000000e+02 3.832780863346078704e+00
9.040000000000000000e+02 4.124834406119878949e+00
9.050000000000000000e+02 4.116798121390426779e+00
9.060000000000000000e+02 4.365368947765781549e+00
9.070000000000000000e+02 4.265839489486142888e+00
9.080000000000000000e+02 4.083076852101543253e+00
9.090000000000000000e+02 4.278172230488143768e+00
9.100000000000000000e+02 5.020929295083194965e+00
9.110000000000000000e+02 5.473459677340455798e+00
9.120000000000000000e+02 5.894819182650024914e+00
9.130000000000000000e+02 5.617917225466614539e+00
9.140000000000000000e+02 5.200698003610697562e+00
9.150000000000000000e+02 4.816226621656554130e+00
9.160000000000000000e+02 4.364354125719041022e+00
9.170000000000000000e+02 3.890035033449535273e+00
9.180000000000000000e+02 3.749666030344876777e+00
9.190000000000000000e+02 3.547893851462027293e+00
9.200000000000000000e+02 3.554158916130624846e+00
9.210000000000000000e+02 3.474539382632829021e+00
9.220000000000000000e+02 3.360539721653161394e+00
9.230000000000000000e+02 3.337879053534399176e+00
9.240000000000000000e+02 3.330480725489565863e+00
9.250000000000000000e+02 3.453285303389152627e+00
9.260000000000000000e+02 3.444415097747621335e+00
9.270000000000000000e+02 3.693388452133102628e+00
9.280000000000000000e+02 3.725338667300498674e+00
9.290000000000000000e+02 4.094767359716378508e+00
9.300000000000000000e+02 4.093058833893411297e+00
9.310000000000000000e+02 3.762284463709438143e+00
9.320000000000000000e+02 3.712753797742257333e+00
9.330000000000000000e+02 3.794846151265049539e+00
9.340000000000000000e+02 4.350687555006092389e+00
9.350000000000000000e+02 4.455863312099167750e+00
9.360000000000000000e+02 4.203027833096665944e+00
9.370000000000000000e+02 4.415520550968558666e+00
9.380000000000000000e+02 4.044577239725748896e+00
9.390000000000000000e+02 4.294603672793175342e+00
9.400000000000000000e+02 4.220628031565575533e+00
9.410000000000000000e+02 3.663548048267408763e+00
9.420000000000000000e+02 3.613367323785933838e+00
9.430000000000000000e+02 3.364100981267753365e+00
9.440000000000000000e+02 3.316822287521970836e+00
9.450000000000000000e+02 3.126816037583360242e+00
9.460000000000000000e+02 3.172673001291809403e+00
9.470000000000000000e+02 3.086035003614401528e+00
9.480000000000000000e+02 3.263059222863299524e+00
9.490000000000000000e+02 3.298170881265354737e+00
9.500000000000000000e+02 3.416224054665958576e+00
9.510000000000000000e+02 3.542634728141595968e+00
9.520000000000000000e+02 3.664013968555420053e+00
9.530000000000000000e+02 3.826548031128694127e+00
9.540000000000000000e+02 3.825879113675393128e+00
9.550000000000000000e+02 3.813782965653935264e+00
9.560000000000000000e+02 3.648914087936971917e+00
9.570000000000000000e+02 3.553146736422632568e+00
9.580000000000000000e+02 3.320398158594446425e+00
9.590000000000000000e+02 3.051720669044209799e+00
9.600000000000000000e+02 3.081286309430028236e+00
9.610000000000000000e+02 3.290797221103761494e+00
9.620000000000000000e+02 3.223873282305545374e+00
9.630000000000000000e+02 3.683428150163147397e+00
9.640000000000000000e+02 3.441306668011357317e+00
9.650000000000000000e+02 2.912550987014309811e+00
9.660000000000000000e+02 3.168633440297591086e+00
9.670000000000000000e+02 3.572977113551490280e+00
9.680000000000000000e+02 3.263254802910289687e+00
9.690000000000000000e+02 2.986075494831319954e+00
9.700000000000000000e+02 3.540969837682446997e+00
9.710000000000000000e+02 3.873279656520716596e+00
9.720000000000000000e+02 3.492180284949541136e+00
9.730000000000000000e+02 3.529044721408593155e+00
9.740000000000000000e+02 4.175575286287418919e+00
9.750000000000000000e+02 4.294415891715822831e+00
9.760000000000000000e+02 3.975304278024375915e+00
9.770000000000000000e+02 4.336455990683348638e+00
9.780000000000000000e+02 4.978216949585570816e+00
9.790000000000000000e+02 4.876231318424339101e+00
9.800000000000000000e+02 4.738755230220843551e+00
9.810000000000000000e+02 5.329246528310831010e+00
9.820000000000000000e+02 5.819898446097773181e+00
9.830000000000000000e+02 5.623611245133091963e+00
9.840000000000000000e+02 5.679046644338420435e+00
9.850000000000000000e+02 6.377570104125966033e+00
9.860000000000000000e+02 6.643206200086696711e+00
9.870000000000000000e+02 6.380506829356088261e+00
9.880000000000000000e+02 6.696397895334781580e+00
9.890000000000000000e+02 7.409303527980497961e+00
9.900000000000000000e+02 7.592946956755406873e+00
9.910000000000000000e+02 7.639140841857706477e+00
9.920000000000000000e+02 8.153154690544361927e+00
9.930000000000000000e+02 8.471100350073932361e+00
9.940000000000000000e+02 9.361182055832923510e+00
9.950000000000000000e+02 9.219815370117501629e+00
9.960000000000000000e+02 9.876244223465839411e+00
9.970000000000000000e+02 1.059501553781904448e+01
9.980000000000000000e+02 1.057550957399394953e+01
9.990000000000000000e+02 1.000552537735830860e+01
1.000000000000000000e+03 9.938456268083672995e+00
1.001000000000000000e+03 1.000350994184205966e+01
1.002000000000000000e+03 9.926527765289572258e+00
1.003000000000000000e+03 9.526016848612808730e+00
1.004000000000000000e+03 9.512647232932902597e+00
1.005000000000000000e+03 9.569694510998402848e+00
1.006000000000000000e+03 9.371954768138891723e+00
1.007000000000000000e+03 9.925279535557859134e+00
1.008000000000000000e+03 1.051060018362968762e+01
1.009000000000000000e+03 1.174651331069213178e+01
1.010000000000000000e+03 1.270115265378775860e+01
1.011000000000000000e+03 1.372878086409362020e+01
1.012000000000000000e+03 1.452654302270790154e+01
1.013000000000000000e+03 1.593540029198700303e+01
1.014000000000000000e+03 1.703956564581168465e+01
1.015000000000000000e+03 1.853085457825234528e+01
1.016000000000000000e+03 1.980197739219962116e+01
1.017000000000000000e+03 2.152417164166587327e+01
1.018000000000000000e+03 2.320540047376062276e+01
1.000000000000000000e+00 5.060709163810995115e+00
2.000000000000000000e+00 3.631802411454380763e+00
3.000000000000000000e+00 2.395138044915013698e+00
4.000000000000000000e+00 2.135610330105664367e+00
5.000000000000000000e+00 2.011495085221765233e+00
6.000000000000000000e+00 2.090169657076390131e+00
7.000000000000000000e+00 2.052658159472528610e+00
8.000000000000000000e+00 1.855747139641336085e+00
9.000000000000000000e+00 1.905781348489245852e+00
1.000000000000000000e+01 2.210882823938506991e+00
1.100000000000000000e+01 2.345179700737478168e+00
1.200000000000000000e+01 1.993086237151268536e+00
1.300000000000000000e+01 1.910972437561197612e+00
1.400000000000000000e+01 1.807328032748619639e+00
1.500000000000000000e+01 1.789158965972514670e+00
1.600000000000000000e+01 1.833781469931073271e+00
1.700000000000000000e+01 1.810842859419109940e+00
1.800000000000000000e+01 1.754327880840974130e+00
1.900000000000000000e+01 1.853649669847057924e+00
2.000000000000000000e+01 1.972810162787798083e+00
2.100000000000000000e+01 2.167846186873551240e+00
2.200000000000000000e+01 2.260364076698871294e+00
2.300000000000000000e+01 2.078612864921730363e+00
2.400000000000000000e+01 2.239754242000806972e+00
2.500000000000000000e+01 2.178045129152506032e+00
2.600000000000000000e+01 2.521462833043131013e+00
2.700000000000000000e+01 3.248362543040129946e+00
2.800000000000000000e+01 3.354017118465642877e+00
2.900000000000000000e+01 3.729405502713116327e+00
3.000000000000000000e+01 4.229005271780749808e+00
3.100000000000000000e+01 3.723312826323888824e+00
3.200000000000000000e+01 3.853601864620255224e+00
3.300000000000000000e+01 3.673616324071674821e+00
3.400000000000000000e+01 3.496971164881531369e+00
3.500000000000000000e+01 2.983324734994679428e+00
3.600000000000000000e+01 2.433302919583048674e+00
3.700000000000000000e+01 2.249211087494832562e+00
3.800000000000000000e+01 2.057080740286163056e+00
3.900000000000000000e+01 2.255293906391381054e+00
4.000000000000000000e+01 2.326943804543313288e+00
4.100000000000000000e+01 2.548215786477843636e+00
4.200000000000000000e+01 3.079259828367241436e+00
4.300000000000000000e+01 4.377697881732943053e+00
4.400000000000000000e+01 5.703033557251055541e+00
4.500000000000000000e+01 6.221529187162258445e+00
4.600000000000000000e+01 5.529138423815674663e+00
4.700000000000000000e+01 5.347464279871616100e+00
4.800000000000000000e+01 4.735995506380856312e+00
4.900000000000000000e+01 3.765468787069676360e+00
5.000000000000000000e+01 4.348112401740237942e+00
5.100000000000000000e+01 4.926557040510657792e+00
5.200000000000000000e+01 5.499450701724251545e+00
5.300000000000000000e+01 5.497740940217576089e+00
5.400000000000000000e+01 4.701060722180571361e+00
5.500000000000000000e+01 4.127305567058520808e+00
5.600000000000000000e+01 3.642258020396456075e+00
5.700000000000000000e+01 3.130287259770508257e+00
5.800000000000000000e+01 2.739645478201793605e+00
5.900000000000000000e+01 2.383777686071673507e+00
6.000000000000000000e+01 2.399668075986945315e+00
6.100000000000000000e+01 2.342438030387127057e+00
6.200000000000000000e+01 2.484668863568566977e+00
6.300000000000000000e+01 2.499684417095894506e+00
6.400000000000000000e+01 2.646512736642349761e+00
6.500000000000000000e+01 2.779257588484077335e+00
6.600000000000000000e+01 2.759295550556215559e+00
6.700000000000000000e+01 2.918332140339018554e+00
6.800000000000000000e+01 3.064805340058174732e+00
6.900000000000000000e+01 2.844461783654561149e+00
7.000000000000000000e+01 2.938651852727897751e+00
7.100000000000000000e+01 3.155047321885384282e+00
7.200000000000000000e+01 3.701991283467504168e+00
7.300000000000000000e+01 4.923041896868994627e+00
7.400000000000000000e+01 4.984468654468479087e+00
7.500000000000000000e+01 5.178915952206266660e+00
7.600000000000000000e+01 4.794546542891084506e+00
7.700000000000000000e+01 4.566879594440272250e+00
7.800000000000000000e+01 3.947107303845303061e+00
7.900000000000000000e+01 3.120776392254965614e+00
8.000000000000000000e+01 2.674478968373585452e+00
8.100000000000000000e+01 2.651462585904412972e+00
8.200000000000000000e+01 2.456316396577967964e+00
8.300000000000000000e+01 2.347916962648341599e+00
8.400000000000000000e+01 2.576802677210644710e+00
8.500000000000000000e+01 2.463858432638951435e+00
8.600000000000000000e+01 2.436537921537216711e+00
8.700000000000000000e+01 2.331583543678637405e+00
8.800000000000000000e+01 2.213937406748183179e+00
8.900000000000000000e+01 2.221261557743630100e+00
9.000000000000000000e+01 2.118406234959536061e+00
9.100000000000000000e+01 2.169231321498910514e+00
9.200000000000000000e+01 2.033473610190820402e+00
9.300000000000000000e+01 2.054411511982519034e+00
9.400000000000000000e+01 1.893329892558994976e+00
9.500000000000000000e+01 2.028236084957412810e+00
9.600000000000000000e+01 2.135451268361927557e+00
9.700000000000000000e+01 2.081754527554914969e+00
9.800000000000000000e+01 2.185428174142148183e+00
9.900000000000000000e+01 2.224234576790681484e+00
1.000000000000000000e+02 2.317552394740195254e+00
1.010000000000000000e+02 2.418684516264319573e+00
1.020000000000000000e+02 2.376370234523184966e+00
1.030000000000000000e+02 2.575223827391050602e+00
1.040000000000000000e+02 2.433038145992700851e+00
1.050000000000000000e+02 2.591894085721109686e+00
1.060000000000000000e+02 2.557500720653037352e+00
1.070000000000000000e+02 2.584751922376283151e+00
1.080000000000000000e+02 2.726962331627790448e+00
1.090000000000000000e+02 2.577219058862489476e+00
1.100000000000000000e+02 2.327789135022678035e+00
1.110000000000000000e+02 2.322045239691477470e+00
1.120000000000000000e+02 2.217843598942197403e+00
1.130000000000000000e+02 2.187366389184442372e+00
1.140000000000000000e+02 2.181108151626951930e+00
1.150000000000000000e+02 2.163296301603121474e+00
1.160000000000000000e+02 2.238070093228013757e+00
1.170000000000000000e+02 2.159149398720762392e+00
1.180000000000000000e+02 2.310908488281694595e+00
1.190000000000000000e+02 2.313417228788757551e+00
1.200000000000000000e+02 2.486169361966442892e+00
1.210000000000000000e+02 2.576403156617343981e+00
1.220000000000000000e+02 2.815896585827472265e+00
1.230000000000000000e+02 2.853315462929030488e+00
1.240000000000000000e+02 2.668071809282432927e+00
1.250000000000000000e+02 2.860092450494516658e+00
1.260000000000000000e+02 2.997385338300698088e+00
1.270000000000000000e+02 2.754011688636855748e+00
1.280000000000000000e+02 2.650209431896791479e+00
1.290000000000000000e+02 2.926356945304826596e+00
1.300000000000000000e+02 2.939939370916374362e+00
1.310000000000000000e+02 2.747542357939704250e+00
1.320000000000000000e+02 2.959103342071349729e+00
1.330000000000000000e+02 3.713834864439525152e+00
1.340000000000000000e+02 3.540126382275405881e+00
1.350000000000000000e+02 3.671658037385929330e+00
1.360000000000000000e+02 3.661829537449337035e+00
1.370000000000000000e+02 3.509856229109002079e+00
1.380000000000000000e+02 3.499577322391287826e+00
1.390000000000000000e+02 3.657115471010640384e+00
1.400000000000000000e+02 3.637141182945969664e+00
1.410000000000000000e+02 3.560775719039441345e+00
1.420000000000000000e+02 3.644498728327346004e+00
1.430000000000000000e+02 3.693432492542771506e+00
1.440000000000000000e+02 4.069408202083955928e+00
1.450000000000000000e+02 3.722779774381731244e+00
1.460000000000000000e+02 3.104071846581477168e+00
1.470000000000000000e+02 2.915240848956560438e+00
1.480000000000000000e+02 2.530855973730289588e+00
1.490000000000000000e+02 2.482810309207849730e+00
1.500000000000000000e+02 2.438219413514919776e+00
1.510000000000000000e+02 2.417091198518299677e+00
1.520000000000000000e+02 2.382697474515731884e+00
1.530000000000000000e+02 2.377274072969992158e+00
1.540000000000000000e+02 2.306012611182157279e+00
1.550000000000000000e+02 2.355808782586040095e+00
1.560000000000000000e+02 2.229327433035884987e+00
1.570000000000000000e+02 2.291298410049193990e+00
1.580000000000000000e+02 2.137666651796411799e+00
1.590000000000000000e+02 2.042284060495793252e+00
1.600000000000000000e+02 2.115939235351591119e+00
1.610000000000000000e+02 2.066769088656717823e+00
1.620000000000000000e+02 2.229704011121875773e+00
1.630000000000000000e+02 2.398810775056511968e+00
1.640000000000000000e+02 2.450456696007731416e+00
1.650000000000000000e+02 2.703389736271349264e+00
1.660000000000000000e+02 2.699523219710186162e+00
1.670000000000000000e+02 3.032662992399346447e+00
1.680000000000000000e+02 3.516110419720764213e+00
1.690000000000000000e+02 4.604125411315980188e+00
1.700000000000000000e+02 6.122672845118553475e+00
1.710000000000000000e+02 6.680786081491103090e+00
1.720000000000000000e+02 7.329158151046543779e+00
1.730000000000000000e+02 7.160814813760197239e+00
1.740000000000000000e+02 7.571364724441974836e+00
1.750000000000000000e+02 6.472600567887962342e+00
1.760000000000000000e+02 7.109124628888710440e+00
1.770000000000000000e+02 6.735295649019377606e+00
1.780000000000000000e+02 8.154311470296212505e+00
1.790000000000000000e+02 9.732485343518344933e+00
1.800000000000000000e+02 9.200406126499203197e+00
1.810000000000000000e+02 9.324362180588517290e+00
1.820000000000000000e+02 7.673481592344017166e+00
1.830000000000000000e+02 6.235351925021310748e+00
1.840000000000000000e+02 5.030637036545547502e+00
1.850000000000000000e+02 4.504052495229615261e+00
1.860000000000000000e+02 3.530403226065729427e+00
1.870000000000000000e+02 2.773383386508189385e+00
1.880000000000000000e+02 2.442418948148316282e+00
1.890000000000000000e+02 2.212573307884596829e+00
1.900000000000000000e+02 2.183856730245607114e+00
1.910000000000000000e+02 2.359558058833516103e+00
1.920000000000000000e+02 2.335329227520890338e+00
1.930000000000000000e+02 2.514344315024860332e+00
1.940000000000000000e+02 2.534582412697347298e+00
1.950000000000000000e+02 2.458365409528829648e+00
1.960000000000000000e+02 2.424381943685606444e+00
1.970000000000000000e+02 2.593752854333934543e+00
1.980000000000000000e+02 2.703182803859390138e+00
1.990000000000000000e+02 2.834171156224806865e+00
2.000000000000000000e+02 2.815237117006608614e+00
2.010000000000000000e+02 2.981775201732583813e+00
2.020000000000000000e+02 2.877525085919371062e+00
2.030000000000000000e+02 2.715402086721200536e+00
2.040000000000000000e+02 2.840720971321776922e+00
2.050000000000000000e+02 2.926542074407763483e+00
2.060000000000000000e+02 2.746495221842842671e+00
2.070000000000000000e+02 2.699420180407010150e+00
2.080000000000000000e+02 2.899621078864454304e+00
2.090000000000000000e+02 2.883168723187680804e+00
2.100000000000000000e+02 2.693257712987887409e+00
2.110000000000000000e+02 2.754820654209228614e+00
2.120000000000000000e+02 2.717779718126737798e+00
2.130000000000000000e+02 2.866898030001269859e+00
2.140000000000000000e+02 2.987444644761196422e+00
2.150000000000000000e+02 3.357676340360097988e+00
2.160000000000000000e+02 3.147892169597055201e+00
2.170000000000000000e+02 2.984855232849239925e+00
2.180000000000000000e+02 3.121929909818849325e+00
2.190000000000000000e+02 2.136321168782536084e+00
2.200000000000000000e+02 1.934383641906605833e+00
2.210000000000000000e+02 1.767604657225830822e+00
2.220000000000000000e+02 1.802105967125341879e+00
2.230000000000000000e+02 1.614258653077985883e+00
2.240000000000000000e+02 1.722640851125090578e+00
2.250000000000000000e+02 1.850047470845297859e+00
2.260000000000000000e+02 1.716714379014091740e+00
2.270000000000000000e+02 1.596551767894156759e+00
2.280000000000000000e+02 1.742481507249994621e+00
2.290000000000000000e+02 1.813901228580719893e+00
2.300000000000000000e+02 1.681715940809936027e+00
2.310000000000000000e+02 1.701566585180059876e+00
2.320000000000000000e+02 1.895563816877729568e+00
2.330000000000000000e+02 2.026474823557214755e+00
2.340000000000000000e+02 2.313691575066051165e+00
2.350000000000000000e+02 2.247503710478822025e+00
2.360000000000000000e+02 2.244538149485134859e+00
2.370000000000000000e+02 2.402192806112709800e+00
2.380000000000000000e+02 2.250791842532616549e+00
2.390000000000000000e+02 2.268106237653671808e+00
2.400000000000000000e+02 2.324040590041516641e+00
2.410000000000000000e+02 2.317344164008874774e+00
2.420000000000000000e+02 2.216962668925541724e+00
2.430000000000000000e+02 2.068327338513376912e+00
2.440000000000000000e+02 1.975633966604537273e+00
2.450000000000000000e+02 1.981868246284383961e+00
2.460000000000000000e+02 1.901213660142603734e+00
2.470000000000000000e+02 2.051110739511254888e+00
2.480000000000000000e+02 2.059746325869686867e+00
2.490000000000000000e+02 2.316287349167902132e+00
2.500000000000000000e+02 2.260695405899587396e+00
2.510000000000000000e+02 2.497002332350352294e+00
2.520000000000000000e+02 2.262669540384344202e+00
2.530000000000000000e+02 2.107423329728675743e+00
2.540000000000000000e+02 1.903412461967958436e+00
2.550000000000000000e+02 1.712392633866587355e+00
2.560000000000000000e+02 1.699715317003552162e+00
2.570000000000000000e+02 1.464340223522198281e+00
2.580000000000000000e+02 1.513036099520316258e+00
2.590000000000000000e+02 1.772099427856159926e+00
2.600000000000000000e+02 1.867556079382811651e+00
2.610000000000000000e+02 1.759033511369236358e+00
2.620000000000000000e+02 1.951541956754422547e+00
2.630000000000000000e+02 2.053903672702297456e+00
2.640000000000000000e+02 2.000054950246250574e+00
2.650000000000000000e+02 1.900126531683782316e+00
2.660000000000000000e+02 1.890581983266858002e+00
2.670000000000000000e+02 1.626984270513139874e+00
2.680000000000000000e+02 1.421326470575948298e+00
2.690000000000000000e+02 1.420423026488222273e+00
2.700000000000000000e+02 1.470071825710011826e+00
2.710000000000000000e+02 1.480213755022316002e+00
2.720000000000000000e+02 1.657610609018401737e+00
2.730000000000000000e+02 1.820441055998718083e+00
2.740000000000000000e+02 1.956070851647696562e+00
2.750000000000000000e+02 2.123365792538972396e+00
2.760000000000000000e+02 2.488946367377281810e+00
2.770000000000000000e+02 2.680219222663400291e+00
2.780000000000000000e+02 2.749097331315025983e+00
2.790000000000000000e+02 2.486475735183221847e+00
2.800000000000000000e+02 2.445541131643354849e+00
2.810000000000000000e+02 2.218536739183773143e+00
2.820000000000000000e+02 2.342564360100090060e+00
2.830000000000000000e+02 2.249365470340646489e+00
2.840000000000000000e+02 2.121580594489024030e+00
2.850000000000000000e+02 1.851172996811468074e+00
2.860000000000000000e+02 1.879184707396104548e+00
2.870000000000000000e+02 1.645520713033522542e+00
2.880000000000000000e+02 1.472179278479980979e+00
2.890000000000000000e+02 1.465343613401803857e+00
2.900000000000000000e+02 1.376134105443957534e+00
2.910000000000000000e+02 1.330815263737519238e+00
2.920000000000000000e+02 1.350415672632714115e+00
2.930000000000000000e+02 1.248096986545174092e+00
2.940000000000000000e+02 1.273845836800349574e+00
2.950000000000000000e+02 1.378756259493298275e+00
2.960000000000000000e+02 1.356926364671654284e+00
2.970000000000000000e+02 1.323273031694283342e+00
2.980000000000000000e+02 1.413759375939827256e+00
2.990000000000000000e+02 1.523996910555140305e+00
3.000000000000000000e+02 1.522112792071738774e+00
3.010000000000000000e+02 1.559428694777597713e+00
3.020000000000000000e+02 1.645386070331114947e+00
3.030000000000000000e+02 1.688257182863238226e+00
3.040000000000000000e+02 1.730136485744258490e+00
3.050000000000000000e+02 1.720088902818861287e+00
3.060000000000000000e+02 1.747386153228994266e+00
3.070000000000000000e+02 1.937295984389416637e+00
3.080000000000000000e+02 2.053683521656470390e+00
3.090000000000000000e+02 2.369165153264597645e+00
3.100000000000000000e+02 2.604454223225821430e+00
3.110000000000000000e+02 2.942301260118533879e+00
3.120000000000000000e+02 3.108251240017684935e+00
3.130000000000000000e+02 3.586915921977407606e+00
3.140000000000000000e+02 2.754476188808790305e+00
3.150000000000000000e+02 2.525023189692938264e+00
3.160000000000000000e+02 2.487387755760406272e+00
3.170000000000000000e+02 2.282381972587808949e+00
3.180000000000000000e+02 2.069447751186021645e+00
3.190000000000000000e+02 2.117123116212563882e+00
3.200000000000000000e+02 2.011811773875381348e+00
3.210000000000000000e+02 1.748383851808062772e+00
3.220000000000000000e+02 1.801528060287573174e+00
3.230000000000000000e+02 1.835092997774647072e+00
3.240000000000000000e+02 1.573258555351672916e+00
3.250000000000000000e+02 1.517122214353620935e+00
3.260000000000000000e+02 1.617220875511559797e+00
3.270000000000000000e+02 1.754571571991249801e+00
3.280000000000000000e+02 1.768973950953165231e+00
3.290000000000000000e+02 1.953592137206466184e+00
3.300000000000000000e+02 2.147822177615311023e+00
3.310000000000000000e+02 2.400336708668831420e+00
3.320000000000000000e+02 2.799924008258511510e+00
3.330000000000000000e+02 2.932947024266604252e+00
3.340000000000000000e+02 3.272235553940422648e+00
3.350000000000000000e+02 3.633757993346522497e+00
3.360000000000000000e+02 3.427216581673722562e+00
3.370000000000000000e+02 3.097528088125837797e+00
3.380000000000000000e+02 3.453650258411471885e+00
3.390000000000000000e+02 3.172113378424763042e+00
3.400000000000000000e+02 2.911477989158701263e+00
3.410000000000000000e+02 3.083100579436529376e+00
3.420000000000000000e+02 2.898354600140011339e+00
3.430000000000000000e+02 2.627964221795060951e+00
3.440000000000000000e+02 2.420513631524139786e+00
3.450000000000000000e+02 2.522238406576630343e+00
3.460000000000000000e+02 2.518483626200059167e+00
3.470000000000000000e+02 2.336017048555337094e+00
3.480000000000000000e+02 2.301043769140717288e+00
3.490000000000000000e+02 2.460213808711344985e+00
3.500000000000000000e+02 2.401747723585909711e+00
3.510000000000000000e+02 2.192943393925848472e+00
3.520000000000000000e+02 2.391960532546241858e+00
3.530000000000000000e+02 2.641315340787878441e+00
3.540000000000000000e+02 2.262227281518859545e+00
3.550000000000000000e+02 2.101730153500643627e+00
3.560000000000000000e+02 1.915419524187336631e+00
3.570000000000000000e+02 1.832755203656578402e+00
3.580000000000000000e+02 1.701598750547021144e+00
3.590000000000000000e+02 1.673654134234027424e+00
3.600000000000000000e+02 1.719700725904038885e+00
3.610000000000000000e+02 1.809070818338253561e+00
3.620000000000000000e+02 1.719074401685916076e+00
3.630000000000000000e+02 1.748416810245104536e+00
3.640000000000000000e+02 1.706669956599544014e+00
3.650000000000000000e+02 1.640086388701811337e+00
3.660000000000000000e+02 1.620559779954649837e+00
3.670000000000000000e+02 1.591473550600138953e+00
3.680000000000000000e+02 1.674442147649731538e+00
3.690000000000000000e+02 1.796971635243520549e+00
3.700000000000000000e+02 1.949869332977329339e+00
3.710000000000000000e+02 2.141710047914430870e+00
3.720000000000000000e+02 2.314545272184264757e+00
3.730000000000000000e+02 2.452442613417765038e+00
3.740000000000000000e+02 2.394274477762825981e+00
3.750000000000000000e+02 2.730768174766528666e+00
3.760000000000000000e+02 2.862069052678505532e+00
3.770000000000000000e+02 2.760490045948212678e+00
3.780000000000000000e+02 2.697026384305424962e+00
3.790000000000000000e+02 2.501872958487854515e+00
3.800000000000000000e+02 2.315639171724619416e+00
3.810000000000000000e+02 2.192705808901291409e+00
3.820000000000000000e+02 2.014392146804007133e+00
3.830000000000000000e+02 2.003796259711843053e+00
3.840000000000000000e+02 1.920893245153097562e+00
3.850000000000000000e+02 1.949790547611162328e+00
3.860000000000000000e+02 2.115888806857676219e+00
3.870000000000000000e+02 2.251909086446381103e+00
3.880000000000000000e+02 2.578170882460100177e+00
3.890000000000000000e+02 2.699535543280935812e+00
3.900000000000000000e+02 3.065230626334052744e+00
3.910000000000000000e+02 2.829696382907531671e+00
3.920000000000000000e+02 2.969220276899926070e+00
3.930000000000000000e+02 3.096759173991967984e+00
3.940000000000000000e+02 2.865737880756470624e+00
3.950000000000000000e+02 2.624310863878386524e+00
3.960000000000000000e+02 2.539153530977006579e+00
3.970000000000000000e+02 2.234916404939356838e+00
3.980000000000000000e+02 2.223692540481329694e+00
3.990000000000000000e+02 2.004600057878031638e+00
4.000000000000000000e+02 1.957814570792671738e+00
4.010000000000000000e+02 1.847402824377273545e+00
4.020000000000000000e+02 1.794258911226773945e+00
4.030000000000000000e+02 1.717041639939217879e+00
4.040000000000000000e+02 1.714135592303912325e+00
4.050000000000000000e+02 1.800275796278936635e+00
4.060000000000000000e+02 1.842770511038837267e+00
4.070000000000000000e+02 1.864229387902659685e+00
4.080000000000000000e+02 2.420642183879359255e+00
4.090000000000000000e+02 2.867479446796191045e+00
4.100000000000000000e+02 2.595258509183882012e+00
4.110000000000000000e+02 2.234191818035759169e+00
4.120000000000000000e+02 2.069173151515780962e+00
4.130000000000000000e+02 2.059158162504568956e+00
4.140000000000000000e+02 1.903965141593888966e+00
4.150000000000000000e+02 1.900183049929784262e+00
4.160000000000000000e+02 1.830658889611592288e+00
4.170000000000000000e+02 1.998664373489315693e+00
4.180000000000000000e+02 2.062690116868931334e+00
4.190000000000000000e+02 1.862642971588195584e+00
4.200000000000000000e+02 2.000600633519905358e+00
4.210000000000000000e+02 2.100612037001704735e+00
4.220000000000000000e+02 2.081473930434952990e+00
4.230000000000000000e+02 2.291111313625956214e+00
4.240000000000000000e+02 2.135984624352098127e+00
4.250000000000000000e+02 2.128833204355236486e+00
4.260000000000000000e+02 2.124671577901271480e+00
4.270000000000000000e+02 2.007834647158886376e+00
4.280000000000000000e+02 2.099304380851585883e+00
4.290000000000000000e+02 2.017217843083074058e+00
4.300000000000000000e+02 2.111993636736314350e+00
4.310000000000000000e+02 2.044033158661927807e+00
4.320000000000000000e+02 2.179025636996068993e+00
4.330000000000000000e+02 2.140815350606930512e+00
4.340000000000000000e+02 2.337535094901274757e+00
4.350000000000000000e+02 2.118452569865566293e+00
4.360000000000000000e+02 2.428693468316419413e+00
4.370000000000000000e+02 2.459851141487742865e+00
4.380000000000000000e+02 3.041713893600783702e+00
4.390000000000000000e+02 3.852407413242442846e+00
4.400000000000000000e+02 4.180478762454309383e+00
4.410000000000000000e+02 4.128134873058391108e+00
4.420000000000000000e+02 3.869311070903182159e+00
4.430000000000000000e+02 3.954576333795128296e+00
4.440000000000000000e+02 3.974665246987187928e+00
4.450000000000000000e+02 3.972699338150368575e+00
4.460000000000000000e+02 4.103990962699753275e+00
4.470000000000000000e+02 3.341606272925577326e+00
4.480000000000000000e+02 3.082392921926506268e+00
4.490000000000000000e+02 3.511511952591228614e+00
4.500000000000000000e+02 3.284529450280695873e+00
4.510000000000000000e+02 3.030171744357807118e+00
4.520000000000000000e+02 2.996399077227804852e+00
4.530000000000000000e+02 2.603720901606474403e+00
4.540000000000000000e+02 2.391824278377358226e+00
4.550000000000000000e+02 2.385994757045266645e+00
4.560000000000000000e+02 2.252384235940481538e+00
4.570000000000000000e+02 2.509911167614878647e+00
4.580000000000000000e+02 2.961376518506619426e+00
4.590000000000000000e+02 2.799087796598004552e+00
4.600000000000000000e+02 2.680739969963621849e+00
4.610000000000000000e+02 2.617683592656971925e+00
4.620000000000000000e+02 2.767354647754866726e+00
4.630000000000000000e+02 2.678541108720805752e+00
4.640000000000000000e+02 2.928515280209492921e+00
4.650000000000000000e+02 3.231408319111843674e+00
4.660000000000000000e+02 3.210513329664144155e+00
4.670000000000000000e+02 3.664616179826287290e+00
4.680000000000000000e+02 4.289743067964265855e+00
4.690000000000000000e+02 4.435986106157102427e+00
4.700000000000000000e+02 4.269042319296863397e+00
4.710000000000000000e+02 3.540964514831216547e+00
4.720000000000000000e+02 3.729714387787169017e+00
4.730000000000000000e+02 3.346203853100136794e+00
4.740000000000000000e+02 3.564299791970374276e+00
4.750000000000000000e+02 3.915979506504311480e+00
4.760000000000000000e+02 4.786979190373597426e+00
4.770000000000000000e+02 5.359765798654532176e+00
4.780000000000000000e+02 5.747314613424040708e+00
4.790000000000000000e+02 6.814078734141244098e+00
4.800000000000000000e+02 8.092555002478034609e+00
4.810000000000000000e+02 7.792526291710282216e+00
4.820000000000000000e+02 6.517637548297590122e+00
4.830000000000000000e+02 5.726256701630246582e+00
4.840000000000000000e+02 4.154406291210493762e+00
4.850000000000000000e+02 3.413057610668115416e+00
4.860000000000000000e+02 2.658361993925607347e+00
4.870000000000000000e+02 3.644969930894084165e+00
4.880000000000000000e+02 4.727761916812048604e+00
4.890000000000000000e+02 4.213816117465074562e+00
4.900000000000000000e+02 3.694916475513713383e+00
4.910000000000000000e+02 3.249837562621593179e+00
4.920000000000000000e+02 3.012962083863417018e+00
4.930000000000000000e+02 2.352863321168240152e+00
4.940000000000000000e+02 2.079776341950233309e+00
4.950000000000000000e+02 1.863171956153425457e+00
4.960000000000000000e+02 1.880832064186140684e+00
4.970000000000000000e+02 1.812025592635660542e+00
4.980000000000000000e+02 1.663163806682258716e+00
4.990000000000000000e+02 1.791142480937236048e+00
5.000000000000000000e+02 1.950713190500703575e+00
5.010000000000000000e+02 2.167639974513073664e+00
5.020000000000000000e+02 2.339576152130116604e+00
5.030000000000000000e+02 2.636494338730753118e+00
5.040000000000000000e+02 2.545866793030309605e+00
5.050000000000000000e+02 2.178579589494302748e+00
5.060000000000000000e+02 1.936811334848632882e+00
5.070000000000000000e+02 1.873615008210384403e+00
5.080000000000000000e+02 1.715668366808252632e+00
5.090000000000000000e+02 1.663494302394952662e+00
5.100000000000000000e+02 1.584712903798086492e+00
5.110000000000000000e+02 1.640043417886314359e+00
5.120000000000000000e+02 1.576018525714895313e+00
5.130000000000000000e+02 1.584760175855022046e+00
5.140000000000000000e+02 1.650685722671845435e+00
5.150000000000000000e+02 1.643592481356485280e+00
5.160000000000000000e+02 1.593437352719754285e+00
5.170000000000000000e+02 1.736433676071321708e+00
5.180000000000000000e+02 1.836308789391739360e+00
5.190000000000000000e+02 1.969877207450305034e+00
5.200000000000000000e+02 1.897265552718156778e+00
5.210000000000000000e+02 1.705562730515140846e+00
5.220000000000000000e+02 1.706126282278687567e+00
5.230000000000000000e+02 1.604659269855164938e+00
5.240000000000000000e+02 1.642860746731758859e+00
5.250000000000000000e+02 2.093539402042366770e+00
5.260000000000000000e+02 2.461896475902239700e+00
5.270000000000000000e+02 2.216077555267758736e+00
5.280000000000000000e+02 1.531709765178109528e+00
5.290000000000000000e+02 1.614366488722268622e+00
5.300000000000000000e+02 1.710264855328077482e+00
5.310000000000000000e+02 1.770030883193197235e+00
5.320000000000000000e+02 1.919913057582045779e+00
5.330000000000000000e+02 1.944668282256407199e+00
5.340000000000000000e+02 1.810175336072913810e+00
5.350000000000000000e+02 1.611815810735981014e+00
5.360000000000000000e+02 1.526538968299219867e+00
5.370000000000000000e+02 1.674926801082839534e+00
5.380000000000000000e+02 1.669586889635022331e+00
5.390000000000000000e+02 1.604971174177977522e+00
5.400000000000000000e+02 1.559761055450795908e+00
5.410000000000000000e+02 1.571759304297256632e+00
5.420000000000000000e+02 1.527749567641737416e+00
5.430000000000000000e+02 1.606498363765280546e+00
5.440000000000000000e+02 1.630341856808933843e+00
5.450000000000000000e+02 1.618710483595232841e+00
5.460000000000000000e+02 1.635429130208082560e+00
5.470000000000000000e+02 1.585560440549431904e+00
5.480000000000000000e+02 1.613397607154081204e+00
5.490000000000000000e+02 1.601234455885150121e+00
5.500000000000000000e+02 1.608217003932983946e+00
5.510000000000000000e+02 1.722599198947536880e+00
5.520000000000000000e+02 1.788891380770598394e+00
5.530000000000000000e+02 1.694433086201392991e+00
5.540000000000000000e+02 1.789949300945991917e+00
5.550000000000000000e+02 1.873155794270399133e+00
5.560000000000000000e+02 1.840170936070049557e+00
5.570000000000000000e+02 1.689585107413397180e+00
5.580000000000000000e+02 1.650792760580495511e+00
5.590000000000000000e+02 1.783297503750650881e+00
5.600000000000000000e+02 1.838293103274706075e+00
5.610000000000000000e+02 1.805933950940733279e+00
5.620000000000000000e+02 1.937626269395132494e+00
5.630000000000000000e+02 1.925512063662328188e+00
5.640000000000000000e+02 2.065860360242782523e+00
5.650000000000000000e+02 2.154436768781877731e+00
5.660000000000000000e+02 2.207907774330043260e+00
5.670000000000000000e+02 2.257904935289340553e+00
5.680000000000000000e+02 2.365739373324095229e+00
5.690000000000000000e+02 2.513339634214072138e+00
5.700000000000000000e+02 2.672883397850346565e+00
5.710000000000000000e+02 2.618340241084163189e+00
5.720000000000000000e+02 2.652323246938678381e+00
5.730000000000000000e+02 2.526837831460496897e+00
5.740000000000000000e+02 2.377777989565064587e+00
5.750000000000000000e+02 2.479860172199196189e+00
5.760000000000000000e+02 2.683882181199839234e+00
5.770000000000000000e+02 2.844275167625647693e+00
5.780000000000000000e+02 2.862414096814709374e+00
5.790000000000000000e+02 3.284278279156529035e+00
5.800000000000000000e+02 2.572268062861543747e+00
5.810000000000000000e+02 2.324149273578592911e+00
5.820000000000000000e+02 2.265008021509302250e+00
5.830000000000000000e+02 2.069134845814250667e+00
5.840000000000000000e+02 2.135444471782963927e+00
5.850000000000000000e+02 2.330579999125645063e+00
5.860000000000000000e+02 2.483830925043176485e+00
5.870000000000000000e+02 3.247759253087398879e+00
5.880000000000000000e+02 4.806519475773637140e+00
5.890000000000000000e+02 6.183649767255594121e+00
5.900000000000000000e+02 7.953781885352468883e+00
5.910000000000000000e+02 9.309933970764545208e+00
5.920000000000000000e+02 7.659595531897368303e+00
5.930000000000000000e+02 7.045119527431815243e+00
5.940000000000000000e+02 6.996016976630546225e+00
5.950000000000000000e+02 5.927901383734432983e+00
5.960000000000000000e+02 5.290628417326082022e+00
5.970000000000000000e+02 5.515780533149715836e+00
5.980000000000000000e+02 5.539437610471614093e+00
5.990000000000000000e+02 5.105376159280290871e+00
6.000000000000000000e+02 4.829822904328759492e+00
6.010000000000000000e+02 4.442331203385110783e+00
6.020000000000000000e+02 5.809624353302692334e+00
6.030000000000000000e+02 5.503950948491759476e+00
6.040000000000000000e+02 3.987118785948241761e+00
6.050000000000000000e+02 3.906074071391462788e+00
6.060000000000000000e+02 3.670947644870357962e+00
6.070000000000000000e+02 3.490825607872697578e+00
6.080000000000000000e+02 3.347504996437454139e+00
6.090000000000000000e+02 3.180992665877975245e+00
6.100000000000000000e+02 3.067602636424533902e+00
6.110000000000000000e+02 3.006284789354655373e+00
6.120000000000000000e+02 2.866430999342271857e+00
6.130000000000000000e+02 2.701828493790625618e+00
6.140000000000000000e+02 2.755913757700965139e+00
6.150000000000000000e+02 2.844835562830259068e+00
6.160000000000000000e+02 2.731461409577139232e+00
6.170000000000000000e+02 2.679982496057514485e+00
6.180000000000000000e+02 2.877732526147680048e+00
6.190000000000000000e+02 2.987783142751925691e+00
6.200000000000000000e+02 2.925760338453641474e+00
6.210000000000000000e+02 2.886613122954551081e+00
6.220000000000000000e+02 2.823369397694503125e+00
6.230000000000000000e+02 2.798026346169758316e+00
6.240000000000000000e+02 2.716647218260447527e+00
6.250000000000000000e+02 2.588164850200493472e+00
6.260000000000000000e+02 2.605601476746550738e+00
6.270000000000000000e+02 2.684257118510541940e+00
6.280000000000000000e+02 2.634188664294909721e+00
6.290000000000000000e+02 2.644546981036011601e+00
6.300000000000000000e+02 2.486488157367682916e+00
6.310000000000000000e+02 2.518719108781091176e+00
6.320000000000000000e+02 2.732834649416300277e+00
6.330000000000000000e+02 2.710101210195192234e+00
6.340000000000000000e+02 2.632740124351477640e+00
6.350000000000000000e+02 2.795860462926686996e+00
6.360000000000000000e+02 3.178870899662976868e+00
6.370000000000000000e+02 3.335040830914744348e+00
6.380000000000000000e+02 3.594399449494018572e+00
6.390000000000000000e+02 3.474819095584675388e+00
6.400000000000000000e+02 3.743651301326640368e+00
6.410000000000000000e+02 3.656708056089735148e+00
6.420000000000000000e+02 3.903962748425873652e+00
6.430000000000000000e+02 4.046640007063171396e+00
6.440000000000000000e+02 4.224064829306549029e+00
6.450000000000000000e+02 4.194350237406538895e+00
6.460000000000000000e+02 4.962722290874138409e+00
6.470000000000000000e+02 4.812632803764767431e+00
6.480000000000000000e+02 5.650199584911280937e+00
6.490000000000000000e+02 6.436391949448449168e+00
6.500000000000000000e+02 5.283472036972525210e+00
6.510000000000000000e+02 5.233138432927377792e+00
6.520000000000000000e+02 4.510454784630839598e+00
6.530000000000000000e+02 4.153021025699696445e+00
6.540000000000000000e+02 4.020616776022029271e+00
6.550000000000000000e+02 3.614532922392730274e+00
6.560000000000000000e+02 3.501449669692624944e+00
6.570000000000000000e+02 3.341574760424308455e+00
6.580000000000000000e+02 3.270834571080224240e+00
6.590000000000000000e+02 3.101382243301855191e+00
6.600000000000000000e+02 3.204900487430143219e+00
6.610000000000000000e+02 3.274475192351922637e+00
6.620000000000000000e+02 3.353571111480067479e+00
6.630000000000000000e+02 3.240998310765015766e+00
6.640000000000000000e+02 3.304162525696642927e+00
6.650000000000000000e+02 3.242024864732788725e+00
6.660000000000000000e+02 3.439597446634123035e+00
6.670000000000000000e+02 3.464360259944537113e+00
6.680000000000000000e+02 3.779165124882263083e+00
6.690000000000000000e+02 3.818615920936991870e+00
6.700000000000000000e+02 4.278109391649747018e+00
6.710000000000000000e+02 4.523287661570621232e+00
6.720000000000000000e+02 5.149279182996217230e+00
6.730000000000000000e+02 5.470201007433354690e+00
6.740000000000000000e+02 5.370681155146927566e+00
6.750000000000000000e+02 5.402799597435959278e+00
6.760000000000000000e+02 4.581149179658782877e+00
6.770000000000000000e+02 4.015191129006748127e+00
6.780000000000000000e+02 3.881016226593652974e+00
6.790000000000000000e+02 3.562015970846378554e+00
6.800000000000000000e+02 3.702294121883618949e+00
6.810000000000000000e+02 3.411098919665019213e+00
6.820000000000000000e+02 3.533550568221416111e+00
6.830000000000000000e+02 3.499916566106684446e+00
6.840000000000000000e+02 3.442826859129629380e+00
6.850000000000000000e+02 3.316569831267656809e+00
6.860000000000000000e+02 3.419441340254942840e+00
6.870000000000000000e+02 3.362948680863728335e+00
6.880000000000000000e+02 3.476084442413597930e+00
6.890000000000000000e+02 3.395766276277695894e+00
6.900000000000000000e+02 3.544316981310535297e+00
6.910000000000000000e+02 3.294763733297235042e+00
6.920000000000000000e+02 3.686123257318589364e+00
6.930000000000000000e+02 3.563538770862506144e+00
6.940000000000000000e+02 3.919006347680062063e+00
6.950000000000000000e+02 3.516201408367590986e+00
6.960000000000000000e+02 2.971975399463115064e+00
6.970000000000000000e+02 3.504204977364596019e+00
6.980000000000000000e+02 3.711869191292217263e+00
6.990000000000000000e+02 3.019960438717575801e+00
7.000000000000000000e+02 3.077204280536137926e+00
7.010000000000000000e+02 3.725707175079421951e+00
7.020000000000000000e+02 3.481060614675736797e+00
7.030000000000000000e+02 3.047396414835147560e+00
7.040000000000000000e+02 3.632225102162868868e+00
7.050000000000000000e+02 3.953006201655847374e+00
7.060000000000000000e+02 3.495153618061823675e+00
7.070000000000000000e+02 3.438575485417567634e+00
7.080000000000000000e+02 4.045708751723329222e+00
7.090000000000000000e+02 4.163949085789561799e+00
7.100000000000000000e+02 3.770874448049804872e+00
7.110000000000000000e+02 4.052468630148598372e+00
7.120000000000000000e+02 4.516495847126345886e+00
7.130000000000000000e+02 4.417297136386694412e+00
7.140000000000000000e+02 4.298072393784246437e+00
7.150000000000000000e+02 4.746326598709650568e+00
7.160000000000000000e+02 5.042849638027852244e+00
7.170000000000000000e+02 4.947203510845850971e+00
7.180000000000000000e+02 5.068856671429721850e+00
7.190000000000000000e+02 5.526840176158830609e+00
7.200000000000000000e+02 5.712566042700665037e+00
7.210000000000000000e+02 5.683191859928578893e+00
7.220000000000000000e+02 5.929761081329299799e+00
7.230000000000000000e+02 6.292731424543729801e+00
7.240000000000000000e+02 6.451310226259080238e+00
7.250000000000000000e+02 6.528189363910356313e+00
7.260000000000000000e+02 6.831182566374455867e+00
7.270000000000000000e+02 7.195119890271739038e+00
7.280000000000000000e+02 7.343376387682393869e+00
7.290000000000000000e+02 7.459014211207239953e+00
7.300000000000000000e+02 7.772677968456893183e+00
7.310000000000000000e+02 8.082630465611629234e+00
7.320000000000000000e+02 8.175361444945107081e+00
7.330000000000000000e+02 8.445111443585373578e+00
7.340000000000000000e+02 8.748090472249897331e+00
7.350000000000000000e+02 8.951891026079151104e+00
7.360000000000000000e+02 9.172031670290907712e+00
7.370000000000000000e+02 9.427310747031578231e+00
7.380000000000000000e+02 9.720808268533193797e+00
7.390000000000000000e+02 9.959695633064074016e+00
7.400000000000000000e+02 1.021087687432382651e+01
7.410000000000000000e+02 1.039004634454609821e+01
7.420000000000000000e+02 1.018574827229392454e+01
7.430000000000000000e+02 1.048001160364836970e+01
7.440000000000000000e+02 1.027477772935098166e+01
7.450000000000000000e+02 1.054333409406613953e+01
7.460000000000000000e+02 1.121645073856895358e+01
7.470000000000000000e+02 1.123986928977585364e+01
7.480000000000000000e+02 1.110297822537981105e+01
7.490000000000000000e+02 1.100846825299690401e+01
7.500000000000000000e+02 1.051589289144883033e+01
7.510000000000000000e+02 1.060698955966812562e+01
7.520000000000000000e+02 1.011721719575181311e+01
7.530000000000000000e+02 9.536565787107006642e+00
7.540000000000000000e+02 9.206549342918334489e+00
7.550000000000000000e+02 8.805894709659973785e+00
7.560000000000000000e+02 8.524623990034365661e+00
7.570000000000000000e+02 8.470206440587915608e+00
7.580000000000000000e+02 8.018937920900318872e+00
7.590000000000000000e+02 7.569557219232108558e+00
7.600000000000000000e+02 7.779381729780581622e+00
7.610000000000000000e+02 7.756447239406327299e+00
7.620000000000000000e+02 8.451226478879473092e+00
