# Residue RMSF(Ang)
1.000000000000000000e+00 4.092996192707179404e+00
2.000000000000000000e+00 3.325064360544604636e+00
3.000000000000000000e+00 3.076827562409312211e+00
4.000000000000000000e+00 3.210563378760793007e+00
5.000000000000000000e+00 3.015833810463451226e+00
6.000000000000000000e+00 3.423598903968877227e+00
7.000000000000000000e+00 3.372507739132402094e+00
8.000000000000000000e+00 3.272322236930095496e+00
9.000000000000000000e+00 3.280752913261728132e+00
1.000000000000000000e+01 3.114868388573013736e+00
1.100000000000000000e+01 3.238671406059529190e+00
1.200000000000000000e+01 3.288429283371634870e+00
1.300000000000000000e+01 3.411876339604085651e+00
1.400000000000000000e+01 3.662054077910232852e+00
1.500000000000000000e+01 3.255565574711921428e+00
1.600000000000000000e+01 2.878670480903396278e+00
1.700000000000000000e+01 2.927327073605694885e+00
1.800000000000000000e+01 2.654937691224634300e+00
1.900000000000000000e+01 2.809747830905828803e+00
2.000000000000000000e+01 2.668621549219771349e+00
2.100000000000000000e+01 2.524126685604692000e+00
2.200000000000000000e+01 2.716329257489908056e+00
2.300000000000000000e+01 2.869095292754473725e+00
2.400000000000000000e+01 3.123607076956683049e+00
2.500000000000000000e+01 3.402611747450219770e+00
2.600000000000000000e+01 3.743299629266271022e+00
2.700000000000000000e+01 4.133623880284812202e+00
2.800000000000000000e+01 4.825647893674609890e+00
2.900000000000000000e+01 5.286115395077456647e+00
3.000000000000000000e+01 5.373064726470740737e+00
3.100000000000000000e+01 5.188517943424025169e+00
3.200000000000000000e+01 4.895938490545426625e+00
3.300000000000000000e+01 4.718908551427256626e+00
3.400000000000000000e+01 3.983230026107297927e+00
3.500000000000000000e+01 3.756174437162089763e+00
3.600000000000000000e+01 3.456431028238481140e+00
3.700000000000000000e+01 3.359306721314998967e+00
3.800000000000000000e+01 3.110465923911419406e+00
3.900000000000000000e+01 2.991548208211030513e+00
4.000000000000000000e+01 2.935878789174559689e+00
4.100000000000000000e+01 2.872640317423138967e+00
4.200000000000000000e+01 2.885119565692675359e+00
4.300000000000000000e+01 3.152796230469469219e+00
4.400000000000000000e+01 3.504223739846624497e+00
4.500000000000000000e+01 3.870923040029209616e+00
4.600000000000000000e+01 4.539244505592800571e+00
4.700000000000000000e+01 4.608757089057658796e+00
4.800000000000000000e+01 4.850850845531880395e+00
4.900000000000000000e+01 4.638134514252334029e+00
5.000000000000000000e+01 3.747425091982556022e+00
5.100000000000000000e+01 3.514788691537489296e+00
5.200000000000000000e+01 3.205723475545387391e+00
5.300000000000000000e+01 3.286977452952069001e+00
5.400000000000000000e+01 3.157571987310932027e+00
5.500000000000000000e+01 3.316796531013517235e+00
5.600000000000000000e+01 3.350503201946885223e+00
5.700000000000000000e+01 3.481475155510536990e+00
5.800000000000000000e+01 3.666051945022207104e+00
5.900000000000000000e+01 3.662614699621743686e+00
6.000000000000000000e+01 3.888360630607060830e+00
6.100000000000000000e+01 4.220873863256994873e+00
6.200000000000000000e+01 4.158245890321534688e+00
6.300000000000000000e+01 4.393937933543175411e+00
6.400000000000000000e+01 4.104757438259634128e+00
6.500000000000000000e+01 3.719427691814173986e+00
6.600000000000000000e+01 3.866182054427898418e+00
6.700000000000000000e+01 3.690009638352744314e+00
6.800000000000000000e+01 3.851639633721640976e+00
6.900000000000000000e+01 3.777938921163004782e+00
7.000000000000000000e+01 3.864607111667468065e+00
7.100000000000000000e+01 4.052742283539321200e+00
7.200000000000000000e+01 4.008839355001128979e+00
7.300000000000000000e+01 4.334190153676713564e+00
7.400000000000000000e+01 4.600961025815570871e+00
7.500000000000000000e+01 4.850342156035698515e+00
7.600000000000000000e+01 5.380549386094013009e+00
7.700000000000000000e+01 4.929215550579192140e+00
7.800000000000000000e+01 4.431129082785304263e+00
7.900000000000000000e+01 4.454168431133227024e+00
8.000000000000000000e+01 4.751874138469431408e+00
8.100000000000000000e+01 5.124686039821934713e+00
8.200000000000000000e+01 5.236910036267049762e+00
8.300000000000000000e+01 5.423622909783131441e+00
8.400000000000000000e+01 4.562923630865053148e+00
8.500000000000000000e+01 4.220111214275006795e+00
8.600000000000000000e+01 4.050181625618560766e+00
8.700000000000000000e+01 3.731320084115274494e+00
8.800000000000000000e+01 3.659002277861936658e+00
8.900000000000000000e+01 3.580685854333228946e+00
9.000000000000000000e+01 3.445975594257383090e+00
9.100000000000000000e+01 3.125838711990096108e+00
9.200000000000000000e+01 3.120244121347666155e+00
9.300000000000000000e+01 2.939316255637623776e+00
9.400000000000000000e+01 3.136336737839031663e+00
9.500000000000000000e+01 3.056908728036919598e+00
9.600000000000000000e+01 2.800233238735019725e+00
9.700000000000000000e+01 2.928535119208897530e+00
9.800000000000000000e+01 3.121500436401162482e+00
9.900000000000000000e+01 3.289455181414106644e+00
1.000000000000000000e+02 3.614435972223971838e+00
1.010000000000000000e+02 3.857866294938776974e+00
1.020000000000000000e+02 4.268194784173273248e+00
1.030000000000000000e+02 4.424921232897450984e+00
1.040000000000000000e+02 4.167728996933595553e+00
1.050000000000000000e+02 3.820247035122355861e+00
1.060000000000000000e+02 3.600881254128629028e+00
1.070000000000000000e+02 3.357661129515321807e+00
1.080000000000000000e+02 3.221995508911249750e+00
1.090000000000000000e+02 3.134220492116059020e+00
1.100000000000000000e+02 3.019443087425816241e+00
1.110000000000000000e+02 2.992972791293702084e+00
1.120000000000000000e+02 3.220557193878249347e+00
1.130000000000000000e+02 3.306368124869170533e+00
1.140000000000000000e+02 3.554548010667331948e+00
1.150000000000000000e+02 3.778171054838701970e+00
1.160000000000000000e+02 4.055089471326619233e+00
1.170000000000000000e+02 4.238134607279632426e+00
1.180000000000000000e+02 4.329276231852621670e+00
1.190000000000000000e+02 3.928019685933859417e+00
1.200000000000000000e+02 3.792927546658640736e+00
1.210000000000000000e+02 3.598726527276953302e+00
1.220000000000000000e+02 3.466842612280482960e+00
1.230000000000000000e+02 3.310954501318226217e+00
1.240000000000000000e+02 3.155286444104045351e+00
1.250000000000000000e+02 3.315157887219939870e+00
1.260000000000000000e+02 3.247461682366447722e+00
1.270000000000000000e+02 3.406417259303579304e+00
1.280000000000000000e+02 3.480110429416094053e+00
1.290000000000000000e+02 3.680776346476260841e+00
1.300000000000000000e+02 3.910072487711134137e+00
1.310000000000000000e+02 4.154070099946810757e+00
1.320000000000000000e+02 4.506059609023514767e+00
1.330000000000000000e+02 4.852152603637407857e+00
1.340000000000000000e+02 4.881971293616271801e+00
1.350000000000000000e+02 4.620358379902472556e+00
1.360000000000000000e+02 4.247308266590492210e+00
1.370000000000000000e+02 4.171866228387941078e+00
1.380000000000000000e+02 3.914883411033333260e+00
1.390000000000000000e+02 3.860781537916978756e+00
1.400000000000000000e+02 3.815989925234309688e+00
1.410000000000000000e+02 3.703895198392837873e+00
1.420000000000000000e+02 3.739392268029746891e+00
1.430000000000000000e+02 3.907109014903494160e+00
1.440000000000000000e+02 4.295726902712343254e+00
1.450000000000000000e+02 4.173425090987586294e+00
1.460000000000000000e+02 4.495656540595293293e+00
1.470000000000000000e+02 4.847080008032770948e+00
1.480000000000000000e+02 4.991772628481369267e+00
1.490000000000000000e+02 4.463099989232596876e+00
1.500000000000000000e+02 4.106269618229505092e+00
1.510000000000000000e+02 3.734295933681203383e+00
1.520000000000000000e+02 3.767343497670009089e+00
1.530000000000000000e+02 3.573468364140704789e+00
1.540000000000000000e+02 3.243724240598027553e+00
1.550000000000000000e+02 3.239244601174233740e+00
1.560000000000000000e+02 3.060630985665035997e+00
1.570000000000000000e+02 3.235251984646161372e+00
1.580000000000000000e+02 3.215156350740486779e+00
1.590000000000000000e+02 2.913622847237626878e+00
1.600000000000000000e+02 2.950166406914702666e+00
1.610000000000000000e+02 3.172269294230765091e+00
1.620000000000000000e+02 3.276867894939244241e+00
1.630000000000000000e+02 3.688195706958727893e+00
1.640000000000000000e+02 4.052379382668080510e+00
1.650000000000000000e+02 4.488492306499589191e+00
1.660000000000000000e+02 4.508036446118714125e+00
1.670000000000000000e+02 4.271920930035255637e+00
1.680000000000000000e+02 4.018451115858050926e+00
1.690000000000000000e+02 3.766438670249049991e+00
1.700000000000000000e+02 3.561828818432417165e+00
1.710000000000000000e+02 3.367786363410151029e+00
1.720000000000000000e+02 3.143839043490046503e+00
1.730000000000000000e+02 3.108325563296555405e+00
1.740000000000000000e+02 2.919309712915964194e+00
1.750000000000000000e+02 2.947427225887423230e+00
1.760000000000000000e+02 3.244737385860846146e+00
1.770000000000000000e+02 3.353181182179422404e+00
1.780000000000000000e+02 3.087468763080852607e+00
1.790000000000000000e+02 2.890914518700974600e+00
1.800000000000000000e+02 3.082915870464330688e+00
1.810000000000000000e+02 3.110103505831276482e+00
1.820000000000000000e+02 3.337569671174976271e+00
1.830000000000000000e+02 3.357962834057859336e+00
1.840000000000000000e+02 3.737759996817701325e+00
1.850000000000000000e+02 3.861005153323799011e+00
1.860000000000000000e+02 4.030917025158588629e+00
1.870000000000000000e+02 4.207045879838451796e+00
1.880000000000000000e+02 4.201240669654647597e+00
1.890000000000000000e+02 4.486757391516206006e+00
1.900000000000000000e+02 4.463245786116928571e+00
1.910000000000000000e+02 4.262370285950812132e+00
1.920000000000000000e+02 4.427602163870481000e+00
1.930000000000000000e+02 4.743220985802913958e+00
1.940000000000000000e+02 4.760902529121130655e+00
1.950000000000000000e+02 4.660948294782541801e+00
1.960000000000000000e+02 5.035136272449287631e+00
1.970000000000000000e+02 5.356581602434866696e+00
1.980000000000000000e+02 5.593179822017175340e+00
1.990000000000000000e+02 6.553370785057059500e+00
2.000000000000000000e+02 6.265307878411167763e+00
2.010000000000000000e+02 6.390763947914186893e+00
2.020000000000000000e+02 6.107736396158863990e+00
2.030000000000000000e+02 5.821589032738549996e+00
2.040000000000000000e+02 5.874576730089179577e+00
2.050000000000000000e+02 5.517208982952742424e+00
2.060000000000000000e+02 5.173458985995190496e+00
2.070000000000000000e+02 4.605600197840708176e+00
2.080000000000000000e+02 4.465677642213618626e+00
2.090000000000000000e+02 4.070536323449795546e+00
2.100000000000000000e+02 3.804821757375671964e+00
2.110000000000000000e+02 4.106264726001726650e+00
2.120000000000000000e+02 4.346607018593863003e+00
2.130000000000000000e+02 4.795259810840702741e+00
2.140000000000000000e+02 4.651569768866350429e+00
2.150000000000000000e+02 4.472181589402513424e+00
2.160000000000000000e+02 4.611925437936733374e+00
2.170000000000000000e+02 5.423056327161809520e+00
2.180000000000000000e+02 4.034065683896435495e+00
2.190000000000000000e+02 3.426728034119082889e+00
2.200000000000000000e+02 3.065284197944525335e+00
2.210000000000000000e+02 2.897650406370844145e+00
2.220000000000000000e+02 3.070601190935891456e+00
2.230000000000000000e+02 3.078645479018151665e+00
2.240000000000000000e+02 2.750133588057938727e+00
2.250000000000000000e+02 2.761875970757503129e+00
2.260000000000000000e+02 2.990341555294471654e+00
2.270000000000000000e+02 3.054855803889053423e+00
2.280000000000000000e+02 3.248700535153635549e+00
2.290000000000000000e+02 3.032244014713211921e+00
2.300000000000000000e+02 2.951792310831669042e+00
2.310000000000000000e+02 2.848473669505438455e+00
2.320000000000000000e+02 3.136672286193145531e+00
2.330000000000000000e+02 3.417909724947321592e+00
2.340000000000000000e+02 3.660935756804565067e+00
2.350000000000000000e+02 4.350108116002509462e+00
2.360000000000000000e+02 4.434048895744010288e+00
2.370000000000000000e+02 3.983291095513391333e+00
2.380000000000000000e+02 3.807382630389856804e+00
2.390000000000000000e+02 3.393854498190692404e+00
2.400000000000000000e+02 3.146574402333606635e+00
2.410000000000000000e+02 3.057732810816931934e+00
2.420000000000000000e+02 3.366809328290567116e+00
2.430000000000000000e+02 3.156117919884136924e+00
2.440000000000000000e+02 2.623772182822229571e+00
2.450000000000000000e+02 2.699606123634924248e+00
2.460000000000000000e+02 3.053782763975957604e+00
2.470000000000000000e+02 3.140600352802151551e+00
2.480000000000000000e+02 2.914367568022713240e+00
2.490000000000000000e+02 2.554225849369598400e+00
2.500000000000000000e+02 2.581935073879352505e+00
2.510000000000000000e+02 2.684458850117884321e+00
2.520000000000000000e+02 2.905431982350086706e+00
2.530000000000000000e+02 2.939843875434367426e+00
2.540000000000000000e+02 3.264258139630272115e+00
2.550000000000000000e+02 3.365304407362546435e+00
2.560000000000000000e+02 3.674563644553855646e+00
2.570000000000000000e+02 4.011224333731230551e+00
2.580000000000000000e+02 4.027179481773106140e+00
2.590000000000000000e+02 4.416011025463941309e+00
2.600000000000000000e+02 4.511079956717637174e+00
2.610000000000000000e+02 4.094977131597084430e+00
2.620000000000000000e+02 4.138714424202738051e+00
2.630000000000000000e+02 3.908775117816343680e+00
2.640000000000000000e+02 3.971991759787806497e+00
2.650000000000000000e+02 3.614941522277105967e+00
2.660000000000000000e+02 3.402537953423797390e+00
2.670000000000000000e+02 2.953303116484419011e+00
2.680000000000000000e+02 2.852954529962547170e+00
2.690000000000000000e+02 2.634760274063465246e+00
2.700000000000000000e+02 2.550503739102212730e+00
2.710000000000000000e+02 2.370544964270243860e+00
2.720000000000000000e+02 2.360349657171503246e+00
2.730000000000000000e+02 2.141375358840473808e+00
2.740000000000000000e+02 2.055445308844093599e+00
2.750000000000000000e+02 2.161588717438879925e+00
2.760000000000000000e+02 2.343014376408127930e+00
2.770000000000000000e+02 2.416975248659564812e+00
2.780000000000000000e+02 2.301139591863270439e+00
2.790000000000000000e+02 2.366977420132676979e+00
2.800000000000000000e+02 2.586816088483196552e+00
2.810000000000000000e+02 2.662648434107165230e+00
2.820000000000000000e+02 2.899009031560027427e+00
2.830000000000000000e+02 3.080453265641958094e+00
2.840000000000000000e+02 3.396324727255536136e+00
2.850000000000000000e+02 3.292182943448092480e+00
2.860000000000000000e+02 3.639933585334799826e+00
2.870000000000000000e+02 4.705061926933454153e+00
2.880000000000000000e+02 4.810941296652704757e+00
2.890000000000000000e+02 5.155857267110463660e+00
2.900000000000000000e+02 4.396978911322069195e+00
2.910000000000000000e+02 3.631157182965079055e+00
2.920000000000000000e+02 2.907038518254233761e+00
2.930000000000000000e+02 2.780978031630288339e+00
2.940000000000000000e+02 2.493895913533191067e+00
2.950000000000000000e+02 2.422895383358378396e+00
2.960000000000000000e+02 2.204989175509158184e+00
2.970000000000000000e+02 2.099973080994053998e+00
2.980000000000000000e+02 1.906205078554636279e+00
2.990000000000000000e+02 1.841593702622693840e+00
3.000000000000000000e+02 1.877118165624129364e+00
3.010000000000000000e+02 1.756313076711857990e+00
3.020000000000000000e+02 1.756567621516976319e+00
3.030000000000000000e+02 1.808534606707422387e+00
3.040000000000000000e+02 1.712236540361462556e+00
3.050000000000000000e+02 2.063946937430853001e+00
3.060000000000000000e+02 2.140887681830956346e+00
3.070000000000000000e+02 2.103200859204456208e+00
3.080000000000000000e+02 1.798838401293390676e+00
3.090000000000000000e+02 1.729948750557175119e+00
3.100000000000000000e+02 1.541246336041726339e+00
3.110000000000000000e+02 1.580869874020912169e+00
3.120000000000000000e+02 1.569164804386952605e+00
3.130000000000000000e+02 1.759028029960895578e+00
3.140000000000000000e+02 1.939337627067711622e+00
3.150000000000000000e+02 2.111957988930162067e+00
3.160000000000000000e+02 2.375157200176505334e+00
3.170000000000000000e+02 2.508297163656591167e+00
3.180000000000000000e+02 2.762815739660590797e+00
3.190000000000000000e+02 2.821598187857524476e+00
3.200000000000000000e+02 3.212582823324125592e+00
3.210000000000000000e+02 3.255821934977532806e+00
3.220000000000000000e+02 3.880902007362649897e+00
3.230000000000000000e+02 4.609214859137496845e+00
3.240000000000000000e+02 4.507321204097199718e+00
3.250000000000000000e+02 3.985382524001142901e+00
3.260000000000000000e+02 3.393246731036736463e+00
3.270000000000000000e+02 3.032020329204633491e+00
3.280000000000000000e+02 2.797844473451260416e+00
3.290000000000000000e+02 2.582131618304499554e+00
3.300000000000000000e+02 2.352618355697470687e+00
3.310000000000000000e+02 2.064746102235333503e+00
3.320000000000000000e+02 1.876590220959898359e+00
3.330000000000000000e+02 1.708916915766997668e+00
3.340000000000000000e+02 1.759528392253435936e+00
3.350000000000000000e+02 1.682784292402886406e+00
3.360000000000000000e+02 1.639788458077976907e+00
3.370000000000000000e+02 1.670354567149684666e+00
3.380000000000000000e+02 1.617022041335406612e+00
3.390000000000000000e+02 1.699976225015655595e+00
3.400000000000000000e+02 1.758618942333339152e+00
3.410000000000000000e+02 1.959872747690882600e+00
3.420000000000000000e+02 2.002224195257074513e+00
3.430000000000000000e+02 2.152490654781110013e+00
3.440000000000000000e+02 2.305260549409497539e+00
3.450000000000000000e+02 2.502344250718222973e+00
3.460000000000000000e+02 2.774560112431775138e+00
3.470000000000000000e+02 2.863567975669695453e+00
3.480000000000000000e+02 3.223353082083615373e+00
3.490000000000000000e+02 3.532745593072548207e+00
3.500000000000000000e+02 3.337558247224878816e+00
3.510000000000000000e+02 3.583412097272894670e+00
3.520000000000000000e+02 3.941420236937933641e+00
3.530000000000000000e+02 3.972828887063430070e+00
3.540000000000000000e+02 4.033252437699555770e+00
3.550000000000000000e+02 3.712705569775827996e+00
3.560000000000000000e+02 3.309310391857899880e+00
3.570000000000000000e+02 2.765010744664792686e+00
3.580000000000000000e+02 2.451733313827924476e+00
3.590000000000000000e+02 2.237716509297780210e+00
3.600000000000000000e+02 2.058013719871327751e+00
3.610000000000000000e+02 1.936274741526542664e+00
3.620000000000000000e+02 1.805753832238230716e+00
3.630000000000000000e+02 1.884622441746143906e+00
3.640000000000000000e+02 1.785418509726207859e+00
3.650000000000000000e+02 1.768513079515870778e+00
3.660000000000000000e+02 1.875742370700899109e+00
3.670000000000000000e+02 2.047956894717822163e+00
3.680000000000000000e+02 2.118219413063505030e+00
3.690000000000000000e+02 1.930733413975513901e+00
3.700000000000000000e+02 1.978264157086114805e+00
3.710000000000000000e+02 1.865779002810977971e+00
3.720000000000000000e+02 1.855998790336264914e+00
3.730000000000000000e+02 1.961231844463569018e+00
3.740000000000000000e+02 1.918250054677491434e+00
3.750000000000000000e+02 2.162119506226423571e+00
3.760000000000000000e+02 2.266559884690628746e+00
3.770000000000000000e+02 2.437173700778441976e+00
3.780000000000000000e+02 2.694251970803443808e+00
3.790000000000000000e+02 2.949246484363269971e+00
3.800000000000000000e+02 3.257900095186772926e+00
3.810000000000000000e+02 3.365464504443468563e+00
3.820000000000000000e+02 3.506159523285169666e+00
3.830000000000000000e+02 2.848404628912897252e+00
3.840000000000000000e+02 2.384378377264110949e+00
3.850000000000000000e+02 2.223356717955474959e+00
3.860000000000000000e+02 2.158496941363218902e+00
3.870000000000000000e+02 2.034332558498344490e+00
3.880000000000000000e+02 2.222323884920049508e+00
3.890000000000000000e+02 2.181897858796306711e+00
3.900000000000000000e+02 1.982901025321523791e+00
3.910000000000000000e+02 2.119430656094766441e+00
3.920000000000000000e+02 2.091482402722902201e+00
3.930000000000000000e+02 2.261185271545905540e+00
3.940000000000000000e+02 2.446619104814282686e+00
3.950000000000000000e+02 2.565404885966770188e+00
3.960000000000000000e+02 2.910818178958871183e+00
3.970000000000000000e+02 3.570896992916718471e+00
3.980000000000000000e+02 3.296361790699513517e+00
3.990000000000000000e+02 3.105386762775587783e+00
4.000000000000000000e+02 2.466765263752921378e+00
4.010000000000000000e+02 2.118933604333674392e+00
4.020000000000000000e+02 2.183374378191440979e+00
4.030000000000000000e+02 2.047158950821966972e+00
4.040000000000000000e+02 2.081721539307708202e+00
4.050000000000000000e+02 2.112769433469126046e+00
4.060000000000000000e+02 2.150645822874411639e+00
4.070000000000000000e+02 2.429446435322351050e+00
4.080000000000000000e+02 2.576967186401562415e+00
4.090000000000000000e+02 2.888209866246613355e+00
4.100000000000000000e+02 3.022636253289468833e+00
4.110000000000000000e+02 3.246940190675445148e+00
4.120000000000000000e+02 3.479348857133509387e+00
4.130000000000000000e+02 3.729753005966701895e+00
4.140000000000000000e+02 4.044989208515041845e+00
4.150000000000000000e+02 4.185450447650920225e+00
4.160000000000000000e+02 3.931933088653707831e+00
4.170000000000000000e+02 3.819145746561693144e+00
4.180000000000000000e+02 3.453970687301878062e+00
4.190000000000000000e+02 3.348934775586227985e+00
4.200000000000000000e+02 3.366102688333147075e+00
4.210000000000000000e+02 3.234832563868569988e+00
4.220000000000000000e+02 2.932128814524432414e+00
4.230000000000000000e+02 2.867059561336089857e+00
4.240000000000000000e+02 2.537505710435039141e+00
4.250000000000000000e+02 2.498897833868393814e+00
4.260000000000000000e+02 2.330912350970044233e+00
4.270000000000000000e+02 2.386435157152271724e+00
4.280000000000000000e+02 2.293680258593390420e+00
4.290000000000000000e+02 2.528673484912730807e+00
4.300000000000000000e+02 2.730049144629706603e+00
4.310000000000000000e+02 2.769496485632532590e+00
4.320000000000000000e+02 2.803143968597394675e+00
4.330000000000000000e+02 2.805903224757823722e+00
4.340000000000000000e+02 3.016032960843444855e+00
4.350000000000000000e+02 2.949943043913353158e+00
4.360000000000000000e+02 3.238742420866930871e+00
4.370000000000000000e+02 2.981014465615575482e+00
4.380000000000000000e+02 3.099154076595497020e+00
4.390000000000000000e+02 3.287456993080544176e+00
4.400000000000000000e+02 2.966472669511659443e+00
4.410000000000000000e+02 3.023448659269035499e+00
4.420000000000000000e+02 2.781215413641252798e+00
4.430000000000000000e+02 2.725452403153722614e+00
4.440000000000000000e+02 2.686126084281000193e+00
4.450000000000000000e+02 2.524067741120572972e+00
4.460000000000000000e+02 2.410864302425340444e+00
4.470000000000000000e+02 2.241616426420852015e+00
4.480000000000000000e+02 2.249262763510126550e+00
4.490000000000000000e+02 2.361336293237374928e+00
4.500000000000000000e+02 2.433514027017954717e+00
4.510000000000000000e+02 2.422246596166608867e+00
4.520000000000000000e+02 2.267156574346890885e+00
4.530000000000000000e+02 2.427278985529847777e+00
4.540000000000000000e+02 2.753707252380250825e+00
4.550000000000000000e+02 3.236775878331627165e+00
4.560000000000000000e+02 3.492369907885523261e+00
4.570000000000000000e+02 3.934600121046661236e+00
4.580000000000000000e+02 3.548713173338529092e+00
4.590000000000000000e+02 3.625130179566155686e+00
4.600000000000000000e+02 3.902474376697524061e+00
4.610000000000000000e+02 3.881409043912478651e+00
4.620000000000000000e+02 4.317519733055085851e+00
4.630000000000000000e+02 4.714876868037850777e+00
4.640000000000000000e+02 5.618316868156546739e+00
4.650000000000000000e+02 6.552312175491690205e+00
4.660000000000000000e+02 6.042531359627548504e+00
4.670000000000000000e+02 5.558914161882640315e+00
4.680000000000000000e+02 4.938774404813386809e+00
4.690000000000000000e+02 4.183919782305530077e+00
4.700000000000000000e+02 3.783480956595681732e+00
4.710000000000000000e+02 3.299073215225419631e+00
4.720000000000000000e+02 3.254569012438783382e+00
4.730000000000000000e+02 2.882714189264480531e+00
4.740000000000000000e+02 2.872816220426725575e+00
4.750000000000000000e+02 2.758359330996227321e+00
4.760000000000000000e+02 2.724301649660834101e+00
4.770000000000000000e+02 2.695965970085137720e+00
4.780000000000000000e+02 2.910397590412800550e+00
4.790000000000000000e+02 3.008016170583538873e+00
4.800000000000000000e+02 3.250283227084033832e+00
4.810000000000000000e+02 3.282836971565661788e+00
4.820000000000000000e+02 3.521546497345922955e+00
4.830000000000000000e+02 3.366896902082421317e+00
4.840000000000000000e+02 3.732852918994112645e+00
4.850000000000000000e+02 4.320519029147729562e+00
4.860000000000000000e+02 4.626456348594627954e+00
4.870000000000000000e+02 4.253339518164386490e+00
4.880000000000000000e+02 4.617481778254764357e+00
4.890000000000000000e+02 4.905798466565234328e+00
4.900000000000000000e+02 4.638947746955772722e+00
4.910000000000000000e+02 4.031071572468657216e+00
4.920000000000000000e+02 4.041530938303064424e+00
4.930000000000000000e+02 3.574496213313197224e+00
4.940000000000000000e+02 3.633809047059811892e+00
4.950000000000000000e+02 3.300307474043651990e+00
4.960000000000000000e+02 3.350456201762798347e+00
4.970000000000000000e+02 3.141890745609240643e+00
4.980000000000000000e+02 3.221579780079653954e+00
4.990000000000000000e+02 3.170797814723608887e+00
5.000000000000000000e+02 3.240873365440776421e+00
5.010000000000000000e+02 3.085292692950697191e+00
5.020000000000000000e+02 3.142833197303737336e+00
5.030000000000000000e+02 3.429259055085271068e+00
5.040000000000000000e+02 3.796939008355742384e+00
5.050000000000000000e+02 3.994888819205014485e+00
5.060000000000000000e+02 4.610188504818371946e+00
5.070000000000000000e+02 4.364524870873361273e+00
5.080000000000000000e+02 4.374116031557054640e+00
5.090000000000000000e+02 3.979564187800352482e+00
5.100000000000000000e+02 3.832564586391773886e+00
5.110000000000000000e+02 3.584514645505518349e+00
5.120000000000000000e+02 3.851704242934674838e+00
5.130000000000000000e+02 3.834658539952306988e+00
5.140000000000000000e+02 4.190460713825920891e+00
5.150000000000000000e+02 4.609191497718399866e+00
5.160000000000000000e+02 4.666499872318352615e+00
5.170000000000000000e+02 4.577659647436773227e+00
5.180000000000000000e+02 4.343843352355674980e+00
5.190000000000000000e+02 3.841514623820680541e+00
5.200000000000000000e+02 3.836357391421541863e+00
5.210000000000000000e+02 3.862681647086736891e+00
5.220000000000000000e+02 3.890881071074930642e+00
5.230000000000000000e+02 3.932031073115885178e+00
5.240000000000000000e+02 4.104064071359962540e+00
5.250000000000000000e+02 3.952781665827483693e+00
5.260000000000000000e+02 4.212984762440486364e+00
5.270000000000000000e+02 3.971561739602329943e+00
5.280000000000000000e+02 4.400266070201475976e+00
5.290000000000000000e+02 4.288394121056786190e+00
5.300000000000000000e+02 4.866490930385727331e+00
5.310000000000000000e+02 5.391510253967135569e+00
5.320000000000000000e+02 5.059484018251151127e+00
5.330000000000000000e+02 4.025057904990041457e+00
5.340000000000000000e+02 3.989348018330460821e+00
5.350000000000000000e+02 3.420287235786590330e+00
5.360000000000000000e+02 3.460393597580347258e+00
5.370000000000000000e+02 3.315988224183911370e+00
5.380000000000000000e+02 3.463751427563164675e+00
5.390000000000000000e+02 3.481517097229498425e+00
5.400000000000000000e+02 3.454655423671402659e+00
5.410000000000000000e+02 3.627695210881537236e+00
5.420000000000000000e+02 3.677530999652119714e+00
5.430000000000000000e+02 4.185069415470731080e+00
5.440000000000000000e+02 4.560791899898616997e+00
5.450000000000000000e+02 4.834555914080242545e+00
5.460000000000000000e+02 5.408483719670171830e+00
5.470000000000000000e+02 5.222367615217677006e+00
5.480000000000000000e+02 4.410538482205764055e+00
5.490000000000000000e+02 4.498663390367273252e+00
5.500000000000000000e+02 4.006821193890845123e+00
5.510000000000000000e+02 3.613491255938239721e+00
5.520000000000000000e+02 3.549534660324110025e+00
5.530000000000000000e+02 3.531483116107809295e+00
5.540000000000000000e+02 3.005288948585164377e+00
5.550000000000000000e+02 3.027482177525166573e+00
5.560000000000000000e+02 2.821219456007359128e+00
5.570000000000000000e+02 2.693081662780216323e+00
5.580000000000000000e+02 2.594072850319635304e+00
5.590000000000000000e+02 2.628488372181434052e+00
5.600000000000000000e+02 2.738954356926796674e+00
5.610000000000000000e+02 2.893437433334192121e+00
5.620000000000000000e+02 3.139426528721745768e+00
5.630000000000000000e+02 3.339162346113221602e+00
5.640000000000000000e+02 3.910756301478473418e+00
5.650000000000000000e+02 4.429037570005583291e+00
5.660000000000000000e+02 5.794773185040796193e+00
5.670000000000000000e+02 5.971492708171349584e+00
5.680000000000000000e+02 7.079974666798503513e+00
5.690000000000000000e+02 6.910457389173117804e+00
5.700000000000000000e+02 7.658184352558035535e+00
5.710000000000000000e+02 6.822656665611813054e+00
5.720000000000000000e+02 6.100227677759826328e+00
5.730000000000000000e+02 4.993107978682966852e+00
5.740000000000000000e+02 4.018013542919882219e+00
5.750000000000000000e+02 3.963889910157031515e+00
5.760000000000000000e+02 3.519848967863659972e+00
5.770000000000000000e+02 3.024332485209313415e+00
5.780000000000000000e+02 2.774444148358357065e+00
5.790000000000000000e+02 2.562781791721936653e+00
5.800000000000000000e+02 2.739902379920724496e+00
5.810000000000000000e+02 2.955534709594084042e+00
5.820000000000000000e+02 2.693932909674037202e+00
5.830000000000000000e+02 2.450310301075794062e+00
5.840000000000000000e+02 2.466177798971741275e+00
5.850000000000000000e+02 2.375564178677439298e+00
5.860000000000000000e+02 2.201172660964749728e+00
5.870000000000000000e+02 2.274290662361239779e+00
5.880000000000000000e+02 2.247631331268053589e+00
5.890000000000000000e+02 2.339849038397430636e+00
5.900000000000000000e+02 2.428289717841548345e+00
5.910000000000000000e+02 2.441424131170883971e+00
5.920000000000000000e+02 2.903331648023958600e+00
5.930000000000000000e+02 3.052318582993180929e+00
5.940000000000000000e+02 3.785736914658574204e+00
5.950000000000000000e+02 4.355302789876382086e+00
5.960000000000000000e+02 4.417703955707604102e+00
5.970000000000000000e+02 5.108411109424886298e+00
5.980000000000000000e+02 4.668491344705239854e+00
5.990000000000000000e+02 4.690556567405099742e+00
6.000000000000000000e+02 4.045647545715986837e+00
6.010000000000000000e+02 3.685294761331717073e+00
6.020000000000000000e+02 3.147525665917281668e+00
6.030000000000000000e+02 2.923004134667533283e+00
6.040000000000000000e+02 2.742197320764030444e+00
6.050000000000000000e+02 2.838285177645782920e+00
6.060000000000000000e+02 2.651310728587543242e+00
6.070000000000000000e+02 2.740359605278058108e+00
6.080000000000000000e+02 2.638039841562013876e+00
6.090000000000000000e+02 2.789494282802993830e+00
6.100000000000000000e+02 2.755462348388841853e+00
6.110000000000000000e+02 2.911391297808013423e+00
6.120000000000000000e+02 2.898863632874823182e+00
6.130000000000000000e+02 3.231179020801509427e+00
6.140000000000000000e+02 3.090828332445680449e+00
6.150000000000000000e+02 3.312767443745306295e+00
6.160000000000000000e+02 3.211876247715378163e+00
6.170000000000000000e+02 2.984698559388938133e+00
6.180000000000000000e+02 3.007368097221796432e+00
6.190000000000000000e+02 3.066470347896501192e+00
6.200000000000000000e+02 2.982069335064265747e+00
6.210000000000000000e+02 2.822183501357904412e+00
6.220000000000000000e+02 2.635873824199634008e+00
6.230000000000000000e+02 2.677205330431418950e+00
6.240000000000000000e+02 2.561426323312367970e+00
6.250000000000000000e+02 2.589598485655770332e+00
6.260000000000000000e+02 2.527298216030145372e+00
6.270000000000000000e+02 2.541484959214545203e+00
6.280000000000000000e+02 2.584106864629146738e+00
6.290000000000000000e+02 2.526149203348729610e+00
6.300000000000000000e+02 2.616918153186555962e+00
6.310000000000000000e+02 2.536487564944951867e+00
6.320000000000000000e+02 2.697279894783234155e+00
6.330000000000000000e+02 2.704993214054242312e+00
6.340000000000000000e+02 3.054535215533157100e+00
6.350000000000000000e+02 3.025200922926295277e+00
6.360000000000000000e+02 2.859810663516239693e+00
6.370000000000000000e+02 2.636993068751395608e+00
6.380000000000000000e+02 2.450550007568236488e+00
6.390000000000000000e+02 2.361965515702411089e+00
6.400000000000000000e+02 2.214098734648052069e+00
6.410000000000000000e+02 2.195914836675659565e+00
6.420000000000000000e+02 2.096454331559406636e+00
6.430000000000000000e+02 2.141793982921769590e+00
6.440000000000000000e+02 2.152212398569660845e+00
6.450000000000000000e+02 2.215825560343906098e+00
6.460000000000000000e+02 2.311684529954398215e+00
6.470000000000000000e+02 2.381603268700964726e+00
6.480000000000000000e+02 2.459726076921631588e+00
6.490000000000000000e+02 2.492818062445311345e+00
6.500000000000000000e+02 2.521902362458717572e+00
6.510000000000000000e+02 2.374510790892845780e+00
6.520000000000000000e+02 2.266435587490325254e+00
6.530000000000000000e+02 2.127963791394984039e+00
6.540000000000000000e+02 2.130975883737841858e+00
6.550000000000000000e+02 2.082221852996793743e+00
6.560000000000000000e+02 2.148313276520632975e+00
6.570000000000000000e+02 2.288050942958420375e+00
6.580000000000000000e+02 2.284981113054741275e+00
6.590000000000000000e+02 2.700943918613404549e+00
6.600000000000000000e+02 2.947421149485010439e+00
6.610000000000000000e+02 3.103027299566927244e+00
6.620000000000000000e+02 3.014099792662389365e+00
6.630000000000000000e+02 2.647281204744737604e+00
6.640000000000000000e+02 2.476416131295409606e+00
6.650000000000000000e+02 2.286655006659717770e+00
6.660000000000000000e+02 2.177971868348040907e+00
6.670000000000000000e+02 2.059319249477682412e+00
6.680000000000000000e+02 2.000531280947862811e+00
6.690000000000000000e+02 2.015306015336972845e+00
6.700000000000000000e+02 2.015311156459554720e+00
6.710000000000000000e+02 2.218670788608116951e+00
6.720000000000000000e+02 2.593977108841109214e+00
6.730000000000000000e+02 3.337653633794291697e+00
6.740000000000000000e+02 3.946461358409984577e+00
6.750000000000000000e+02 3.470474685893524924e+00
6.760000000000000000e+02 2.836631132718097970e+00
6.770000000000000000e+02 2.357426676527403231e+00
6.780000000000000000e+02 2.163857128370420657e+00
6.790000000000000000e+02 2.045350317077113012e+00
6.800000000000000000e+02 2.003368633772653062e+00
6.810000000000000000e+02 2.006804074136993687e+00
6.820000000000000000e+02 2.040737137698104942e+00
6.830000000000000000e+02 2.160281928362512094e+00
6.840000000000000000e+02 2.254649737084926553e+00
6.850000000000000000e+02 2.284419454910906033e+00
6.860000000000000000e+02 2.444701976975426572e+00
6.870000000000000000e+02 2.387678999939473190e+00
6.880000000000000000e+02 2.536662455068390276e+00
6.890000000000000000e+02 2.708782294941413316e+00
6.900000000000000000e+02 3.108675735975823251e+00
6.910000000000000000e+02 3.137590475680765767e+00
6.920000000000000000e+02 2.724993300119796569e+00
6.930000000000000000e+02 2.573478449279342772e+00
6.940000000000000000e+02 2.585492328349476399e+00
6.950000000000000000e+02 2.444079887788872085e+00
6.960000000000000000e+02 2.413932843090154101e+00
6.970000000000000000e+02 2.278601460335212270e+00
6.980000000000000000e+02 2.289224646089291770e+00
6.990000000000000000e+02 2.339766101448556679e+00
7.000000000000000000e+02 2.439676803011908923e+00
7.010000000000000000e+02 2.615964487979642428e+00
7.020000000000000000e+02 2.728620046856726766e+00
7.030000000000000000e+02 2.968657559288355507e+00
7.040000000000000000e+02 3.207009839826406861e+00
7.050000000000000000e+02 3.478057573692644233e+00
7.060000000000000000e+02 3.570238754130940162e+00
7.070000000000000000e+02 3.793858208514418351e+00
7.080000000000000000e+02 3.587072704627217945e+00
7.090000000000000000e+02 3.527595221987346985e+00
7.100000000000000000e+02 3.277400956908034679e+00
7.110000000000000000e+02 2.953488431911766465e+00
7.120000000000000000e+02 2.831130006070799787e+00
7.130000000000000000e+02 2.556885138011727232e+00
7.140000000000000000e+02 2.530369537841364203e+00
7.150000000000000000e+02 2.441248241371103411e+00
7.160000000000000000e+02 2.414615140651316771e+00
7.170000000000000000e+02 2.323973316093985275e+00
7.180000000000000000e+02 2.310604637707776021e+00
7.190000000000000000e+02 2.318982527766138446e+00
7.200000000000000000e+02 2.438035132532071714e+00
7.210000000000000000e+02 2.572270509228587354e+00
7.220000000000000000e+02 2.791105776067174027e+00
7.230000000000000000e+02 2.901057870835152652e+00
7.240000000000000000e+02 2.796167781158962917e+00
7.250000000000000000e+02 2.575103053305713541e+00
7.260000000000000000e+02 2.544550526217287612e+00
7.270000000000000000e+02 2.634259986121854968e+00
7.280000000000000000e+02 2.827458547426860758e+00
7.290000000000000000e+02 2.738991775874315415e+00
7.300000000000000000e+02 2.779801808092215776e+00
7.310000000000000000e+02 2.821813363898850291e+00
7.320000000000000000e+02 2.895428188736548059e+00
7.330000000000000000e+02 3.040534926808298621e+00
7.340000000000000000e+02 3.072675481933906383e+00
7.350000000000000000e+02 3.308014572780753948e+00
7.360000000000000000e+02 3.246434538568064632e+00
7.370000000000000000e+02 3.321986912535072278e+00
7.380000000000000000e+02 3.309455454170159960e+00
7.390000000000000000e+02 3.199243313995263627e+00
7.400000000000000000e+02 3.209724406849167710e+00
7.410000000000000000e+02 3.102253383223063210e+00
7.420000000000000000e+02 3.092433060849990589e+00
7.430000000000000000e+02 3.010308326404000923e+00
7.440000000000000000e+02 3.036703103651497315e+00
7.450000000000000000e+02 3.025489520501966734e+00
7.460000000000000000e+02 3.055696423069520939e+00
7.470000000000000000e+02 3.179227698435717731e+00
7.480000000000000000e+02 3.305613682292180666e+00
7.490000000000000000e+02 3.434995270382199095e+00
7.500000000000000000e+02 3.371657920155895383e+00
7.510000000000000000e+02 3.121299428865000447e+00
7.520000000000000000e+02 3.229853351058239674e+00
7.530000000000000000e+02 3.463445120951778478e+00
7.540000000000000000e+02 3.684420641622335957e+00
7.550000000000000000e+02 3.869246614753547142e+00
7.560000000000000000e+02 4.060618798019643982e+00
7.570000000000000000e+02 4.363537229648889237e+00
7.580000000000000000e+02 4.806189394700199458e+00
7.590000000000000000e+02 5.301788003693496343e+00
7.600000000000000000e+02 4.988801919835463394e+00
7.610000000000000000e+02 5.067320244294986509e+00
7.620000000000000000e+02 5.122191184377923534e+00
7.630000000000000000e+02 5.133312932871646694e+00
7.640000000000000000e+02 5.620979069318857491e+00
7.650000000000000000e+02 5.536768953589767506e+00
7.660000000000000000e+02 5.278730195032107275e+00
7.670000000000000000e+02 5.474409142328727995e+00
7.680000000000000000e+02 5.409969900680533073e+00
7.690000000000000000e+02 5.346515209684757686e+00
7.700000000000000000e+02 5.431147292750829081e+00
7.710000000000000000e+02 5.217266435009216607e+00
7.720000000000000000e+02 5.257535405217498514e+00
7.730000000000000000e+02 4.395055614489125517e+00
7.740000000000000000e+02 3.854165138214779240e+00
7.750000000000000000e+02 3.729936540673048917e+00
7.760000000000000000e+02 3.536601486184168586e+00
7.770000000000000000e+02 3.523797816838658115e+00
7.780000000000000000e+02 3.330779295299414855e+00
7.790000000000000000e+02 3.328205393324364714e+00
7.800000000000000000e+02 3.217458573681883038e+00
7.810000000000000000e+02 3.174302447495200408e+00
7.820000000000000000e+02 3.147637841885995602e+00
7.830000000000000000e+02 3.100168154463640580e+00
7.840000000000000000e+02 3.121309397502574079e+00
7.850000000000000000e+02 3.021175449725778783e+00
7.860000000000000000e+02 2.991894036957628789e+00
7.870000000000000000e+02 2.981631733177374510e+00
7.880000000000000000e+02 3.095941689936262620e+00
7.890000000000000000e+02 3.228118937806749855e+00
7.900000000000000000e+02 3.322148236629367535e+00
7.910000000000000000e+02 3.515868484492707058e+00
7.920000000000000000e+02 3.578279763929081536e+00
7.930000000000000000e+02 3.462154329390810581e+00
7.940000000000000000e+02 3.536404684442330026e+00
7.950000000000000000e+02 3.424489690944442888e+00
7.960000000000000000e+02 3.536353590512514966e+00
7.970000000000000000e+02 3.526528689771274205e+00
7.980000000000000000e+02 3.732760220611547108e+00
7.990000000000000000e+02 3.730365221472779158e+00
8.000000000000000000e+02 3.669038995947257131e+00
8.010000000000000000e+02 3.864437953483863986e+00
8.020000000000000000e+02 3.972274002505923551e+00
8.030000000000000000e+02 3.939258719211555793e+00
8.040000000000000000e+02 4.338425894987095077e+00
8.050000000000000000e+02 4.559783380048678225e+00
8.060000000000000000e+02 4.229615494383410557e+00
8.070000000000000000e+02 4.053577312706766023e+00
8.080000000000000000e+02 3.785095641393459776e+00
8.090000000000000000e+02 3.683757281547493267e+00
8.100000000000000000e+02 3.878465044321098620e+00
8.110000000000000000e+02 3.898043048813168543e+00
8.120000000000000000e+02 4.086637869100982812e+00
8.130000000000000000e+02 4.113532683020071801e+00
8.140000000000000000e+02 3.961614526874361442e+00
8.150000000000000000e+02 3.996003062233987269e+00
8.160000000000000000e+02 3.879914489427276347e+00
8.170000000000000000e+02 3.881903833704726470e+00
8.180000000000000000e+02 3.755902334393546926e+00
8.190000000000000000e+02 3.836122280668753159e+00
8.200000000000000000e+02 3.818377123164496290e+00
8.210000000000000000e+02 4.041058351751858346e+00
8.220000000000000000e+02 3.981301840613321819e+00
8.230000000000000000e+02 4.166070063008244340e+00
8.240000000000000000e+02 4.132005575015231358e+00
8.250000000000000000e+02 4.404216787736627836e+00
8.260000000000000000e+02 4.407679290332471744e+00
8.270000000000000000e+02 4.544337160591246594e+00
8.280000000000000000e+02 4.322279384925714396e+00
8.290000000000000000e+02 4.381847514063289317e+00
8.300000000000000000e+02 4.658496566562083885e+00
8.310000000000000000e+02 4.811608264196179263e+00
8.320000000000000000e+02 4.830016061967604024e+00
8.330000000000000000e+02 4.699892094866424230e+00
8.340000000000000000e+02 4.902499547736745455e+00
8.350000000000000000e+02 5.197504108765034658e+00
8.360000000000000000e+02 6.313976495457658267e+00
8.370000000000000000e+02 7.335086909982317493e+00
8.380000000000000000e+02 8.489232164708562678e+00
8.390000000000000000e+02 9.453300437531977352e+00
8.400000000000000000e+02 8.714051993232365234e+00
8.410000000000000000e+02 8.141940268735245567e+00
8.420000000000000000e+02 7.896855552963945257e+00
8.430000000000000000e+02 7.601523394647820453e+00
8.440000000000000000e+02 7.533476276935127558e+00
8.450000000000000000e+02 8.387561679872963083e+00
8.460000000000000000e+02 8.781982283729728778e+00
8.470000000000000000e+02 8.573052176607841801e+00
8.480000000000000000e+02 9.977424867419967924e+00
8.490000000000000000e+02 1.084696649239641530e+01
8.500000000000000000e+02 1.090774160145330107e+01
8.510000000000000000e+02 1.139745550255349293e+01
8.520000000000000000e+02 1.130692504007368626e+01
8.530000000000000000e+02 1.029470647703931974e+01
8.540000000000000000e+02 1.014898688724992049e+01
8.550000000000000000e+02 1.050722282013629005e+01
8.560000000000000000e+02 1.149681920173922478e+01
8.570000000000000000e+02 1.164915586008242343e+01
8.580000000000000000e+02 1.187483767840127769e+01
8.590000000000000000e+02 1.066668786944627989e+01
8.600000000000000000e+02 9.559667249150242796e+00
8.610000000000000000e+02 8.756799570051576609e+00
8.620000000000000000e+02 8.054540423205198252e+00
8.630000000000000000e+02 6.703136914580389849e+00
8.640000000000000000e+02 5.510398919094419590e+00
8.650000000000000000e+02 4.691932040259957581e+00
8.660000000000000000e+02 4.429445797250116890e+00
8.670000000000000000e+02 3.838132931274490733e+00
8.680000000000000000e+02 3.741107363073126191e+00
8.690000000000000000e+02 3.502844146412650517e+00
8.700000000000000000e+02 3.504807305096276249e+00
8.710000000000000000e+02 3.469560495106966069e+00
8.720000000000000000e+02 3.550206858296668155e+00
8.730000000000000000e+02 3.555222885978033709e+00
8.740000000000000000e+02 3.727387880803767484e+00
8.750000000000000000e+02 3.992545412255034343e+00
8.760000000000000000e+02 3.909297044613650574e+00
8.770000000000000000e+02 3.833402490395660500e+00
8.780000000000000000e+02 3.995619759043822050e+00
8.790000000000000000e+02 3.952303393482336169e+00
8.800000000000000000e+02 4.047529960453949194e+00
8.810000000000000000e+02 3.976985781836276601e+00
8.820000000000000000e+02 3.791703967471734771e+00
8.830000000000000000e+02 3.774975208157065332e+00
8.840000000000000000e+02 3.743462890829718059e+00
8.850000000000000000e+02 3.810035114422584801e+00
8.860000000000000000e+02 3.601565801082888374e+00
8.870000000000000000e+02 3.767667298598329939e+00
8.880000000000000000e+02 3.658198330048210156e+00
8.890000000000000000e+02 3.454398699533282713e+00
8.900000000000000000e+02 3.545979965058587702e+00
8.910000000000000000e+02 3.279700516652362730e+00
8.920000000000000000e+02 3.455065828887252000e+00
8.930000000000000000e+02 3.602686688623806699e+00
8.940000000000000000e+02 3.490804111513547081e+00
8.950000000000000000e+02 3.469358879729608880e+00
8.960000000000000000e+02 3.484129358024618206e+00
8.970000000000000000e+02 3.561418189633879461e+00
8.980000000000000000e+02 3.637358184305382824e+00
8.990000000000000000e+02 3.622085105691013940e+00
9.000000000000000000e+02 3.732414620042972420e+00
9.010000000000000000e+02 3.678281761967128194e+00
9.020000000000000000e+02 3.787255785067875635e+00
9.030000000000000000e+02 3.716221504943801435e+00
9.040000000000000000e+02 3.981291525145946419e+00
9.050000000000000000e+02 4.074781329750210013e+00
9.060000000000000000e+02 4.247193422956901721e+00
9.070000000000000000e+02 4.166857456009706695e+00
9.080000000000000000e+02 4.030020313792611830e+00
9.090000000000000000e+02 4.440190167753878647e+00
9.100000000000000000e+02 3.824412223213216055e+00
9.110000000000000000e+02 4.608157184775035553e+00
9.120000000000000000e+02 4.875790224595129452e+00
9.130000000000000000e+02 4.734875289737824566e+00
9.140000000000000000e+02 4.226751444915665346e+00
9.150000000000000000e+02 3.964080307236238720e+00
9.160000000000000000e+02 3.547445074204454762e+00
9.170000000000000000e+02 3.461721392977931799e+00
9.180000000000000000e+02 3.444227939788675918e+00
9.190000000000000000e+02 3.322654224917323873e+00
9.200000000000000000e+02 3.358316916900031757e+00
9.210000000000000000e+02 3.298038139785359757e+00
9.220000000000000000e+02 3.332055003146101146e+00
9.230000000000000000e+02 3.367302593448109338e+00
9.240000000000000000e+02 3.268894302299631516e+00
9.250000000000000000e+02 3.291858647956846795e+00
9.260000000000000000e+02 3.264102853268639581e+00
9.270000000000000000e+02 3.374476363657881617e+00
9.280000000000000000e+02 3.395341226152750913e+00
9.290000000000000000e+02 3.648964886471322444e+00
9.300000000000000000e+02 3.651282029953236918e+00
9.310000000000000000e+02 3.504485344440846362e+00
9.320000000000000000e+02 3.605141838460791170e+00
9.330000000000000000e+02 3.607622687830625008e+00
9.340000000000000000e+02 3.954156641568413288e+00
9.350000000000000000e+02 3.906954161368820788e+00
9.360000000000000000e+02 3.664384270584792880e+00
9.370000000000000000e+02 3.699446112965435685e+00
9.380000000000000000e+02 3.654648562074877649e+00
9.390000000000000000e+02 3.642662838711785867e+00
9.400000000000000000e+02 3.560582286407660835e+00
9.410000000000000000e+02 3.297364432744673834e+00
9.420000000000000000e+02 3.284123073799621206e+00
9.430000000000000000e+02 3.137309221589394514e+00
9.440000000000000000e+02 3.141352904066172069e+00
9.450000000000000000e+02 3.089052729509448536e+00
9.460000000000000000e+02 3.133107696166809397e+00
9.470000000000000000e+02 3.125535882019532252e+00
9.480000000000000000e+02 3.172259582052671778e+00
9.490000000000000000e+02 3.279956812637614849e+00
9.500000000000000000e+02 3.255042355003186838e+00
9.510000000000000000e+02 3.439881139009077771e+00
9.520000000000000000e+02 3.607683287716922926e+00
9.530000000000000000e+02 3.767338538039715079e+00
9.540000000000000000e+02 3.752170628247660122e+00
9.550000000000000000e+02 3.805539089372949935e+00
9.560000000000000000e+02 3.696794951994607725e+00
9.570000000000000000e+02 3.557433694921028788e+00
9.580000000000000000e+02 3.515901756183255067e+00
9.590000000000000000e+02 3.412103569976992823e+00
9.600000000000000000e+02 3.599224206965875972e+00
9.610000000000000000e+02 3.815575754699598310e+00
9.620000000000000000e+02 3.718957446672198852e+00
9.630000000000000000e+02 4.373471019619384670e+00
9.640000000000000000e+02 4.117355189867709875e+00
9.650000000000000000e+02 3.560430250708925382e+00
9.660000000000000000e+02 3.966441955215212811e+00
9.670000000000000000e+02 4.373179936682317859e+00
9.680000000000000000e+02 4.041278443176264723e+00
9.690000000000000000e+02 3.840481621592030770e+00
9.700000000000000000e+02 4.379278968197811039e+00
9.710000000000000000e+02 4.668508048033327640e+00
9.720000000000000000e+02 4.309185065007079096e+00
9.730000000000000000e+02 4.389244502440040385e+00
9.740000000000000000e+02 5.084843737777370976e+00
9.750000000000000000e+02 5.147396970132782634e+00
9.760000000000000000e+02 4.916875669109364466e+00
9.770000000000000000e+02 5.385976971333819030e+00
9.780000000000000000e+02 5.942446934812078752e+00
9.790000000000000000e+02 5.828795978976564207e+00
9.800000000000000000e+02 5.881566176235011767e+00
9.810000000000000000e+02 6.518629602138357626e+00
9.820000000000000000e+02 6.905260750464722541e+00
9.830000000000000000e+02 6.750215819004515616e+00
9.840000000000000000e+02 6.955765986814665069e+00
9.850000000000000000e+02 7.627645876771913969e+00
9.860000000000000000e+02 7.864935300529348083e+00
9.870000000000000000e+02 7.708495921540368556e+00
9.880000000000000000e+02 8.040615612284359059e+00
9.890000000000000000e+02 8.682637879924378410e+00
9.900000000000000000e+02 8.881405853376957538e+00
9.910000000000000000e+02 8.777898290842992779e+00
9.920000000000000000e+02 9.601328131612532957e+00
9.930000000000000000e+02 1.014320545045294608e+01
9.940000000000000000e+02 1.099796473638415861e+01
9.950000000000000000e+02 1.112291722362888180e+01
9.960000000000000000e+02 1.208286113298687070e+01
9.970000000000000000e+02 1.252039388603906467e+01
9.980000000000000000e+02 1.234533987622894102e+01
9.990000000000000000e+02 1.213239416284096528e+01
1.000000000000000000e+03 1.203197437097806777e+01
1.001000000000000000e+03 1.233307029655803966e+01
1.002000000000000000e+03 1.228605838495420066e+01
1.003000000000000000e+03 1.162145987228086419e+01
1.004000000000000000e+03 1.153275917699698816e+01
1.005000000000000000e+03 1.163842320305339229e+01
1.006000000000000000e+03 1.200459433405802478e+01
1.007000000000000000e+03 1.272022161636023618e+01
1.008000000000000000e+03 1.401834594741048434e+01
1.009000000000000000e+03 1.422672935382349202e+01
1.010000000000000000e+03 1.421112453170981205e+01
1.011000000000000000e+03 1.461108410914146383e+01
1.012000000000000000e+03 1.516023429307175086e+01
1.013000000000000000e+03 1.631788652538994100e+01
1.014000000000000000e+03 1.726597895415589079e+01
1.015000000000000000e+03 1.846417278435343334e+01
1.016000000000000000e+03 1.942111893044306825e+01
1.017000000000000000e+03 2.095695256365299031e+01
1.018000000000000000e+03 2.234180425195986075e+01
1.000000000000000000e+00 5.342129487512084829e+00
2.000000000000000000e+00 4.330471144667400907e+00
3.000000000000000000e+00 2.979923831029925640e+00
4.000000000000000000e+00 2.683032843002830958e+00
5.000000000000000000e+00 2.699523479445296914e+00
6.000000000000000000e+00 2.847864304679119218e+00
7.000000000000000000e+00 2.657117436689835355e+00
8.000000000000000000e+00 2.459692429181493001e+00
9.000000000000000000e+00 2.542980537068124658e+00
1.000000000000000000e+01 2.931054731614868736e+00
1.100000000000000000e+01 2.773232357397608538e+00
1.200000000000000000e+01 2.859303737252444577e+00
1.300000000000000000e+01 2.806190879152473006e+00
1.400000000000000000e+01 2.740484692170177539e+00
1.500000000000000000e+01 2.595674905794540521e+00
1.600000000000000000e+01 2.574129666359354918e+00
1.700000000000000000e+01 2.571470797269740149e+00
1.800000000000000000e+01 2.588307047764142332e+00
1.900000000000000000e+01 2.529628577161810554e+00
2.000000000000000000e+01 2.690942260788242280e+00
2.100000000000000000e+01 2.961394540423418764e+00
2.200000000000000000e+01 2.988402377636575125e+00
2.300000000000000000e+01 2.803631557800351004e+00
2.400000000000000000e+01 2.930785121229992907e+00
2.500000000000000000e+01 3.015281478384308933e+00
2.600000000000000000e+01 3.528432513886007094e+00
2.700000000000000000e+01 4.060305703256079646e+00
2.800000000000000000e+01 4.131492216484769386e+00
2.900000000000000000e+01 4.513512912705667901e+00
3.000000000000000000e+01 5.025101862860518409e+00
3.100000000000000000e+01 4.488692995015488130e+00
3.200000000000000000e+01 4.708585675095159573e+00
3.300000000000000000e+01 4.868842663475142274e+00
3.400000000000000000e+01 4.801069400509791585e+00
3.500000000000000000e+01 4.262440948121974493e+00
3.600000000000000000e+01 3.638348510427931615e+00
3.700000000000000000e+01 3.214735996372490412e+00
3.800000000000000000e+01 2.921461603156796816e+00
3.900000000000000000e+01 3.034092920465548904e+00
4.000000000000000000e+01 3.198579126535401329e+00
4.100000000000000000e+01 3.676869355823614516e+00
4.200000000000000000e+01 4.090362258915629212e+00
4.300000000000000000e+01 5.102605935745748944e+00
4.400000000000000000e+01 5.217825068791825061e+00
4.500000000000000000e+01 5.681276086489628341e+00
4.600000000000000000e+01 5.166369602328860999e+00
4.700000000000000000e+01 5.725623921835492069e+00
4.800000000000000000e+01 4.903865033310705890e+00
4.900000000000000000e+01 4.703372211641301703e+00
5.000000000000000000e+01 4.363651265168807747e+00
5.100000000000000000e+01 4.740413185729920542e+00
5.200000000000000000e+01 5.377878419275090138e+00
5.300000000000000000e+01 5.230912736758099868e+00
5.400000000000000000e+01 4.604265891273280786e+00
5.500000000000000000e+01 4.833998424961388984e+00
5.600000000000000000e+01 4.493850809272801783e+00
5.700000000000000000e+01 3.981559773182616890e+00
5.800000000000000000e+01 3.161308303317617252e+00
5.900000000000000000e+01 3.598516463354973549e+00
6.000000000000000000e+01 2.751637455680993050e+00
6.100000000000000000e+01 2.662788049192552187e+00
6.200000000000000000e+01 2.815053593195144366e+00
6.300000000000000000e+01 2.858937285636372838e+00
6.400000000000000000e+01 2.854174119363330320e+00
6.500000000000000000e+01 2.867638546238654218e+00
6.600000000000000000e+01 2.903801640226968406e+00
6.700000000000000000e+01 2.982655219787730516e+00
6.800000000000000000e+01 3.158858744250503836e+00
6.900000000000000000e+01 3.015580867223777606e+00
7.000000000000000000e+01 2.986116735515436549e+00
7.100000000000000000e+01 3.385921224578105182e+00
7.200000000000000000e+01 3.899984278978380292e+00
7.300000000000000000e+01 6.077635233070629361e+00
7.400000000000000000e+01 7.022073610079320183e+00
7.500000000000000000e+01 6.604956911648429241e+00
7.600000000000000000e+01 5.910119505032337628e+00
7.700000000000000000e+01 5.032304520890476418e+00
7.800000000000000000e+01 3.726490472750293659e+00
7.900000000000000000e+01 3.369574012894421156e+00
8.000000000000000000e+01 2.646734572166329347e+00
8.100000000000000000e+01 2.622310650711225044e+00
8.200000000000000000e+01 2.568191008656736773e+00
8.300000000000000000e+01 2.573328934571171178e+00
8.400000000000000000e+01 2.776049141119937058e+00
8.500000000000000000e+01 2.642474058837844364e+00
8.600000000000000000e+01 2.481824472509368551e+00
8.700000000000000000e+01 2.468296572704461678e+00
8.800000000000000000e+01 2.513247609510183889e+00
8.900000000000000000e+01 2.503947624175767661e+00
9.000000000000000000e+01 2.480085917592500966e+00
9.100000000000000000e+01 2.537455279288638899e+00
9.200000000000000000e+01 2.564227958828885878e+00
9.300000000000000000e+01 2.831987505725636733e+00
9.400000000000000000e+01 2.830712692186914126e+00
9.500000000000000000e+01 3.098920158003662717e+00
9.600000000000000000e+01 3.140594737957730587e+00
9.700000000000000000e+01 2.753261532494989172e+00
9.800000000000000000e+01 2.795834883059810760e+00
9.900000000000000000e+01 2.564312955657749526e+00
1.000000000000000000e+02 2.542057156388460193e+00
1.010000000000000000e+02 2.612205826415048282e+00
1.020000000000000000e+02 2.528119457857971319e+00
1.030000000000000000e+02 2.592300312301165643e+00
1.040000000000000000e+02 2.517287552209350299e+00
1.050000000000000000e+02 2.737805873058470674e+00
1.060000000000000000e+02 2.729624968690542275e+00
1.070000000000000000e+02 2.872414776512892676e+00
1.080000000000000000e+02 3.118678616054243236e+00
1.090000000000000000e+02 3.167358861014257787e+00
1.100000000000000000e+02 2.959210212580197563e+00
1.110000000000000000e+02 2.947563490026027022e+00
1.120000000000000000e+02 2.775763630364498802e+00
1.130000000000000000e+02 2.621551819716353204e+00
1.140000000000000000e+02 2.592078460758954428e+00
1.150000000000000000e+02 2.453101578953429840e+00
1.160000000000000000e+02 2.568953704164963714e+00
1.170000000000000000e+02 2.440722354257145454e+00
1.180000000000000000e+02 2.651426960134818156e+00
1.190000000000000000e+02 2.691176169690618014e+00
1.200000000000000000e+02 2.864943949603811824e+00
1.210000000000000000e+02 3.020353998132435880e+00
1.220000000000000000e+02 3.337447531547868884e+00
1.230000000000000000e+02 3.547202720745189275e+00
1.240000000000000000e+02 3.390385180574417401e+00
1.250000000000000000e+02 3.625297901850225379e+00
1.260000000000000000e+02 3.905954489423313802e+00
1.270000000000000000e+02 3.669287092229674307e+00
1.280000000000000000e+02 3.443595169258185429e+00
1.290000000000000000e+02 3.784098554511417412e+00
1.300000000000000000e+02 3.954578460679062601e+00
1.310000000000000000e+02 3.684993870826652973e+00
1.320000000000000000e+02 3.705439744957820469e+00
1.330000000000000000e+02 4.191820010248337169e+00
1.340000000000000000e+02 4.200338608962367992e+00
1.350000000000000000e+02 4.205792077611431701e+00
1.360000000000000000e+02 4.141065505370271183e+00
1.370000000000000000e+02 4.028248009454626022e+00
1.380000000000000000e+02 4.147219724147016784e+00
1.390000000000000000e+02 4.255071300796408273e+00
1.400000000000000000e+02 4.103411434293558813e+00
1.410000000000000000e+02 4.081100762564341622e+00
1.420000000000000000e+02 4.213819954940934309e+00
1.430000000000000000e+02 4.405934817500906320e+00
1.440000000000000000e+02 4.167748232367029182e+00
1.450000000000000000e+02 4.092021670962846969e+00
1.460000000000000000e+02 3.964672189105521216e+00
1.470000000000000000e+02 4.064858894067620909e+00
1.480000000000000000e+02 3.410140259639343085e+00
1.490000000000000000e+02 3.096213909490812544e+00
1.500000000000000000e+02 2.837664201772518435e+00
1.510000000000000000e+02 2.772166138728905604e+00
1.520000000000000000e+02 2.605041956279968041e+00
1.530000000000000000e+02 2.588138738188114463e+00
1.540000000000000000e+02 2.460924289736621251e+00
1.550000000000000000e+02 2.529329462984862165e+00
1.560000000000000000e+02 2.436007450739846814e+00
1.570000000000000000e+02 2.507577345929374868e+00
1.580000000000000000e+02 2.419358630601741389e+00
1.590000000000000000e+02 2.367991510429901414e+00
1.600000000000000000e+02 2.506580356008986765e+00
1.610000000000000000e+02 2.538145742778737279e+00
1.620000000000000000e+02 2.719952275005752540e+00
1.630000000000000000e+02 2.832588071792010442e+00
1.640000000000000000e+02 2.863279611988721829e+00
1.650000000000000000e+02 2.986193524436145275e+00
1.660000000000000000e+02 3.444133112602493441e+00
1.670000000000000000e+02 4.016108462380021393e+00
1.680000000000000000e+02 4.616928257585990458e+00
1.690000000000000000e+02 5.894506375684887445e+00
1.700000000000000000e+02 7.539325160458287378e+00
1.710000000000000000e+02 8.179523831123635347e+00
1.720000000000000000e+02 7.841426552281247631e+00
1.730000000000000000e+02 8.233242668563240940e+00
1.740000000000000000e+02 8.796777424057770745e+00
1.750000000000000000e+02 8.469628946561670091e+00
1.760000000000000000e+02 7.497727117831091803e+00
1.770000000000000000e+02 8.473110742221576785e+00
1.780000000000000000e+02 1.023081047111872799e+01
1.790000000000000000e+02 1.218478915923557260e+01
1.800000000000000000e+02 1.160015441415829507e+01
1.810000000000000000e+02 1.126260672262118412e+01
1.820000000000000000e+02 9.238637369785482889e+00
1.830000000000000000e+02 7.019875208455592208e+00
1.840000000000000000e+02 5.694974799310146274e+00
1.850000000000000000e+02 4.167133651473476696e+00
1.860000000000000000e+02 4.226161078190574294e+00
1.870000000000000000e+02 3.287459880527860534e+00
1.880000000000000000e+02 2.619231662018809637e+00
1.890000000000000000e+02 2.388058323109841119e+00
1.900000000000000000e+02 2.314842027149668802e+00
1.910000000000000000e+02 2.413361571138675998e+00
1.920000000000000000e+02 2.376857804049163025e+00
1.930000000000000000e+02 2.600740100411474742e+00
1.940000000000000000e+02 2.637246117197772133e+00
1.950000000000000000e+02 2.571175104148210266e+00
1.960000000000000000e+02 2.627746586624713832e+00
1.970000000000000000e+02 2.860180549380435977e+00
1.980000000000000000e+02 3.035851685937578370e+00
1.990000000000000000e+02 3.202991716391768939e+00
2.000000000000000000e+02 3.328278283301395746e+00
2.010000000000000000e+02 3.495081285297376272e+00
2.020000000000000000e+02 3.232285426262308192e+00
2.030000000000000000e+02 3.112707740889034014e+00
2.040000000000000000e+02 3.354322408094594365e+00
2.050000000000000000e+02 3.346836885435356734e+00
2.060000000000000000e+02 3.068815731386547618e+00
2.070000000000000000e+02 3.104090586296695875e+00
2.080000000000000000e+02 3.377088635965489694e+00
2.090000000000000000e+02 3.255982920357867183e+00
2.100000000000000000e+02 3.089710615991187126e+00
2.110000000000000000e+02 3.209087762126523913e+00
2.120000000000000000e+02 3.187933934003164271e+00
2.130000000000000000e+02 3.080214382063996670e+00
2.140000000000000000e+02 3.156763533583093473e+00
2.150000000000000000e+02 3.254136152860253706e+00
2.160000000000000000e+02 3.269642143938900514e+00
2.170000000000000000e+02 3.093655190334807514e+00
2.180000000000000000e+02 3.028390944123747541e+00
2.190000000000000000e+02 2.873056277048315899e+00
2.200000000000000000e+02 2.604196366292798714e+00
2.210000000000000000e+02 2.400997521856073735e+00
2.220000000000000000e+02 2.278445948753856864e+00
2.230000000000000000e+02 1.960885642970693121e+00
2.240000000000000000e+02 1.941630167699184062e+00
2.250000000000000000e+02 2.024278259401568025e+00
2.260000000000000000e+02 1.939624689795879542e+00
2.270000000000000000e+02 1.739698233838725239e+00
2.280000000000000000e+02 1.834067263336535580e+00
2.290000000000000000e+02 1.940644665103611777e+00
2.300000000000000000e+02 1.813915114563158459e+00
2.310000000000000000e+02 1.783302809709229830e+00
2.320000000000000000e+02 1.999548584403620488e+00
2.330000000000000000e+02 2.108924282577537390e+00
2.340000000000000000e+02 2.376664511831226623e+00
2.350000000000000000e+02 2.305851859262680659e+00
2.360000000000000000e+02 2.298120348459954165e+00
2.370000000000000000e+02 2.410816549443660417e+00
2.380000000000000000e+02 2.422220133905879980e+00
2.390000000000000000e+02 2.627709224528382403e+00
2.400000000000000000e+02 2.682327610291261877e+00
2.410000000000000000e+02 2.785951380696858770e+00
2.420000000000000000e+02 2.712344782930889320e+00
2.430000000000000000e+02 2.581491791236639965e+00
2.440000000000000000e+02 2.374876084137261589e+00
2.450000000000000000e+02 2.409816520286982122e+00
2.460000000000000000e+02 2.264662510892426539e+00
2.470000000000000000e+02 2.473238103579269431e+00
2.480000000000000000e+02 2.450921601477429768e+00
2.490000000000000000e+02 2.733057468212513275e+00
2.500000000000000000e+02 2.792858578993098195e+00
2.510000000000000000e+02 3.230113754219646971e+00
2.520000000000000000e+02 3.049985140103109948e+00
2.530000000000000000e+02 2.812510490015208919e+00
2.540000000000000000e+02 2.380080451417247112e+00
2.550000000000000000e+02 2.272377679106088788e+00
2.560000000000000000e+02 2.050860012590983938e+00
2.570000000000000000e+02 1.881836706304916618e+00
2.580000000000000000e+02 2.025629553607888322e+00
2.590000000000000000e+02 2.235500146768297114e+00
2.600000000000000000e+02 2.239462029380506536e+00
2.610000000000000000e+02 2.301288655305537389e+00
2.620000000000000000e+02 2.488198277770651057e+00
2.630000000000000000e+02 2.496446305515686248e+00
2.640000000000000000e+02 2.421949036056386451e+00
2.650000000000000000e+02 2.198672390035742552e+00
2.660000000000000000e+02 2.131188522626973114e+00
2.670000000000000000e+02 1.985412944802614987e+00
2.680000000000000000e+02 1.819311107874665323e+00
2.690000000000000000e+02 1.743795927282482561e+00
2.700000000000000000e+02 1.865222062718083551e+00
2.710000000000000000e+02 1.700262333141517201e+00
2.720000000000000000e+02 1.945263523668943506e+00
2.730000000000000000e+02 1.996980144205374286e+00
2.740000000000000000e+02 2.150556812869361956e+00
2.750000000000000000e+02 2.207098847783431239e+00
2.760000000000000000e+02 2.480306297999648635e+00
2.770000000000000000e+02 2.699136588848070950e+00
2.780000000000000000e+02 2.707145917561314619e+00
2.790000000000000000e+02 2.414285211988961510e+00
2.800000000000000000e+02 2.460333932394060508e+00
2.810000000000000000e+02 2.354582636823789876e+00
2.820000000000000000e+02 3.024802902215295575e+00
2.830000000000000000e+02 2.582532557832789344e+00
2.840000000000000000e+02 2.451641935197830247e+00
2.850000000000000000e+02 2.202907706797180065e+00
2.860000000000000000e+02 2.198138474376398310e+00
2.870000000000000000e+02 1.953721964655069199e+00
2.880000000000000000e+02 1.862838196373069133e+00
2.890000000000000000e+02 1.824221304965845114e+00
2.900000000000000000e+02 1.721647285705438124e+00
2.910000000000000000e+02 1.738629562766134340e+00
2.920000000000000000e+02 1.747780188847969596e+00
2.930000000000000000e+02 1.599656143048717061e+00
2.940000000000000000e+02 1.483059501769488975e+00
2.950000000000000000e+02 1.548604157735425035e+00
2.960000000000000000e+02 1.569404183250943774e+00
2.970000000000000000e+02 1.429963690095425566e+00
2.980000000000000000e+02 1.504362031728750937e+00
2.990000000000000000e+02 1.664468769884856147e+00
3.000000000000000000e+02 1.646271055474224587e+00
3.010000000000000000e+02 1.598378842605457484e+00
3.020000000000000000e+02 1.744173199502868199e+00
3.030000000000000000e+02 1.898485067947744298e+00
3.040000000000000000e+02 1.970403856076466509e+00
3.050000000000000000e+02 2.139668091165878749e+00
3.060000000000000000e+02 2.204205642420264066e+00
3.070000000000000000e+02 2.481274178180528089e+00
3.080000000000000000e+02 2.582389426311319625e+00
3.090000000000000000e+02 2.938716855539786454e+00
3.100000000000000000e+02 3.109908089867594594e+00
3.110000000000000000e+02 3.542352359299806075e+00
3.120000000000000000e+02 3.846635196693431791e+00
3.130000000000000000e+02 3.799791113247578345e+00
3.140000000000000000e+02 3.326596296946468634e+00
3.150000000000000000e+02 3.301105820170271876e+00
3.160000000000000000e+02 3.314501177203715176e+00
3.170000000000000000e+02 2.969200837062015541e+00
3.180000000000000000e+02 2.694265330006855752e+00
3.190000000000000000e+02 2.852542140592845943e+00
3.200000000000000000e+02 2.715172226339202410e+00
3.210000000000000000e+02 2.355425878361318670e+00
3.220000000000000000e+02 2.381795909972308944e+00
3.230000000000000000e+02 2.431482477525708230e+00
3.240000000000000000e+02 2.091129604440232548e+00
3.250000000000000000e+02 1.937286483809526727e+00
3.260000000000000000e+02 1.996815361906412623e+00
3.270000000000000000e+02 2.186389359744028482e+00
3.280000000000000000e+02 2.279678231251244025e+00
3.290000000000000000e+02 2.585323902611794900e+00
3.300000000000000000e+02 2.832677325519220357e+00
3.310000000000000000e+02 3.243943876373156954e+00
3.320000000000000000e+02 3.586800988096503939e+00
3.330000000000000000e+02 3.755750127564406071e+00
3.340000000000000000e+02 4.252545986655094090e+00
3.350000000000000000e+02 5.004096907156729834e+00
3.360000000000000000e+02 4.928619596579022932e+00
3.370000000000000000e+02 5.319149008729128880e+00
3.380000000000000000e+02 4.635114429668558245e+00
3.390000000000000000e+02 4.515410619377457024e+00
3.400000000000000000e+02 3.673744390216345135e+00
3.410000000000000000e+02 3.821408182416788257e+00
3.420000000000000000e+02 4.167828097282579414e+00
3.430000000000000000e+02 3.607552804140152780e+00
3.440000000000000000e+02 3.081528992382362997e+00
3.450000000000000000e+02 3.511262097866259424e+00
3.460000000000000000e+02 3.487393641128019972e+00
3.470000000000000000e+02 2.848527853556614531e+00
3.480000000000000000e+02 2.743348754402848311e+00
3.490000000000000000e+02 3.001870196989449457e+00
3.500000000000000000e+02 2.747304394798904426e+00
3.510000000000000000e+02 2.422804561279272573e+00
3.520000000000000000e+02 2.606970701967854964e+00
3.530000000000000000e+02 2.699570537600492148e+00
3.540000000000000000e+02 2.465404297548511980e+00
3.550000000000000000e+02 2.303342001794727256e+00
3.560000000000000000e+02 2.158146112347337997e+00
3.570000000000000000e+02 2.063743206672061348e+00
3.580000000000000000e+02 2.010622385175468985e+00
3.590000000000000000e+02 1.958353983125661779e+00
3.600000000000000000e+02 2.020230939461420405e+00
3.610000000000000000e+02 2.095726614546663757e+00
3.620000000000000000e+02 2.039762397928865045e+00
3.630000000000000000e+02 2.149346555479199949e+00
3.640000000000000000e+02 2.245437349056294885e+00
3.650000000000000000e+02 2.359319873539928558e+00
3.660000000000000000e+02 2.209475252641115883e+00
3.670000000000000000e+02 2.218134208824770859e+00
3.680000000000000000e+02 2.154317850491954900e+00
3.690000000000000000e+02 2.237299782367478063e+00
3.700000000000000000e+02 2.312656066676450628e+00
3.710000000000000000e+02 2.513466250820772352e+00
3.720000000000000000e+02 2.546402629559140873e+00
3.730000000000000000e+02 2.883245812517453377e+00
3.740000000000000000e+02 3.075542100813181801e+00
3.750000000000000000e+02 3.492330601408636603e+00
3.760000000000000000e+02 3.836244326215462852e+00
3.770000000000000000e+02 3.639957751916733653e+00
3.780000000000000000e+02 3.132672083232984406e+00
3.790000000000000000e+02 2.890961848071493367e+00
3.800000000000000000e+02 2.751202629342493378e+00
3.810000000000000000e+02 2.616665307824695308e+00
3.820000000000000000e+02 2.411194687270984183e+00
3.830000000000000000e+02 2.349582813610991749e+00
3.840000000000000000e+02 2.264493762600444438e+00
3.850000000000000000e+02 2.468464155934662063e+00
3.860000000000000000e+02 2.606858699208275620e+00
3.870000000000000000e+02 2.713260692067120061e+00
3.880000000000000000e+02 2.953628595844342009e+00
3.890000000000000000e+02 2.898556960443368080e+00
3.900000000000000000e+02 3.121051618715585008e+00
3.910000000000000000e+02 3.091122438879250200e+00
3.920000000000000000e+02 3.176695371990927441e+00
3.930000000000000000e+02 3.068776759077352700e+00
3.940000000000000000e+02 2.917888633659488473e+00
3.950000000000000000e+02 2.738567435011152185e+00
3.960000000000000000e+02 2.710217722346356606e+00
3.970000000000000000e+02 2.517606167904202774e+00
3.980000000000000000e+02 2.534094399693673783e+00
3.990000000000000000e+02 2.345296253046945889e+00
4.000000000000000000e+02 2.383809230371307653e+00
4.010000000000000000e+02 2.340896410439029296e+00
4.020000000000000000e+02 2.593270815811481889e+00
4.030000000000000000e+02 2.503586473271464108e+00
4.040000000000000000e+02 2.562577961971732599e+00
4.050000000000000000e+02 2.729643502163438207e+00
4.060000000000000000e+02 2.773078797708794507e+00
4.070000000000000000e+02 2.758875980867931954e+00
4.080000000000000000e+02 3.305077724915894244e+00
4.090000000000000000e+02 3.204493003197756096e+00
4.100000000000000000e+02 2.638170354395007688e+00
4.110000000000000000e+02 2.466089345478919448e+00
4.120000000000000000e+02 2.280760642772128755e+00
4.130000000000000000e+02 2.225135858725229010e+00
4.140000000000000000e+02 2.103241454359332963e+00
4.150000000000000000e+02 2.053873864432102181e+00
4.160000000000000000e+02 2.047346789259472111e+00
4.170000000000000000e+02 2.167132533624522406e+00
4.180000000000000000e+02 2.106156430373764099e+00
4.190000000000000000e+02 2.027299700584909381e+00
4.200000000000000000e+02 2.243464956669040777e+00
4.210000000000000000e+02 2.258639454918221379e+00
4.220000000000000000e+02 2.277195825624980685e+00
4.230000000000000000e+02 2.229252176677974262e+00
4.240000000000000000e+02 2.260916505549236621e+00
4.250000000000000000e+02 2.234165799125593654e+00
4.260000000000000000e+02 2.210205578840826579e+00
4.270000000000000000e+02 2.200353797090336183e+00
4.280000000000000000e+02 2.304637797495118878e+00
4.290000000000000000e+02 2.283574545962659297e+00
4.300000000000000000e+02 2.446346024166270894e+00
4.310000000000000000e+02 2.481957100386301018e+00
4.320000000000000000e+02 2.700682781822155931e+00
4.330000000000000000e+02 2.743191994148139301e+00
4.340000000000000000e+02 2.953459511927861048e+00
4.350000000000000000e+02 2.804226645795079520e+00
4.360000000000000000e+02 3.158102426981387989e+00
4.370000000000000000e+02 4.037072704076544838e+00
4.380000000000000000e+02 5.514539471305734075e+00
4.390000000000000000e+02 6.385193677149319846e+00
4.400000000000000000e+02 7.162830065982785044e+00
4.410000000000000000e+02 8.488281193292968041e+00
4.420000000000000000e+02 8.265208480473674513e+00
4.430000000000000000e+02 7.450696917484648907e+00
4.440000000000000000e+02 6.498733286777678586e+00
4.450000000000000000e+02 5.376447570609424353e+00
4.460000000000000000e+02 4.674428972773141844e+00
4.470000000000000000e+02 4.069539356810463637e+00
4.480000000000000000e+02 3.570610345473022473e+00
4.490000000000000000e+02 4.060620990619024262e+00
4.500000000000000000e+02 3.998728948226335067e+00
4.510000000000000000e+02 3.880940366431234967e+00
4.520000000000000000e+02 3.742215378871728504e+00
4.530000000000000000e+02 3.224078912627073912e+00
4.540000000000000000e+02 3.353642177758499709e+00
4.550000000000000000e+02 3.236582152351997976e+00
4.560000000000000000e+02 3.745470669517507289e+00
4.570000000000000000e+02 3.898566581048805713e+00
4.580000000000000000e+02 3.600065756349314139e+00
4.590000000000000000e+02 3.587990169081133551e+00
4.600000000000000000e+02 3.236754886674525711e+00
4.610000000000000000e+02 3.417432519966099314e+00
4.620000000000000000e+02 3.269157824645819499e+00
4.630000000000000000e+02 3.361539941128071529e+00
4.640000000000000000e+02 3.775951109396848526e+00
4.650000000000000000e+02 3.710797180265134276e+00
4.660000000000000000e+02 3.803967295650423797e+00
4.670000000000000000e+02 4.802237002704990765e+00
4.680000000000000000e+02 5.681146086197678358e+00
4.690000000000000000e+02 5.737348549385918872e+00
4.700000000000000000e+02 5.572820614519042870e+00
4.710000000000000000e+02 4.489938803060741890e+00
4.720000000000000000e+02 5.037301702092039868e+00
4.730000000000000000e+02 4.501305038373559775e+00
4.740000000000000000e+02 4.416058040689376796e+00
4.750000000000000000e+02 4.714721341548397504e+00
4.760000000000000000e+02 4.884713148760582158e+00
4.770000000000000000e+02 5.585177197613501399e+00
4.780000000000000000e+02 5.916148224800649835e+00
4.790000000000000000e+02 5.891658216463262931e+00
4.800000000000000000e+02 6.232397888220342352e+00
4.810000000000000000e+02 5.931935683458242181e+00
4.820000000000000000e+02 5.772666049243433406e+00
4.830000000000000000e+02 4.986443489374139837e+00
4.840000000000000000e+02 4.509971734062522053e+00
4.850000000000000000e+02 3.991154916415782683e+00
4.860000000000000000e+02 3.340456273311018354e+00
4.870000000000000000e+02 3.541312661357320479e+00
4.880000000000000000e+02 4.026041069286816487e+00
4.890000000000000000e+02 3.996590909144932979e+00
4.900000000000000000e+02 4.683409475022023649e+00
4.910000000000000000e+02 3.756527904246921068e+00
4.920000000000000000e+02 3.265477419329459785e+00
4.930000000000000000e+02 2.635308654059004052e+00
4.940000000000000000e+02 2.644471116418752210e+00
4.950000000000000000e+02 2.392474495990615235e+00
4.960000000000000000e+02 2.346079371792717083e+00
4.970000000000000000e+02 2.215973001641837303e+00
4.980000000000000000e+02 2.176518886098535166e+00
4.990000000000000000e+02 2.344560488874046111e+00
5.000000000000000000e+02 2.496578841426353890e+00
5.010000000000000000e+02 2.789888597190099961e+00
5.020000000000000000e+02 3.034039516440711015e+00
5.030000000000000000e+02 3.453944025175003318e+00
5.040000000000000000e+02 3.374310508291273880e+00
5.050000000000000000e+02 2.885558543442944046e+00
5.060000000000000000e+02 2.514960262488795895e+00
5.070000000000000000e+02 2.425894467207778682e+00
5.080000000000000000e+02 2.177314599058112865e+00
5.090000000000000000e+02 2.199545075433591901e+00
5.100000000000000000e+02 2.186774760633007464e+00
5.110000000000000000e+02 2.491831148306228094e+00
5.120000000000000000e+02 2.445066689105220625e+00
5.130000000000000000e+02 2.675101935241285478e+00
5.140000000000000000e+02 2.369314550972673405e+00
5.150000000000000000e+02 2.132799335552038933e+00
5.160000000000000000e+02 2.061855624790079222e+00
5.170000000000000000e+02 2.175690391507975718e+00
5.180000000000000000e+02 2.309839448324491062e+00
5.190000000000000000e+02 2.469644599113296923e+00
5.200000000000000000e+02 2.363930837971654597e+00
5.210000000000000000e+02 2.141632596179564807e+00
5.220000000000000000e+02 2.142452772004697081e+00
5.230000000000000000e+02 2.024055433427359052e+00
5.240000000000000000e+02 2.085513819699065241e+00
5.250000000000000000e+02 2.434971428919201486e+00
5.260000000000000000e+02 2.305202030863097828e+00
5.270000000000000000e+02 2.576457126096601158e+00
5.280000000000000000e+02 2.115952963286372501e+00
5.290000000000000000e+02 2.170546407367098141e+00
5.300000000000000000e+02 2.089179815229751380e+00
5.310000000000000000e+02 2.110079915704117681e+00
5.320000000000000000e+02 2.194833905256074580e+00
5.330000000000000000e+02 2.318458721893727148e+00
5.340000000000000000e+02 2.483409089797244285e+00
5.350000000000000000e+02 2.207985106116245433e+00
5.360000000000000000e+02 2.420216293659662288e+00
5.370000000000000000e+02 2.825068918336640422e+00
5.380000000000000000e+02 3.384670803377258785e+00
5.390000000000000000e+02 2.905528415890316740e+00
5.400000000000000000e+02 2.501515791558438728e+00
5.410000000000000000e+02 2.206593437874497798e+00
5.420000000000000000e+02 1.990902304814236468e+00
5.430000000000000000e+02 2.016562950539801058e+00
5.440000000000000000e+02 2.035413726644946131e+00
5.450000000000000000e+02 2.248233475112097590e+00
5.460000000000000000e+02 2.307231228233379117e+00
5.470000000000000000e+02 2.261134298766947825e+00
5.480000000000000000e+02 2.344728084419058334e+00
5.490000000000000000e+02 2.230180717759497888e+00
5.500000000000000000e+02 2.233188599509217553e+00
5.510000000000000000e+02 2.446934733971675158e+00
5.520000000000000000e+02 2.337237067007938318e+00
5.530000000000000000e+02 2.222559381385094124e+00
5.540000000000000000e+02 2.437460319785870411e+00
5.550000000000000000e+02 2.545941982816164018e+00
5.560000000000000000e+02 2.529849735987317771e+00
5.570000000000000000e+02 2.286269569046268213e+00
5.580000000000000000e+02 2.197910015199558753e+00
5.590000000000000000e+02 2.259914432794641659e+00
5.600000000000000000e+02 2.335553525814661135e+00
5.610000000000000000e+02 2.253451577438763120e+00
5.620000000000000000e+02 2.440763011189133191e+00
5.630000000000000000e+02 2.330956557579006105e+00
5.640000000000000000e+02 2.489366187058332791e+00
5.650000000000000000e+02 2.403829310792653384e+00
5.660000000000000000e+02 2.467139103151897661e+00
5.670000000000000000e+02 2.649105524646061305e+00
5.680000000000000000e+02 2.700132308115011259e+00
5.690000000000000000e+02 2.851646842014724736e+00
5.700000000000000000e+02 2.926730168390746289e+00
5.710000000000000000e+02 3.099442249117855042e+00
5.720000000000000000e+02 2.976287095275112815e+00
5.730000000000000000e+02 2.935824157998260020e+00
5.740000000000000000e+02 2.889555279951213418e+00
5.750000000000000000e+02 2.993046564782022134e+00
5.760000000000000000e+02 3.178868114134174139e+00
5.770000000000000000e+02 3.350016004827146787e+00
5.780000000000000000e+02 3.532641686587867813e+00
5.790000000000000000e+02 3.412535123477830723e+00
5.800000000000000000e+02 3.128022284769186534e+00
5.810000000000000000e+02 2.805926043913105961e+00
5.820000000000000000e+02 2.770924443461131759e+00
5.830000000000000000e+02 2.551685416646725102e+00
5.840000000000000000e+02 2.535169461704104510e+00
5.850000000000000000e+02 2.685778984068032837e+00
5.860000000000000000e+02 2.891804981662917218e+00
5.870000000000000000e+02 3.155713250971262429e+00
5.880000000000000000e+02 3.530983201185302178e+00
5.890000000000000000e+02 3.624782655604965598e+00
5.900000000000000000e+02 4.069047138656851637e+00
5.910000000000000000e+02 4.371808811391623806e+00
5.920000000000000000e+02 4.068278996461426544e+00
5.930000000000000000e+02 3.832408381800519681e+00
5.940000000000000000e+02 3.694678232680704166e+00
5.950000000000000000e+02 3.638439398105715483e+00
5.960000000000000000e+02 3.358346429264623012e+00
5.970000000000000000e+02 3.159838213848626509e+00
5.980000000000000000e+02 3.253407970644269120e+00
5.990000000000000000e+02 3.218501617925367597e+00
6.000000000000000000e+02 3.431220001706571043e+00
6.010000000000000000e+02 3.617888742168181793e+00
6.020000000000000000e+02 4.192041176013524328e+00
6.030000000000000000e+02 4.221874429768504910e+00
6.040000000000000000e+02 3.603526577837243394e+00
6.050000000000000000e+02 3.827995154324977722e+00
6.060000000000000000e+02 3.603440354422131620e+00
6.070000000000000000e+02 3.412518468242882186e+00
6.080000000000000000e+02 3.264072532873452559e+00
6.090000000000000000e+02 3.176432923332130009e+00
6.100000000000000000e+02 3.124643281585857579e+00
6.110000000000000000e+02 3.115845311296495890e+00
6.120000000000000000e+02 3.086677802958204708e+00
6.130000000000000000e+02 3.025246886745642794e+00
6.140000000000000000e+02 3.089928699018766434e+00
6.150000000000000000e+02 3.196117891012025147e+00
6.160000000000000000e+02 3.234959559921742223e+00
6.170000000000000000e+02 3.271237554826533334e+00
6.180000000000000000e+02 3.514313874715040864e+00
6.190000000000000000e+02 3.828962506807373156e+00
6.200000000000000000e+02 3.860539605618738435e+00
6.210000000000000000e+02 3.762858779678464494e+00
6.220000000000000000e+02 3.616492458165446955e+00
6.230000000000000000e+02 3.396626167278116615e+00
6.240000000000000000e+02 3.276659143689799603e+00
6.250000000000000000e+02 3.054139667351502219e+00
6.260000000000000000e+02 3.258807180004472226e+00
6.270000000000000000e+02 3.414160197235926120e+00
6.280000000000000000e+02 3.252059136395037520e+00
6.290000000000000000e+02 3.296891552075626119e+00
6.300000000000000000e+02 3.095825491127307760e+00
6.310000000000000000e+02 3.129412046476158782e+00
6.320000000000000000e+02 3.318509754667156919e+00
6.330000000000000000e+02 3.261210649454156840e+00
6.340000000000000000e+02 3.094586181200117192e+00
6.350000000000000000e+02 3.192435140027697127e+00
6.360000000000000000e+02 3.427572927298943473e+00
6.370000000000000000e+02 3.457981537580666842e+00
6.380000000000000000e+02 3.593996515205599263e+00
6.390000000000000000e+02 3.551502067678470542e+00
6.400000000000000000e+02 3.788408287953417997e+00
6.410000000000000000e+02 3.839339955119193792e+00
6.420000000000000000e+02 4.037621145380622778e+00
6.430000000000000000e+02 4.190932211740433289e+00
6.440000000000000000e+02 4.311616122955949315e+00
6.450000000000000000e+02 4.340400110063677985e+00
6.460000000000000000e+02 4.727947854105192249e+00
6.470000000000000000e+02 5.022698883110578549e+00
6.480000000000000000e+02 5.120649308875736772e+00
6.490000000000000000e+02 5.324742072254633918e+00
6.500000000000000000e+02 5.293632897622087441e+00
6.510000000000000000e+02 4.957314276941288789e+00
6.520000000000000000e+02 4.363522032350560131e+00
6.530000000000000000e+02 3.913663237358926406e+00
6.540000000000000000e+02 3.762478870366793515e+00
6.550000000000000000e+02 3.463995027774386060e+00
6.560000000000000000e+02 3.396610666915122145e+00
6.570000000000000000e+02 3.234844229348339706e+00
6.580000000000000000e+02 3.291957074451371312e+00
6.590000000000000000e+02 3.373130218584500017e+00
6.600000000000000000e+02 3.634535004024294302e+00
6.610000000000000000e+02 3.656505945378478284e+00
6.620000000000000000e+02 3.462940538395254730e+00
6.630000000000000000e+02 3.394695084270757945e+00
6.640000000000000000e+02 3.367809984723713512e+00
6.650000000000000000e+02 3.309978439787815141e+00
6.660000000000000000e+02 3.449529550654105936e+00
6.670000000000000000e+02 3.480044050302255609e+00
6.680000000000000000e+02 3.705175878713490079e+00
6.690000000000000000e+02 3.693954803756631211e+00
6.700000000000000000e+02 3.967226853991359992e+00
6.710000000000000000e+02 4.184198499271008842e+00
6.720000000000000000e+02 4.724498564633587527e+00
6.730000000000000000e+02 5.949743444682424887e+00
6.740000000000000000e+02 6.177222009918791557e+00
6.750000000000000000e+02 5.415826385910816221e+00
6.760000000000000000e+02 4.322815319423262359e+00
6.770000000000000000e+02 3.873715352409174972e+00
6.780000000000000000e+02 3.756279266303912401e+00
6.790000000000000000e+02 3.544092416467662598e+00
6.800000000000000000e+02 3.706161320612204157e+00
6.810000000000000000e+02 3.532290253683583181e+00
6.820000000000000000e+02 3.684134903519451054e+00
6.830000000000000000e+02 3.754987070092393520e+00
6.840000000000000000e+02 3.741361006868046069e+00
6.850000000000000000e+02 3.521213319304828282e+00
6.860000000000000000e+02 3.593031848485368052e+00
6.870000000000000000e+02 3.553930300909479367e+00
6.880000000000000000e+02 3.552034620258358366e+00
6.890000000000000000e+02 3.514300908155157277e+00
6.900000000000000000e+02 3.806669661609868083e+00
6.910000000000000000e+02 3.674526422712316442e+00
6.920000000000000000e+02 3.765464868203620696e+00
6.930000000000000000e+02 3.570662043330407709e+00
6.940000000000000000e+02 3.798073705774607678e+00
6.950000000000000000e+02 3.510583561360868021e+00
6.960000000000000000e+02 3.221550836034440035e+00
6.970000000000000000e+02 3.539494716827578102e+00
6.980000000000000000e+02 3.672568443214346612e+00
6.990000000000000000e+02 3.337305508143544319e+00
7.000000000000000000e+02 3.434756378599329363e+00
7.010000000000000000e+02 3.882160904874798923e+00
7.020000000000000000e+02 3.789264573463327235e+00
7.030000000000000000e+02 3.568869113908035740e+00
7.040000000000000000e+02 4.030800670707770372e+00
7.050000000000000000e+02 4.270319804423595933e+00
7.060000000000000000e+02 4.029949555797642802e+00
7.070000000000000000e+02 4.188424003731650025e+00
7.080000000000000000e+02 4.672331393910083897e+00
7.090000000000000000e+02 4.711130173091760298e+00
7.100000000000000000e+02 4.567107001120544574e+00
7.110000000000000000e+02 4.930832941470833397e+00
7.120000000000000000e+02 5.339253101068609730e+00
7.130000000000000000e+02 5.273306292289638542e+00
7.140000000000000000e+02 5.421814095330408811e+00
7.150000000000000000e+02 5.886569857915343817e+00
7.160000000000000000e+02 6.110920587983386554e+00
7.170000000000000000e+02 6.150761879247520270e+00
7.180000000000000000e+02 6.424724275156973086e+00
7.190000000000000000e+02 6.812016513282102004e+00
7.200000000000000000e+02 6.923890960473138456e+00
7.210000000000000000e+02 7.018561322014516435e+00
7.220000000000000000e+02 7.381515520495511851e+00
7.230000000000000000e+02 7.713363237175460796e+00
7.240000000000000000e+02 7.866774529980176567e+00
7.250000000000000000e+02 8.050732781258334469e+00
7.260000000000000000e+02 8.353543857023723263e+00
7.270000000000000000e+02 8.651474985215832803e+00
7.280000000000000000e+02 8.871547606139357001e+00
7.290000000000000000e+02 9.120745625685362512e+00
7.300000000000000000e+02 9.446717978346118372e+00
7.310000000000000000e+02 9.757144650727603619e+00
7.320000000000000000e+02 9.914642575581485318e+00
7.330000000000000000e+02 1.025373902177261165e+01
7.340000000000000000e+02 1.050733560686954249e+01
7.350000000000000000e+02 1.073079988423756426e+01
7.360000000000000000e+02 1.108977149426469211e+01
7.370000000000000000e+02 1.138044477882382921e+01
7.380000000000000000e+02 1.160991307610523293e+01
7.390000000000000000e+02 1.185014096485479662e+01
7.400000000000000000e+02 1.222488292917687502e+01
7.410000000000000000e+02 1.237668327689930159e+01
7.420000000000000000e+02 1.223599872563698732e+01
7.430000000000000000e+02 1.264067028371074031e+01
7.440000000000000000e+02 1.256392318594035373e+01
7.450000000000000000e+02 1.271780274025968360e+01
7.460000000000000000e+02 1.325575383802150853e+01
7.470000000000000000e+02 1.341415951398957240e+01
7.480000000000000000e+02 1.316093461317062285e+01
7.490000000000000000e+02 1.312986058651292254e+01
7.500000000000000000e+02 1.268349112833251802e+01
7.510000000000000000e+02 1.252302769521588033e+01
7.520000000000000000e+02 1.212679313301512529e+01
7.530000000000000000e+02 1.144017813679220197e+01
7.540000000000000000e+02 1.109310762043999965e+01
7.550000000000000000e+02 1.060163674126127198e+01
7.560000000000000000e+02 1.039793264936571937e+01
7.570000000000000000e+02 1.014939666475377855e+01
7.580000000000000000e+02 9.758180676829391942e+00
7.590000000000000000e+02 9.235948541503935516e+00
7.600000000000000000e+02 9.443519807064898686e+00
7.610000000000000000e+02 1.003243210459838686e+01
7.620000000000000000e+02 1.025990791953926795e+01
