# Residue RMSF(Ang)
1.000000000000000000e+00 2.013747020462406834e+00
2.000000000000000000e+00 2.103987457548269546e+00
3.000000000000000000e+00 2.048665585339363826e+00
4.000000000000000000e+00 2.273741514398193608e+00
5.000000000000000000e+00 2.197391277448720981e+00
6.000000000000000000e+00 2.487031486696565707e+00
7.000000000000000000e+00 2.658077460735426278e+00
8.000000000000000000e+00 2.384693335009045789e+00
9.000000000000000000e+00 2.523995230244358901e+00
1.000000000000000000e+01 2.447657802072916500e+00
1.100000000000000000e+01 2.492314028060349074e+00
1.200000000000000000e+01 2.574965307824811145e+00
1.300000000000000000e+01 2.635345307112868962e+00
1.400000000000000000e+01 2.815356790978030155e+00
1.500000000000000000e+01 2.712876244325095332e+00
1.600000000000000000e+01 2.477005956698127953e+00
1.700000000000000000e+01 2.427744149712208088e+00
1.800000000000000000e+01 2.156678710527731191e+00
1.900000000000000000e+01 2.220948754710792450e+00
2.000000000000000000e+01 2.027394356923345242e+00
2.100000000000000000e+01 1.892516151393496271e+00
2.200000000000000000e+01 1.943306063866545363e+00
2.300000000000000000e+01 2.027959464963897673e+00
2.400000000000000000e+01 2.087932851951909807e+00
2.500000000000000000e+01 2.249207110663330234e+00
2.600000000000000000e+01 2.470993306759555530e+00
2.700000000000000000e+01 3.013815888386895292e+00
2.800000000000000000e+01 3.546480310643644440e+00
2.900000000000000000e+01 3.851106309297732011e+00
3.000000000000000000e+01 3.843866497037904839e+00
3.100000000000000000e+01 4.073527166856293569e+00
3.200000000000000000e+01 3.882231061521955073e+00
3.300000000000000000e+01 3.392770297265435886e+00
3.400000000000000000e+01 2.839021916913763821e+00
3.500000000000000000e+01 2.622660597175501263e+00
3.600000000000000000e+01 2.418487417646987492e+00
3.700000000000000000e+01 2.356431473254526399e+00
3.800000000000000000e+01 2.279651003541257825e+00
3.900000000000000000e+01 2.227050285826302378e+00
4.000000000000000000e+01 2.270230851308957742e+00
4.100000000000000000e+01 2.253886949962127240e+00
4.200000000000000000e+01 2.368670196471344358e+00
4.300000000000000000e+01 2.558717765512841247e+00
4.400000000000000000e+01 2.847870770344465008e+00
4.500000000000000000e+01 3.166236864146732000e+00
4.600000000000000000e+01 3.585728016100901083e+00
4.700000000000000000e+01 3.558839074593653340e+00
4.800000000000000000e+01 3.642821151533070623e+00
4.900000000000000000e+01 3.384442781964712488e+00
5.000000000000000000e+01 3.045181091463418088e+00
5.100000000000000000e+01 2.871458135541477663e+00
5.200000000000000000e+01 2.650571950978094726e+00
5.300000000000000000e+01 2.674542226802808287e+00
5.400000000000000000e+01 2.494396439865929516e+00
5.500000000000000000e+01 2.553337818294372230e+00
5.600000000000000000e+01 2.490735522899726107e+00
5.700000000000000000e+01 2.590649906471911734e+00
5.800000000000000000e+01 2.644886585971877313e+00
5.900000000000000000e+01 2.662707754994722009e+00
6.000000000000000000e+01 2.887116931575745227e+00
6.100000000000000000e+01 2.886954242077874433e+00
6.200000000000000000e+01 3.600913330014875235e+00
6.300000000000000000e+01 4.016776770787331863e+00
6.400000000000000000e+01 3.530119399391081547e+00
6.500000000000000000e+01 3.047538910675809731e+00
6.600000000000000000e+01 3.084772223256393886e+00
6.700000000000000000e+01 2.839905109121417137e+00
6.800000000000000000e+01 2.939475133767936565e+00
6.900000000000000000e+01 2.849591364389409076e+00
7.000000000000000000e+01 2.832874068255553546e+00
7.100000000000000000e+01 3.081913740643833943e+00
7.200000000000000000e+01 3.016173704412674184e+00
7.300000000000000000e+01 3.241885966998916846e+00
7.400000000000000000e+01 3.348471854165194994e+00
7.500000000000000000e+01 4.290367316521600749e+00
7.600000000000000000e+01 4.697915010041047168e+00
7.700000000000000000e+01 4.585521451865923304e+00
7.800000000000000000e+01 4.615863538374894937e+00
7.900000000000000000e+01 5.227184486188307666e+00
8.000000000000000000e+01 4.929310154788781873e+00
8.100000000000000000e+01 5.004391137882268303e+00
8.200000000000000000e+01 4.560327970312607171e+00
8.300000000000000000e+01 4.254883514586698112e+00
8.400000000000000000e+01 3.393780870621752044e+00
8.500000000000000000e+01 3.255590910079437794e+00
8.600000000000000000e+01 3.097291159439963248e+00
8.700000000000000000e+01 3.022656612993594116e+00
8.800000000000000000e+01 2.912829743248918746e+00
8.900000000000000000e+01 2.870086062811943783e+00
9.000000000000000000e+01 2.773180063799008277e+00
9.100000000000000000e+01 2.546711391019309101e+00
9.200000000000000000e+01 2.494337086381848145e+00
9.300000000000000000e+01 2.316628130312392120e+00
9.400000000000000000e+01 2.418231408587996345e+00
9.500000000000000000e+01 2.324559418587540893e+00
9.600000000000000000e+01 2.096477222667492146e+00
9.700000000000000000e+01 2.124208076617857710e+00
9.800000000000000000e+01 2.239695396069548927e+00
9.900000000000000000e+01 2.248386666550434843e+00
1.000000000000000000e+02 2.434113398305655096e+00
1.010000000000000000e+02 2.587664539530021290e+00
1.020000000000000000e+02 2.931346567050542973e+00
1.030000000000000000e+02 2.998565727302547224e+00
1.040000000000000000e+02 2.810819461690309939e+00
1.050000000000000000e+02 2.619404432251045023e+00
1.060000000000000000e+02 2.493329530118259640e+00
1.070000000000000000e+02 2.409223698814585202e+00
1.080000000000000000e+02 2.348205338604797632e+00
1.090000000000000000e+02 2.369853911402043156e+00
1.100000000000000000e+02 2.252526329879550371e+00
1.110000000000000000e+02 2.325632482565126224e+00
1.120000000000000000e+02 2.525858453924324731e+00
1.130000000000000000e+02 2.666750877657324992e+00
1.140000000000000000e+02 2.834189734613965062e+00
1.150000000000000000e+02 3.006484449596282804e+00
1.160000000000000000e+02 3.301632330433350582e+00
1.170000000000000000e+02 3.524972818925744988e+00
1.180000000000000000e+02 3.582537728310648095e+00
1.190000000000000000e+02 3.450120904852985948e+00
1.200000000000000000e+02 3.192026474814699810e+00
1.210000000000000000e+02 3.204489326648501724e+00
1.220000000000000000e+02 2.956247185908256192e+00
1.230000000000000000e+02 2.683996032390624897e+00
1.240000000000000000e+02 2.489838154956878213e+00
1.250000000000000000e+02 2.466184430951752660e+00
1.260000000000000000e+02 2.426781957938386025e+00
1.270000000000000000e+02 2.542622948326559218e+00
1.280000000000000000e+02 2.516352768512111204e+00
1.290000000000000000e+02 2.675345582765948471e+00
1.300000000000000000e+02 2.740588348744661396e+00
1.310000000000000000e+02 2.915418538455757158e+00
1.320000000000000000e+02 3.143664896749627236e+00
1.330000000000000000e+02 3.512069681517469011e+00
1.340000000000000000e+02 3.574366838975203908e+00
1.350000000000000000e+02 3.315956163028129122e+00
1.360000000000000000e+02 3.074245602056631999e+00
1.370000000000000000e+02 3.005072734751379482e+00
1.380000000000000000e+02 2.874881216689090468e+00
1.390000000000000000e+02 2.722484215285353670e+00
1.400000000000000000e+02 2.718831312128647593e+00
1.410000000000000000e+02 2.734608196517528622e+00
1.420000000000000000e+02 2.835496322391478419e+00
1.430000000000000000e+02 3.271084266774874294e+00
1.440000000000000000e+02 4.028113450313291821e+00
1.450000000000000000e+02 4.848829184282067217e+00
1.460000000000000000e+02 4.992791311010211786e+00
1.470000000000000000e+02 6.090418879078299597e+00
1.480000000000000000e+02 6.425561438390314350e+00
1.490000000000000000e+02 5.117568425886081407e+00
1.500000000000000000e+02 4.582737417609472175e+00
1.510000000000000000e+02 4.482400849766237982e+00
1.520000000000000000e+02 3.221119746452828725e+00
1.530000000000000000e+02 2.819667617059978149e+00
1.540000000000000000e+02 2.528636051813861751e+00
1.550000000000000000e+02 2.358965113153723259e+00
1.560000000000000000e+02 2.242395676005558780e+00
1.570000000000000000e+02 2.257092790758451706e+00
1.580000000000000000e+02 2.159838923204631111e+00
1.590000000000000000e+02 1.955522752386828822e+00
1.600000000000000000e+02 1.860738707866892883e+00
1.610000000000000000e+02 2.008137056784156549e+00
1.620000000000000000e+02 2.058441317342746046e+00
1.630000000000000000e+02 2.261075265989174632e+00
1.640000000000000000e+02 2.361646589817314457e+00
1.650000000000000000e+02 2.543087559564887634e+00
1.660000000000000000e+02 2.694689015634552653e+00
1.670000000000000000e+02 2.686210602751907928e+00
1.680000000000000000e+02 2.545595363030392466e+00
1.690000000000000000e+02 2.377169966637548981e+00
1.700000000000000000e+02 2.193089264780754721e+00
1.710000000000000000e+02 2.170964705594041533e+00
1.720000000000000000e+02 2.026823306942441505e+00
1.730000000000000000e+02 2.114642874660180194e+00
1.740000000000000000e+02 1.981107205035648411e+00
1.750000000000000000e+02 2.138702111067217970e+00
1.760000000000000000e+02 2.318859889236850602e+00
1.770000000000000000e+02 2.514090819800781862e+00
1.780000000000000000e+02 2.375650169563781056e+00
1.790000000000000000e+02 2.142351639905934579e+00
1.800000000000000000e+02 2.185967804119599123e+00
1.810000000000000000e+02 2.117137903183736292e+00
1.820000000000000000e+02 2.196164719736065862e+00
1.830000000000000000e+02 2.149063015910432473e+00
1.840000000000000000e+02 2.331577212911986496e+00
1.850000000000000000e+02 2.389511756975430501e+00
1.860000000000000000e+02 2.619666154567855898e+00
1.870000000000000000e+02 2.789537490032520051e+00
1.880000000000000000e+02 2.866904801575063999e+00
1.890000000000000000e+02 3.157139125335122198e+00
1.900000000000000000e+02 3.171337376750680725e+00
1.910000000000000000e+02 2.994782631728095890e+00
1.920000000000000000e+02 3.096719105452206300e+00
1.930000000000000000e+02 3.184288511563819313e+00
1.940000000000000000e+02 3.167286413996690531e+00
1.950000000000000000e+02 3.127684418596487603e+00
1.960000000000000000e+02 3.376017444146186097e+00
1.970000000000000000e+02 3.707989392964794018e+00
1.980000000000000000e+02 3.869754260259258061e+00
1.990000000000000000e+02 4.283307243928742736e+00
2.000000000000000000e+02 4.433362652682635741e+00
2.010000000000000000e+02 4.285338694024946271e+00
2.020000000000000000e+02 4.317415754523969085e+00
2.030000000000000000e+02 4.115911128131191532e+00
2.040000000000000000e+02 3.879353352313048120e+00
2.050000000000000000e+02 3.949975697872928571e+00
2.060000000000000000e+02 3.122337109123353827e+00
2.070000000000000000e+02 2.782141767220030815e+00
2.080000000000000000e+02 2.654224259473029868e+00
2.090000000000000000e+02 2.519243432392690440e+00
2.100000000000000000e+02 2.429958200788799427e+00
2.110000000000000000e+02 2.774814922421904750e+00
2.120000000000000000e+02 2.927383069988371833e+00
2.130000000000000000e+02 3.089945126600047498e+00
2.140000000000000000e+02 3.477708732530241154e+00
2.150000000000000000e+02 3.339234130812836376e+00
2.160000000000000000e+02 2.952258245771849587e+00
2.170000000000000000e+02 2.452531415917493796e+00
2.180000000000000000e+02 2.367545174956107612e+00
2.190000000000000000e+02 2.060724968325317263e+00
2.200000000000000000e+02 1.924194884412962603e+00
2.210000000000000000e+02 1.842510944955543462e+00
2.220000000000000000e+02 1.895593846150369854e+00
2.230000000000000000e+02 1.871095299356463793e+00
2.240000000000000000e+02 1.681510665444918784e+00
2.250000000000000000e+02 1.613072044177799036e+00
2.260000000000000000e+02 1.792875989280767079e+00
2.270000000000000000e+02 1.790137886967110292e+00
2.280000000000000000e+02 1.922145352515780559e+00
2.290000000000000000e+02 2.101474750834340544e+00
2.300000000000000000e+02 2.385128329416757342e+00
2.310000000000000000e+02 2.689696339858215879e+00
2.320000000000000000e+02 3.216175268122004383e+00
2.330000000000000000e+02 3.493468775274912730e+00
2.340000000000000000e+02 3.475461214218901418e+00
2.350000000000000000e+02 3.531292687223389848e+00
2.360000000000000000e+02 2.771038737042369249e+00
2.370000000000000000e+02 2.292986370796969986e+00
2.380000000000000000e+02 2.137282905352433371e+00
2.390000000000000000e+02 2.022081239769574879e+00
2.400000000000000000e+02 1.824142262811442095e+00
2.410000000000000000e+02 1.729716966634254671e+00
2.420000000000000000e+02 1.611720479752206892e+00
2.430000000000000000e+02 1.666385828313790007e+00
2.440000000000000000e+02 1.554231058647987718e+00
2.450000000000000000e+02 1.718139780356188417e+00
2.460000000000000000e+02 1.872401847164248956e+00
2.470000000000000000e+02 2.093934760574981624e+00
2.480000000000000000e+02 2.171116793387608990e+00
2.490000000000000000e+02 1.844564481316280258e+00
2.500000000000000000e+02 1.783757752003249264e+00
2.510000000000000000e+02 1.657432564104396988e+00
2.520000000000000000e+02 1.742681811354517496e+00
2.530000000000000000e+02 1.718516265687178635e+00
2.540000000000000000e+02 1.878865473195752589e+00
2.550000000000000000e+02 1.973124518295154450e+00
2.560000000000000000e+02 2.163287700204749253e+00
2.570000000000000000e+02 2.335416846811134928e+00
2.580000000000000000e+02 2.414504451029677590e+00
2.590000000000000000e+02 2.636094750472380177e+00
2.600000000000000000e+02 2.673531518779863614e+00
2.610000000000000000e+02 2.454239619704970732e+00
2.620000000000000000e+02 2.511015742157853836e+00
2.630000000000000000e+02 2.343391809904587841e+00
2.640000000000000000e+02 2.321568102206649442e+00
2.650000000000000000e+02 2.155159446021488456e+00
2.660000000000000000e+02 2.005449704926954180e+00
2.670000000000000000e+02 1.962310320244057715e+00
2.680000000000000000e+02 1.875503459772168036e+00
2.690000000000000000e+02 1.698598362120757210e+00
2.700000000000000000e+02 1.752582604326585969e+00
2.710000000000000000e+02 1.687027888205695936e+00
2.720000000000000000e+02 1.730345718743854677e+00
2.730000000000000000e+02 1.576812012221271209e+00
2.740000000000000000e+02 1.424357443597848993e+00
2.750000000000000000e+02 1.402071727459506700e+00
2.760000000000000000e+02 1.423792980021715504e+00
2.770000000000000000e+02 1.500505802480955664e+00
2.780000000000000000e+02 1.410418978729271577e+00
2.790000000000000000e+02 1.419216849865072572e+00
2.800000000000000000e+02 1.464701882714505521e+00
2.810000000000000000e+02 1.513540442715240353e+00
2.820000000000000000e+02 1.659209726422439468e+00
2.830000000000000000e+02 1.733208820002875239e+00
2.840000000000000000e+02 1.941169808247347195e+00
2.850000000000000000e+02 1.987394121078932763e+00
2.860000000000000000e+02 2.325160621113072867e+00
2.870000000000000000e+02 2.702498595779094348e+00
2.880000000000000000e+02 2.651592015444717454e+00
2.890000000000000000e+02 3.430457228254943480e+00
2.900000000000000000e+02 2.531424101215228095e+00
2.910000000000000000e+02 1.947581019268856961e+00
2.920000000000000000e+02 1.684592976270026465e+00
2.930000000000000000e+02 1.582858844284961819e+00
2.940000000000000000e+02 1.409361169325294538e+00
2.950000000000000000e+02 1.375616111549072818e+00
2.960000000000000000e+02 1.270821952535897914e+00
2.970000000000000000e+02 1.266121865597712670e+00
2.980000000000000000e+02 1.210827670899311315e+00
2.990000000000000000e+02 1.272841664820213436e+00
3.000000000000000000e+02 1.281370899972748001e+00
3.010000000000000000e+02 1.370595275859034734e+00
3.020000000000000000e+02 1.406457292204279064e+00
3.030000000000000000e+02 1.739998717925149929e+00
3.040000000000000000e+02 2.157395878489940078e+00
3.050000000000000000e+02 2.572571765026425261e+00
3.060000000000000000e+02 2.529243101525851412e+00
3.070000000000000000e+02 2.226479554048383047e+00
3.080000000000000000e+02 1.911675194824939750e+00
3.090000000000000000e+02 1.522279182816805854e+00
3.100000000000000000e+02 1.431411772834280338e+00
3.110000000000000000e+02 1.339923251597662457e+00
3.120000000000000000e+02 1.225919952213995190e+00
3.130000000000000000e+02 1.185453009478750985e+00
3.140000000000000000e+02 1.206670961389983754e+00
3.150000000000000000e+02 1.235186579211321689e+00
3.160000000000000000e+02 1.360489079978127291e+00
3.170000000000000000e+02 1.466270486129333195e+00
3.180000000000000000e+02 1.652879620925883142e+00
3.190000000000000000e+02 1.855908700940108735e+00
3.200000000000000000e+02 2.080776372385401363e+00
3.210000000000000000e+02 2.207229242670853520e+00
3.220000000000000000e+02 2.569471304319089988e+00
3.230000000000000000e+02 2.735705370158771910e+00
3.240000000000000000e+02 2.651422329234759179e+00
3.250000000000000000e+02 2.355077364972526510e+00
3.260000000000000000e+02 2.071684697084805737e+00
3.270000000000000000e+02 1.938267682749234000e+00
3.280000000000000000e+02 1.735642141526960947e+00
3.290000000000000000e+02 1.565522888355989961e+00
3.300000000000000000e+02 1.427744927470834924e+00
3.310000000000000000e+02 1.312902283419334237e+00
3.320000000000000000e+02 1.251468747017578043e+00
3.330000000000000000e+02 1.232899513642362832e+00
3.340000000000000000e+02 1.375974236815951102e+00
3.350000000000000000e+02 1.483246247303451337e+00
3.360000000000000000e+02 1.523169312137782949e+00
3.370000000000000000e+02 1.531814565593884403e+00
3.380000000000000000e+02 1.403624423981199465e+00
3.390000000000000000e+02 1.264894159902750559e+00
3.400000000000000000e+02 1.190486279579078932e+00
3.410000000000000000e+02 1.199520341665084366e+00
3.420000000000000000e+02 1.279601218473269242e+00
3.430000000000000000e+02 1.337467489904370366e+00
3.440000000000000000e+02 1.354550503590981281e+00
3.450000000000000000e+02 1.496083816354067064e+00
3.460000000000000000e+02 1.642088458398125894e+00
3.470000000000000000e+02 1.751413967402301486e+00
3.480000000000000000e+02 1.984923093272053185e+00
3.490000000000000000e+02 2.112469535639669882e+00
3.500000000000000000e+02 2.121303792588182358e+00
3.510000000000000000e+02 2.158545171008488417e+00
3.520000000000000000e+02 2.626799667135737426e+00
3.530000000000000000e+02 2.847749296395962304e+00
3.540000000000000000e+02 2.696066867336750938e+00
3.550000000000000000e+02 2.545666289137312077e+00
3.560000000000000000e+02 2.017727563530654411e+00
3.570000000000000000e+02 1.722615313365581491e+00
3.580000000000000000e+02 1.503108254455838289e+00
3.590000000000000000e+02 1.395102668985099159e+00
3.600000000000000000e+02 1.249354053856243540e+00
3.610000000000000000e+02 1.275190827403336113e+00
3.620000000000000000e+02 1.295807304927099057e+00
3.630000000000000000e+02 1.433802366574762788e+00
3.640000000000000000e+02 1.545654815454160280e+00
3.650000000000000000e+02 1.539166949465708756e+00
3.660000000000000000e+02 1.765181449294628724e+00
3.670000000000000000e+02 2.059804845300487575e+00
3.680000000000000000e+02 2.102418064556642818e+00
3.690000000000000000e+02 1.764508036408352520e+00
3.700000000000000000e+02 1.701389031664438445e+00
3.710000000000000000e+02 1.524204467864323620e+00
3.720000000000000000e+02 1.453777512313702891e+00
3.730000000000000000e+02 1.398295908747102301e+00
3.740000000000000000e+02 1.352617072389471931e+00
3.750000000000000000e+02 1.470052273481698757e+00
3.760000000000000000e+02 1.490593059194607273e+00
3.770000000000000000e+02 1.748306854311763470e+00
3.780000000000000000e+02 2.026408026005741103e+00
3.790000000000000000e+02 2.398360765788504434e+00
3.800000000000000000e+02 3.073388841694005169e+00
3.810000000000000000e+02 3.312823961401232253e+00
3.820000000000000000e+02 2.835750727124167092e+00
3.830000000000000000e+02 2.117325457022542601e+00
3.840000000000000000e+02 1.770003176898111041e+00
3.850000000000000000e+02 1.703373519674190151e+00
3.860000000000000000e+02 1.671428256018883118e+00
3.870000000000000000e+02 1.526777566448681345e+00
3.880000000000000000e+02 1.721308048275343339e+00
3.890000000000000000e+02 1.696362433368933109e+00
3.900000000000000000e+02 1.596955428423772139e+00
3.910000000000000000e+02 1.651550656049028953e+00
3.920000000000000000e+02 1.708142080226602966e+00
3.930000000000000000e+02 1.808072661727634811e+00
3.940000000000000000e+02 2.219327643898852287e+00
3.950000000000000000e+02 2.213757437732221778e+00
3.960000000000000000e+02 2.323007677609703947e+00
3.970000000000000000e+02 2.202108389394389576e+00
3.980000000000000000e+02 2.688614290560741971e+00
3.990000000000000000e+02 2.444085998967948647e+00
4.000000000000000000e+02 2.179628323248798960e+00
4.010000000000000000e+02 1.912304900194552904e+00
4.020000000000000000e+02 1.857879279641889925e+00
4.030000000000000000e+02 1.655537587916788844e+00
4.040000000000000000e+02 1.613383385941125514e+00
4.050000000000000000e+02 1.524309244436599986e+00
4.060000000000000000e+02 1.530377599821856727e+00
4.070000000000000000e+02 1.668371972752304533e+00
4.080000000000000000e+02 1.692734213582456126e+00
4.090000000000000000e+02 1.841597594091120449e+00
4.100000000000000000e+02 1.934029892532325379e+00
4.110000000000000000e+02 2.839621461647559908e+00
4.120000000000000000e+02 2.652907086169933759e+00
4.130000000000000000e+02 3.038678427883614752e+00
4.140000000000000000e+02 3.400519288008521102e+00
4.150000000000000000e+02 3.708495162595590422e+00
4.160000000000000000e+02 3.504655895830909973e+00
4.170000000000000000e+02 3.394505269330204911e+00
4.180000000000000000e+02 3.380849244366351147e+00
4.190000000000000000e+02 2.524277784250689383e+00
4.200000000000000000e+02 2.274335869623116402e+00
4.210000000000000000e+02 2.255143332352763430e+00
4.220000000000000000e+02 1.958446455228118666e+00
4.230000000000000000e+02 1.976379249040305819e+00
4.240000000000000000e+02 1.779697311989753228e+00
4.250000000000000000e+02 1.845765551474292998e+00
4.260000000000000000e+02 1.824789884329724998e+00
4.270000000000000000e+02 1.935136080793103286e+00
4.280000000000000000e+02 1.983259984455516323e+00
4.290000000000000000e+02 2.148649315867041221e+00
4.300000000000000000e+02 2.240026784299616658e+00
4.310000000000000000e+02 2.192867662637021819e+00
4.320000000000000000e+02 2.124686918091646781e+00
4.330000000000000000e+02 2.101882025854819425e+00
4.340000000000000000e+02 2.213218347562489807e+00
4.350000000000000000e+02 2.115558439041432592e+00
4.360000000000000000e+02 2.289853549587436365e+00
4.370000000000000000e+02 2.317627450914735654e+00
4.380000000000000000e+02 2.487148688035707433e+00
4.390000000000000000e+02 2.617367255330228293e+00
4.400000000000000000e+02 2.499583877703678958e+00
4.410000000000000000e+02 2.590884815407100472e+00
4.420000000000000000e+02 2.518403265992571249e+00
4.430000000000000000e+02 2.542611138924761427e+00
4.440000000000000000e+02 2.515582953932527843e+00
4.450000000000000000e+02 2.478672946801879551e+00
4.460000000000000000e+02 2.423480209094285964e+00
4.470000000000000000e+02 2.407339362574095976e+00
4.480000000000000000e+02 2.515096476947084270e+00
4.490000000000000000e+02 2.577373545811546762e+00
4.500000000000000000e+02 2.783677071557611349e+00
4.510000000000000000e+02 2.828308162299418171e+00
4.520000000000000000e+02 2.661916755950170632e+00
4.530000000000000000e+02 2.725256467500104751e+00
4.540000000000000000e+02 2.886592334091764744e+00
4.550000000000000000e+02 3.191004328373788557e+00
4.560000000000000000e+02 3.996120518938725219e+00
4.570000000000000000e+02 5.001432281700358473e+00
4.580000000000000000e+02 4.827881504802550516e+00
4.590000000000000000e+02 4.209673270133763801e+00
4.600000000000000000e+02 4.527096794096678423e+00
4.610000000000000000e+02 4.046543367738591357e+00
4.620000000000000000e+02 4.405057836955522887e+00
4.630000000000000000e+02 3.988688276545825140e+00
4.640000000000000000e+02 4.066797537205232516e+00
4.650000000000000000e+02 4.346602459759548509e+00
4.660000000000000000e+02 4.324850785099736861e+00
4.670000000000000000e+02 4.638165118452757696e+00
4.680000000000000000e+02 4.356075413675327468e+00
4.690000000000000000e+02 4.305777554851038857e+00
4.700000000000000000e+02 3.849156362837143686e+00
4.710000000000000000e+02 3.690127256696747349e+00
4.720000000000000000e+02 3.292556638059532137e+00
4.730000000000000000e+02 3.018204519344089398e+00
4.740000000000000000e+02 2.950419398654214653e+00
4.750000000000000000e+02 2.743243485807500104e+00
4.760000000000000000e+02 2.771600807387497589e+00
4.770000000000000000e+02 2.670108583166786342e+00
4.780000000000000000e+02 2.714736318595850406e+00
4.790000000000000000e+02 2.721745818567959496e+00
4.800000000000000000e+02 2.782108166750929534e+00
4.810000000000000000e+02 2.733239974413125051e+00
4.820000000000000000e+02 2.779277901460313505e+00
4.830000000000000000e+02 2.921044526593380652e+00
4.840000000000000000e+02 3.127079654476605519e+00
4.850000000000000000e+02 3.396457818200540046e+00
4.860000000000000000e+02 3.414907813887860577e+00
4.870000000000000000e+02 3.282833563381304387e+00
4.880000000000000000e+02 3.439007164472289269e+00
4.890000000000000000e+02 3.545698313145964065e+00
4.900000000000000000e+02 3.424339189699757924e+00
4.910000000000000000e+02 3.147583129738539043e+00
4.920000000000000000e+02 3.131654009782344872e+00
4.930000000000000000e+02 2.891760349364997040e+00
4.940000000000000000e+02 2.896244251136513181e+00
4.950000000000000000e+02 2.747680999487116527e+00
4.960000000000000000e+02 2.714320382697116951e+00
4.970000000000000000e+02 2.640134299999580492e+00
4.980000000000000000e+02 2.610061646658900170e+00
4.990000000000000000e+02 2.607790546862152059e+00
5.000000000000000000e+02 2.522701495631043844e+00
5.010000000000000000e+02 2.463877351061149579e+00
5.020000000000000000e+02 2.452152170189143110e+00
5.030000000000000000e+02 2.700180241171077355e+00
5.040000000000000000e+02 2.696506337019896726e+00
5.050000000000000000e+02 2.910406408394867750e+00
5.060000000000000000e+02 2.957508854138185761e+00
5.070000000000000000e+02 2.726862224473775242e+00
5.080000000000000000e+02 2.953878764943295376e+00
5.090000000000000000e+02 2.834470177839043981e+00
5.100000000000000000e+02 2.854570841952862814e+00
5.110000000000000000e+02 2.885524677836378338e+00
5.120000000000000000e+02 3.044925260916014675e+00
5.130000000000000000e+02 3.129569125053798917e+00
5.140000000000000000e+02 3.314405611878607161e+00
5.150000000000000000e+02 3.587277679289498256e+00
5.160000000000000000e+02 3.614102261265573102e+00
5.170000000000000000e+02 3.470295607681934236e+00
5.180000000000000000e+02 3.248661599976307990e+00
5.190000000000000000e+02 2.951401735682561700e+00
5.200000000000000000e+02 2.935372948852918995e+00
5.210000000000000000e+02 3.035298721495754304e+00
5.220000000000000000e+02 3.034379655624881433e+00
5.230000000000000000e+02 3.122874352312163371e+00
5.240000000000000000e+02 3.208374971182364810e+00
5.250000000000000000e+02 3.149704750527564379e+00
5.260000000000000000e+02 3.261549504097254193e+00
5.270000000000000000e+02 3.112193774833440951e+00
5.280000000000000000e+02 3.285128799164635183e+00
5.290000000000000000e+02 3.171226171083717293e+00
5.300000000000000000e+02 3.297538556862112280e+00
5.310000000000000000e+02 4.170987806427711497e+00
5.320000000000000000e+02 3.466728942813807279e+00
5.330000000000000000e+02 3.126816492757789945e+00
5.340000000000000000e+02 3.130982047354134767e+00
5.350000000000000000e+02 2.998679284341477569e+00
5.360000000000000000e+02 3.051891859665763818e+00
5.370000000000000000e+02 3.041539590807551097e+00
5.380000000000000000e+02 3.061162933846116374e+00
5.390000000000000000e+02 3.140471174013341304e+00
5.400000000000000000e+02 3.008376880734813685e+00
5.410000000000000000e+02 3.047731393857624482e+00
5.420000000000000000e+02 3.020711621864612173e+00
5.430000000000000000e+02 3.274814106180187867e+00
5.440000000000000000e+02 3.519578416865245529e+00
5.450000000000000000e+02 4.110787715934510977e+00
5.460000000000000000e+02 4.350992551728486646e+00
5.470000000000000000e+02 3.834841169949283479e+00
5.480000000000000000e+02 3.181356685455178912e+00
5.490000000000000000e+02 3.080372591536749916e+00
5.500000000000000000e+02 2.903666337713354029e+00
5.510000000000000000e+02 2.693511132181929835e+00
5.520000000000000000e+02 2.568563573678523060e+00
5.530000000000000000e+02 2.414347951056377006e+00
5.540000000000000000e+02 2.350737848727655788e+00
5.550000000000000000e+02 2.397972298729127427e+00
5.560000000000000000e+02 2.292150887972768558e+00
5.570000000000000000e+02 2.355110389874880195e+00
5.580000000000000000e+02 2.311898276865495649e+00
5.590000000000000000e+02 2.368795495894514325e+00
5.600000000000000000e+02 2.372700794373631794e+00
5.610000000000000000e+02 2.503105857809438284e+00
5.620000000000000000e+02 2.636710206602746798e+00
5.630000000000000000e+02 2.777815115427113124e+00
5.640000000000000000e+02 3.054229323323785827e+00
5.650000000000000000e+02 3.628847051014501890e+00
5.660000000000000000e+02 4.216968612961104590e+00
5.670000000000000000e+02 5.330520356201596144e+00
5.680000000000000000e+02 6.330028080646929567e+00
5.690000000000000000e+02 6.711569561469913126e+00
5.700000000000000000e+02 6.919963908052510604e+00
5.710000000000000000e+02 6.145596480579726517e+00
5.720000000000000000e+02 5.038372530818022277e+00
5.730000000000000000e+02 4.142273374611231240e+00
5.740000000000000000e+02 3.233062794783172489e+00
5.750000000000000000e+02 2.822710549543895553e+00
5.760000000000000000e+02 2.616289657225078003e+00
5.770000000000000000e+02 2.399473654470660300e+00
5.780000000000000000e+02 2.369345506699676918e+00
5.790000000000000000e+02 2.259903447765845730e+00
5.800000000000000000e+02 2.203938642170424345e+00
5.810000000000000000e+02 2.345633299829514851e+00
5.820000000000000000e+02 2.332203774138872809e+00
5.830000000000000000e+02 2.243228426416503662e+00
5.840000000000000000e+02 2.196241318172472923e+00
5.850000000000000000e+02 2.131123320921546327e+00
5.860000000000000000e+02 2.139905714828167937e+00
5.870000000000000000e+02 2.117578868578088080e+00
5.880000000000000000e+02 2.194426599509854636e+00
5.890000000000000000e+02 2.267218238019961252e+00
5.900000000000000000e+02 2.454707556578291427e+00
5.910000000000000000e+02 2.576849599743846753e+00
5.920000000000000000e+02 2.751962889043217064e+00
5.930000000000000000e+02 2.766871859111375453e+00
5.940000000000000000e+02 3.575209300567059767e+00
5.950000000000000000e+02 4.053302524309766675e+00
5.960000000000000000e+02 4.221213851744522572e+00
5.970000000000000000e+02 4.233493988867133240e+00
5.980000000000000000e+02 4.802444618832845791e+00
5.990000000000000000e+02 4.433572372883768153e+00
6.000000000000000000e+02 4.034516624715817734e+00
6.010000000000000000e+02 3.259732139986325272e+00
6.020000000000000000e+02 2.929205788891543705e+00
6.030000000000000000e+02 2.825420110487339542e+00
6.040000000000000000e+02 2.655034796196789060e+00
6.050000000000000000e+02 2.792094774761884501e+00
6.060000000000000000e+02 2.576925038773798970e+00
6.070000000000000000e+02 2.707176113485015634e+00
6.080000000000000000e+02 2.575828031119412831e+00
6.090000000000000000e+02 2.720054544700473365e+00
6.100000000000000000e+02 2.753015835423312296e+00
6.110000000000000000e+02 3.088784980153343351e+00
6.120000000000000000e+02 3.181564944393959316e+00
6.130000000000000000e+02 3.516165963239882508e+00
6.140000000000000000e+02 3.578536575994485602e+00
6.150000000000000000e+02 3.810212072518080806e+00
6.160000000000000000e+02 3.801711986974376511e+00
6.170000000000000000e+02 3.677680184093250926e+00
6.180000000000000000e+02 3.835864733869374099e+00
6.190000000000000000e+02 3.850998904484804530e+00
6.200000000000000000e+02 3.765884516212019584e+00
6.210000000000000000e+02 2.846545928236155376e+00
6.220000000000000000e+02 2.727045307931182716e+00
6.230000000000000000e+02 2.698484733189261853e+00
6.240000000000000000e+02 2.560581268155647905e+00
6.250000000000000000e+02 2.568779009690794535e+00
6.260000000000000000e+02 2.425752977232782825e+00
6.270000000000000000e+02 2.518210412880858673e+00
6.280000000000000000e+02 2.512921694515926507e+00
6.290000000000000000e+02 2.376808474507018598e+00
6.300000000000000000e+02 2.473173965923852968e+00
6.310000000000000000e+02 2.378878167212697292e+00
6.320000000000000000e+02 2.536552689485031209e+00
6.330000000000000000e+02 2.579566527597092040e+00
6.340000000000000000e+02 2.953981304458149104e+00
6.350000000000000000e+02 2.908176851769361360e+00
6.360000000000000000e+02 2.794955575202773268e+00
6.370000000000000000e+02 2.527969955903901056e+00
6.380000000000000000e+02 2.301632911232447398e+00
6.390000000000000000e+02 2.192640825564557083e+00
6.400000000000000000e+02 2.010869514463123675e+00
6.410000000000000000e+02 1.986615589686688832e+00
6.420000000000000000e+02 1.900989086649893745e+00
6.430000000000000000e+02 1.999387957050348774e+00
6.440000000000000000e+02 2.074468350121716487e+00
6.450000000000000000e+02 2.202837392094703084e+00
6.460000000000000000e+02 2.350692338466066289e+00
6.470000000000000000e+02 2.488420580111670333e+00
6.480000000000000000e+02 2.638954524259343071e+00
6.490000000000000000e+02 2.681182106184881508e+00
6.500000000000000000e+02 2.698507780757523733e+00
6.510000000000000000e+02 2.475318355918897151e+00
6.520000000000000000e+02 2.278043401823948155e+00
6.530000000000000000e+02 2.057079844195371265e+00
6.540000000000000000e+02 2.011634666787672998e+00
6.550000000000000000e+02 1.854719574047386965e+00
6.560000000000000000e+02 1.823370384302364533e+00
6.570000000000000000e+02 1.996125222694629775e+00
6.580000000000000000e+02 1.935172168970626272e+00
6.590000000000000000e+02 2.418913720697026370e+00
6.600000000000000000e+02 2.616777067338272200e+00
6.610000000000000000e+02 2.668314136321663810e+00
6.620000000000000000e+02 2.710826545458255854e+00
6.630000000000000000e+02 2.306954356154091279e+00
6.640000000000000000e+02 2.029119525605628915e+00
6.650000000000000000e+02 1.788995563183553683e+00
6.660000000000000000e+02 1.699880599244694146e+00
6.670000000000000000e+02 1.591528567074482536e+00
6.680000000000000000e+02 1.663417754397844783e+00
6.690000000000000000e+02 1.766470148650234329e+00
6.700000000000000000e+02 1.950706465949578083e+00
6.710000000000000000e+02 2.237613567488617949e+00
6.720000000000000000e+02 2.734576738025028764e+00
6.730000000000000000e+02 3.440884089400713108e+00
6.740000000000000000e+02 4.055128055618139271e+00
6.750000000000000000e+02 3.750377288265091646e+00
6.760000000000000000e+02 3.036527834285218219e+00
6.770000000000000000e+02 2.499366360446865887e+00
6.780000000000000000e+02 2.200308053972488409e+00
6.790000000000000000e+02 1.960552281211600301e+00
6.800000000000000000e+02 1.845007180643055911e+00
6.810000000000000000e+02 1.744399988887900932e+00
6.820000000000000000e+02 1.710746673096685599e+00
6.830000000000000000e+02 1.847282816572114461e+00
6.840000000000000000e+02 1.893068540645949316e+00
6.850000000000000000e+02 2.014820210412020085e+00
6.860000000000000000e+02 2.189085522047178323e+00
6.870000000000000000e+02 2.166403640809118070e+00
6.880000000000000000e+02 2.467250877375200435e+00
6.890000000000000000e+02 2.793984367826579440e+00
6.900000000000000000e+02 3.028444786526991006e+00
6.910000000000000000e+02 2.845362490463384741e+00
6.920000000000000000e+02 2.629533947664103977e+00
6.930000000000000000e+02 2.325667459718265384e+00
6.940000000000000000e+02 2.327120110766780492e+00
6.950000000000000000e+02 2.122119098921861458e+00
6.960000000000000000e+02 2.167644299630845595e+00
6.970000000000000000e+02 2.061623855241591752e+00
6.980000000000000000e+02 2.120238644858698507e+00
6.990000000000000000e+02 2.252872409594595560e+00
7.000000000000000000e+02 2.412520125228842183e+00
7.010000000000000000e+02 2.694403071870694166e+00
7.020000000000000000e+02 2.907013601364079047e+00
7.030000000000000000e+02 3.193062666980857944e+00
7.040000000000000000e+02 3.990693513394570235e+00
7.050000000000000000e+02 4.068360856864238428e+00
7.060000000000000000e+02 3.509908842202833501e+00
7.070000000000000000e+02 4.133428872228450679e+00
7.080000000000000000e+02 4.271319076756398658e+00
7.090000000000000000e+02 4.839030275780656254e+00
7.100000000000000000e+02 3.866305922028105080e+00
7.110000000000000000e+02 3.282861917398993246e+00
7.120000000000000000e+02 2.961835764937481130e+00
7.130000000000000000e+02 2.694141156054978392e+00
7.140000000000000000e+02 2.629285125654621247e+00
7.150000000000000000e+02 2.477149891336015042e+00
7.160000000000000000e+02 2.399871422914498176e+00
7.170000000000000000e+02 2.228522551852220701e+00
7.180000000000000000e+02 2.191289230462214022e+00
7.190000000000000000e+02 2.173750524206720325e+00
7.200000000000000000e+02 2.295060414246187452e+00
7.210000000000000000e+02 2.480908916002882769e+00
7.220000000000000000e+02 2.727999122216605787e+00
7.230000000000000000e+02 2.821976274436660770e+00
7.240000000000000000e+02 2.770980574147759778e+00
7.250000000000000000e+02 2.505208761678740625e+00
7.260000000000000000e+02 2.496558648900185418e+00
7.270000000000000000e+02 2.605543896404038051e+00
7.280000000000000000e+02 2.889957265335887815e+00
7.290000000000000000e+02 2.840174035697689447e+00
7.300000000000000000e+02 2.901967563626248747e+00
7.310000000000000000e+02 3.002826851867475444e+00
7.320000000000000000e+02 3.100265622937878884e+00
7.330000000000000000e+02 3.213401774772370878e+00
7.340000000000000000e+02 3.409823021791015929e+00
7.350000000000000000e+02 3.740815143407127508e+00
7.360000000000000000e+02 3.823186788599008512e+00
7.370000000000000000e+02 4.038999238467953390e+00
7.380000000000000000e+02 4.024088733734876300e+00
7.390000000000000000e+02 3.875454684637332115e+00
7.400000000000000000e+02 3.837594476691179146e+00
7.410000000000000000e+02 3.845474033322045848e+00
7.420000000000000000e+02 3.674525116821243387e+00
7.430000000000000000e+02 3.603370398982495892e+00
7.440000000000000000e+02 3.471732079123784676e+00
7.450000000000000000e+02 3.499060854801141041e+00
7.460000000000000000e+02 3.419415301156066178e+00
7.470000000000000000e+02 3.587826368242825748e+00
7.480000000000000000e+02 4.430136864208799707e+00
7.490000000000000000e+02 3.957524319522829792e+00
7.500000000000000000e+02 3.571823831354630663e+00
7.510000000000000000e+02 3.704554487660282724e+00
7.520000000000000000e+02 3.713331082776437420e+00
7.530000000000000000e+02 3.733053657146506499e+00
7.540000000000000000e+02 3.875631591650916974e+00
7.550000000000000000e+02 4.014349679287333217e+00
7.560000000000000000e+02 4.191966717197806780e+00
7.570000000000000000e+02 4.316890706094575592e+00
7.580000000000000000e+02 4.580734475870880118e+00
7.590000000000000000e+02 5.145320804012389004e+00
7.600000000000000000e+02 5.183559022438206654e+00
7.610000000000000000e+02 5.778205033055555440e+00
7.620000000000000000e+02 5.943442278337636608e+00
7.630000000000000000e+02 6.010230355469727392e+00
7.640000000000000000e+02 6.295721508537054589e+00
7.650000000000000000e+02 5.874332318455638635e+00
7.660000000000000000e+02 5.277966664456624102e+00
7.670000000000000000e+02 5.357240505487457227e+00
7.680000000000000000e+02 4.696682901794074994e+00
7.690000000000000000e+02 4.256734994316736298e+00
7.700000000000000000e+02 4.261998366438207064e+00
7.710000000000000000e+02 4.632125642160287882e+00
7.720000000000000000e+02 4.421458956436292276e+00
7.730000000000000000e+02 4.078861044552660964e+00
7.740000000000000000e+02 3.871620037005933490e+00
7.750000000000000000e+02 3.760377823672190534e+00
7.760000000000000000e+02 3.619823354552151873e+00
7.770000000000000000e+02 3.546689052393998232e+00
7.780000000000000000e+02 3.407044255492553742e+00
7.790000000000000000e+02 3.402594565344177369e+00
7.800000000000000000e+02 3.377766965347475114e+00
7.810000000000000000e+02 3.483997788272258589e+00
7.820000000000000000e+02 3.526632193719121844e+00
7.830000000000000000e+02 3.520856364134852257e+00
7.840000000000000000e+02 3.800132551050940055e+00
7.850000000000000000e+02 3.730291867828074537e+00
7.860000000000000000e+02 3.755236029427634126e+00
7.870000000000000000e+02 3.514758998805413537e+00
7.880000000000000000e+02 3.705466315783041420e+00
7.890000000000000000e+02 3.758830636592815910e+00
7.900000000000000000e+02 3.777107307236234224e+00
7.910000000000000000e+02 3.848629943097622519e+00
7.920000000000000000e+02 3.797290373766204041e+00
7.930000000000000000e+02 3.664102955849768861e+00
7.940000000000000000e+02 3.622749839418817785e+00
7.950000000000000000e+02 3.555614310852446724e+00
7.960000000000000000e+02 3.515503494211120294e+00
7.970000000000000000e+02 3.510843166888551803e+00
7.980000000000000000e+02 3.590541392321168868e+00
7.990000000000000000e+02 3.608724263826201817e+00
8.000000000000000000e+02 3.733388136799884904e+00
8.010000000000000000e+02 3.816667804512813511e+00
8.020000000000000000e+02 4.037279557558212773e+00
8.030000000000000000e+02 4.277760870149660555e+00
8.040000000000000000e+02 4.525669189428811023e+00
8.050000000000000000e+02 4.507675788337218492e+00
8.060000000000000000e+02 4.353881947330802582e+00
8.070000000000000000e+02 4.105166561532535674e+00
8.080000000000000000e+02 3.907231776780366150e+00
8.090000000000000000e+02 3.731439191568938885e+00
8.100000000000000000e+02 3.823073253088395962e+00
8.110000000000000000e+02 3.759890631120931026e+00
8.120000000000000000e+02 3.882830821515882658e+00
8.130000000000000000e+02 3.834815370276615010e+00
8.140000000000000000e+02 3.729912328756548767e+00
8.150000000000000000e+02 3.794635135628494638e+00
8.160000000000000000e+02 3.782272388603309388e+00
8.170000000000000000e+02 3.848726655896934190e+00
8.180000000000000000e+02 3.854931433325113233e+00
8.190000000000000000e+02 3.861173865434815777e+00
8.200000000000000000e+02 3.765198891693812833e+00
8.210000000000000000e+02 3.878891048780472861e+00
8.220000000000000000e+02 3.778086571698588969e+00
8.230000000000000000e+02 3.869997873737908378e+00
8.240000000000000000e+02 3.878612008387213539e+00
8.250000000000000000e+02 4.130033344850860821e+00
8.260000000000000000e+02 4.095540049015314210e+00
8.270000000000000000e+02 4.189472929587989114e+00
8.280000000000000000e+02 4.067166920912203665e+00
8.290000000000000000e+02 4.111792026061610983e+00
8.300000000000000000e+02 4.276294895074198799e+00
8.310000000000000000e+02 4.423142550485693825e+00
8.320000000000000000e+02 4.516873965833958060e+00
8.330000000000000000e+02 4.492917926350012081e+00
8.340000000000000000e+02 4.833226766189220314e+00
8.350000000000000000e+02 5.072343608828576933e+00
8.360000000000000000e+02 5.914248576180682448e+00
8.370000000000000000e+02 6.912328290536590814e+00
8.380000000000000000e+02 8.428035168581661907e+00
8.390000000000000000e+02 9.534647173325600633e+00
8.400000000000000000e+02 8.971913167907111131e+00
8.410000000000000000e+02 9.916342282188635338e+00
8.420000000000000000e+02 1.101317791544253666e+01
8.430000000000000000e+02 1.170942761217443540e+01
8.440000000000000000e+02 1.165932517347118669e+01
8.450000000000000000e+02 1.211243427780143200e+01
8.460000000000000000e+02 1.191328093710627201e+01
8.470000000000000000e+02 1.178865787613719007e+01
8.480000000000000000e+02 1.187880213851763855e+01
8.490000000000000000e+02 1.215836897152727403e+01
8.500000000000000000e+02 1.188778664468086177e+01
8.510000000000000000e+02 1.151602019993094039e+01
8.520000000000000000e+02 1.118346250197350855e+01
8.530000000000000000e+02 1.061825594103459913e+01
8.540000000000000000e+02 1.056841141625980818e+01
8.550000000000000000e+02 9.379686552203029493e+00
8.560000000000000000e+02 8.517218669353255223e+00
8.570000000000000000e+02 7.941902115685633312e+00
8.580000000000000000e+02 7.907781344005034185e+00
8.590000000000000000e+02 7.049445008473958829e+00
8.600000000000000000e+02 6.088267510932947602e+00
8.610000000000000000e+02 6.092112064994132936e+00
8.620000000000000000e+02 5.518234590330789224e+00
8.630000000000000000e+02 5.344917094099482568e+00
8.640000000000000000e+02 5.240866743932192762e+00
8.650000000000000000e+02 4.799187439742259365e+00
8.660000000000000000e+02 5.164484721425715463e+00
8.670000000000000000e+02 4.915047445112737279e+00
8.680000000000000000e+02 4.829174771800907706e+00
8.690000000000000000e+02 4.271455960794145135e+00
8.700000000000000000e+02 4.223292360611123009e+00
8.710000000000000000e+02 4.065349028866237724e+00
8.720000000000000000e+02 4.031487498889156029e+00
8.730000000000000000e+02 4.080812357149160796e+00
8.740000000000000000e+02 3.912264284732380304e+00
8.750000000000000000e+02 4.246731485717783805e+00
8.760000000000000000e+02 4.649291780537329721e+00
8.770000000000000000e+02 4.619803886155708028e+00
8.780000000000000000e+02 4.419942996337784535e+00
8.790000000000000000e+02 3.917558030944055414e+00
8.800000000000000000e+02 3.831865095581164837e+00
8.810000000000000000e+02 3.740219847056029057e+00
8.820000000000000000e+02 3.646796971958561784e+00
8.830000000000000000e+02 3.645220335598324812e+00
8.840000000000000000e+02 3.641213001659991733e+00
8.850000000000000000e+02 3.725985065628612425e+00
8.860000000000000000e+02 3.691232085318315370e+00
8.870000000000000000e+02 3.797376388089292121e+00
8.880000000000000000e+02 3.718288068833278004e+00
8.890000000000000000e+02 3.614139311587670989e+00
8.900000000000000000e+02 3.500488898606479715e+00
8.910000000000000000e+02 3.432045791604170670e+00
8.920000000000000000e+02 3.876698831933527600e+00
8.930000000000000000e+02 3.771068312210661855e+00
8.940000000000000000e+02 3.762518803668099210e+00
8.950000000000000000e+02 3.672198157293512288e+00
8.960000000000000000e+02 3.547169259401783403e+00
8.970000000000000000e+02 3.522315447483955975e+00
8.980000000000000000e+02 3.561682886729315545e+00
8.990000000000000000e+02 3.562193885911047353e+00
9.000000000000000000e+02 3.669345628627797673e+00
9.010000000000000000e+02 3.675182229487606200e+00
9.020000000000000000e+02 3.787756944179879071e+00
9.030000000000000000e+02 3.806502138469475494e+00
9.040000000000000000e+02 4.021010308793557364e+00
9.050000000000000000e+02 4.134056752610106855e+00
9.060000000000000000e+02 4.358679842734957788e+00
9.070000000000000000e+02 4.269974218987915293e+00
9.080000000000000000e+02 4.227672712994415605e+00
9.090000000000000000e+02 4.493137415174626170e+00
9.100000000000000000e+02 4.851931945668556345e+00
9.110000000000000000e+02 5.632881011338510824e+00
9.120000000000000000e+02 5.690924774260430752e+00
9.130000000000000000e+02 5.564376463246981430e+00
9.140000000000000000e+02 5.066123029709578951e+00
9.150000000000000000e+02 4.864841605161618787e+00
9.160000000000000000e+02 4.472899779567561573e+00
9.170000000000000000e+02 4.120119818348582541e+00
9.180000000000000000e+02 3.992271388249347908e+00
9.190000000000000000e+02 3.831471788198699269e+00
9.200000000000000000e+02 3.726977984343477601e+00
9.210000000000000000e+02 3.673094800363220447e+00
9.220000000000000000e+02 3.582767443451763789e+00
9.230000000000000000e+02 3.575210137721180015e+00
9.240000000000000000e+02 3.482303243781250668e+00
9.250000000000000000e+02 3.557768374857250837e+00
9.260000000000000000e+02 3.620123438969105933e+00
9.270000000000000000e+02 3.702483622663245377e+00
9.280000000000000000e+02 3.713701327042178146e+00
9.290000000000000000e+02 3.752978342465187911e+00
9.300000000000000000e+02 3.946132042461839351e+00
9.310000000000000000e+02 3.980614972810506025e+00
9.320000000000000000e+02 4.066517020121577453e+00
9.330000000000000000e+02 4.119191084752069187e+00
9.340000000000000000e+02 4.338676625842136758e+00
9.350000000000000000e+02 4.506495503765606259e+00
9.360000000000000000e+02 4.405797470357855516e+00
9.370000000000000000e+02 4.275654176012203322e+00
9.380000000000000000e+02 4.120253952220421567e+00
9.390000000000000000e+02 4.317158386804879733e+00
9.400000000000000000e+02 4.207548421564020202e+00
9.410000000000000000e+02 3.792151246580428570e+00
9.420000000000000000e+02 3.736585141277865674e+00
9.430000000000000000e+02 3.649633407341248414e+00
9.440000000000000000e+02 3.584979011709799046e+00
9.450000000000000000e+02 3.537245028477058906e+00
9.460000000000000000e+02 3.555261486694366369e+00
9.470000000000000000e+02 3.466716266275312375e+00
9.480000000000000000e+02 3.543520176868266258e+00
9.490000000000000000e+02 3.572041566571756643e+00
9.500000000000000000e+02 3.707209997030631587e+00
9.510000000000000000e+02 3.824111987075292873e+00
9.520000000000000000e+02 3.963909133573635390e+00
9.530000000000000000e+02 4.115147376742769758e+00
9.540000000000000000e+02 4.094872294514337874e+00
9.550000000000000000e+02 4.041601341449863050e+00
9.560000000000000000e+02 3.953439750290635324e+00
9.570000000000000000e+02 3.712498023215545118e+00
9.580000000000000000e+02 3.348490515568327996e+00
9.590000000000000000e+02 3.022079222937500198e+00
9.600000000000000000e+02 2.968727988620595060e+00
9.610000000000000000e+02 3.093504220856065245e+00
9.620000000000000000e+02 2.959191725814035223e+00
9.630000000000000000e+02 3.352558201975005314e+00
9.640000000000000000e+02 3.070255656314746950e+00
9.650000000000000000e+02 2.519922082994429324e+00
9.660000000000000000e+02 2.925403850916133752e+00
9.670000000000000000e+02 3.354759132638859054e+00
9.680000000000000000e+02 2.957658227664555106e+00
9.690000000000000000e+02 2.759236643084781004e+00
9.700000000000000000e+02 3.439472195167953217e+00
9.710000000000000000e+02 3.718945358042897720e+00
9.720000000000000000e+02 3.281112702163888617e+00
9.730000000000000000e+02 3.454942777464858672e+00
9.740000000000000000e+02 4.155535871539167481e+00
9.750000000000000000e+02 4.189402557544498862e+00
9.760000000000000000e+02 3.921208658115774792e+00
9.770000000000000000e+02 4.504693952450877781e+00
9.780000000000000000e+02 5.033426017740719516e+00
9.790000000000000000e+02 4.800421973664387387e+00
9.800000000000000000e+02 4.852089507627399101e+00
9.810000000000000000e+02 5.598839796107733413e+00
9.820000000000000000e+02 5.927968757849300552e+00
9.830000000000000000e+02 5.639584088175469745e+00
9.840000000000000000e+02 5.950332971145917860e+00
9.850000000000000000e+02 6.723101390139974320e+00
9.860000000000000000e+02 6.783767115193469088e+00
9.870000000000000000e+02 6.528991737928867778e+00
9.880000000000000000e+02 7.024185262888417824e+00
9.890000000000000000e+02 7.681933202319202181e+00
9.900000000000000000e+02 7.749527314870595873e+00
9.910000000000000000e+02 7.759988526151503585e+00
9.920000000000000000e+02 8.396642058254023766e+00
9.930000000000000000e+02 8.690690694530021077e+00
9.940000000000000000e+02 9.374778295465597822e+00
9.950000000000000000e+02 9.856763223949386088e+00
9.960000000000000000e+02 1.023652098766494056e+01
9.970000000000000000e+02 1.101165241472111589e+01
9.980000000000000000e+02 1.144031444358409821e+01
9.990000000000000000e+02 1.160217005814766189e+01
1.000000000000000000e+03 1.161876384037500642e+01
1.001000000000000000e+03 1.244623945957705935e+01
1.002000000000000000e+03 1.235650711531160972e+01
1.003000000000000000e+03 1.177095088619081764e+01
1.004000000000000000e+03 1.156352471473847388e+01
1.005000000000000000e+03 1.164003724871217926e+01
1.006000000000000000e+03 1.098463242638765891e+01
1.007000000000000000e+03 1.130759676448973394e+01
1.008000000000000000e+03 1.198480863212741632e+01
1.009000000000000000e+03 1.326075861909940556e+01
1.010000000000000000e+03 1.416028920928030210e+01
1.011000000000000000e+03 1.567523033709557900e+01
1.012000000000000000e+03 1.705231774276186840e+01
1.013000000000000000e+03 1.867452578829404430e+01
1.014000000000000000e+03 1.977491202106219248e+01
1.015000000000000000e+03 2.124944017310451017e+01
1.016000000000000000e+03 2.261195922923508661e+01
1.017000000000000000e+03 2.428483848126310818e+01
1.018000000000000000e+03 2.564753473538923245e+01
1.000000000000000000e+00 4.676361677914259829e+00
2.000000000000000000e+00 3.322874036024709543e+00
3.000000000000000000e+00 2.798772333455879391e+00
4.000000000000000000e+00 2.502892496196277961e+00
5.000000000000000000e+00 2.391658869262307974e+00
6.000000000000000000e+00 2.493186945524347387e+00
7.000000000000000000e+00 2.401163318368722877e+00
8.000000000000000000e+00 2.094001961000704792e+00
9.000000000000000000e+00 2.117002149316247639e+00
1.000000000000000000e+01 2.320661751263150219e+00
1.100000000000000000e+01 2.164017219996990704e+00
1.200000000000000000e+01 2.079665402068266111e+00
1.300000000000000000e+01 2.130524020664407381e+00
1.400000000000000000e+01 1.959663194691752430e+00
1.500000000000000000e+01 1.892015087383644101e+00
1.600000000000000000e+01 2.057941271662771854e+00
1.700000000000000000e+01 2.042164703044113683e+00
1.800000000000000000e+01 1.895056821499222499e+00
1.900000000000000000e+01 2.033888960276661440e+00
2.000000000000000000e+01 2.210923166128225592e+00
2.100000000000000000e+01 2.347773431258959764e+00
2.200000000000000000e+01 2.566787095710909572e+00
2.300000000000000000e+01 2.420215159960943385e+00
2.400000000000000000e+01 2.551852973041301098e+00
2.500000000000000000e+01 2.510143430910978690e+00
2.600000000000000000e+01 3.035594024459701501e+00
2.700000000000000000e+01 4.713325788133038152e+00
2.800000000000000000e+01 5.627958546747303004e+00
2.900000000000000000e+01 5.982507283010943588e+00
3.000000000000000000e+01 5.622852860791756058e+00
3.100000000000000000e+01 4.690324332935207785e+00
3.200000000000000000e+01 4.124303540961182790e+00
3.300000000000000000e+01 3.634563145294048336e+00
3.400000000000000000e+01 3.210184369209628130e+00
3.500000000000000000e+01 2.967432003585525724e+00
3.600000000000000000e+01 2.719338640242417338e+00
3.700000000000000000e+01 2.798595768712651921e+00
3.800000000000000000e+01 2.492384458941631742e+00
3.900000000000000000e+01 2.712981708541062797e+00
4.000000000000000000e+01 2.826823713597863996e+00
4.100000000000000000e+01 3.010474782622344136e+00
4.200000000000000000e+01 3.877312102982275910e+00
4.300000000000000000e+01 4.441588648515162774e+00
4.400000000000000000e+01 4.545244736668741403e+00
4.500000000000000000e+01 4.340245421328638109e+00
4.600000000000000000e+01 4.000487938443376024e+00
4.700000000000000000e+01 4.369715980238671804e+00
4.800000000000000000e+01 4.171946709859156499e+00
4.900000000000000000e+01 4.030747360525394285e+00
5.000000000000000000e+01 4.508253615198972497e+00
5.100000000000000000e+01 5.353386495973328607e+00
5.200000000000000000e+01 5.565859170204526585e+00
5.300000000000000000e+01 5.966154423732721312e+00
5.400000000000000000e+01 5.679746968394883133e+00
5.500000000000000000e+01 5.460279702112535993e+00
5.600000000000000000e+01 5.417697060665068953e+00
5.700000000000000000e+01 5.256397265313634826e+00
5.800000000000000000e+01 4.460900181595027547e+00
5.900000000000000000e+01 4.154249929353306392e+00
6.000000000000000000e+01 3.081700855644603276e+00
6.100000000000000000e+01 2.719245177230261934e+00
6.200000000000000000e+01 2.973445203549514915e+00
6.300000000000000000e+01 2.885465217645502012e+00
6.400000000000000000e+01 2.958753101792134466e+00
6.500000000000000000e+01 2.914163060802184457e+00
6.600000000000000000e+01 2.866280213818503508e+00
6.700000000000000000e+01 2.920454329182986974e+00
6.800000000000000000e+01 3.011783233109744273e+00
6.900000000000000000e+01 2.889841810350175511e+00
7.000000000000000000e+01 2.914186108783076712e+00
7.100000000000000000e+01 3.086545898646169128e+00
7.200000000000000000e+01 3.050817821040124667e+00
7.300000000000000000e+01 2.879397297815931012e+00
7.400000000000000000e+01 3.262347807806367239e+00
7.500000000000000000e+01 3.859537934473535881e+00
7.600000000000000000e+01 3.875871371493197159e+00
7.700000000000000000e+01 4.539905930397736711e+00
7.800000000000000000e+01 3.927736232508837411e+00
7.900000000000000000e+01 3.017774287198015326e+00
8.000000000000000000e+01 2.791498325272157466e+00
8.100000000000000000e+01 2.686181430512978974e+00
8.200000000000000000e+01 2.605680514410978699e+00
8.300000000000000000e+01 2.534236490526807550e+00
8.400000000000000000e+01 2.688180230305822871e+00
8.500000000000000000e+01 2.649040250268475560e+00
8.600000000000000000e+01 2.555840014627868584e+00
8.700000000000000000e+01 2.567879102539963210e+00
8.800000000000000000e+01 2.576523932505912828e+00
8.900000000000000000e+01 2.607025376884870127e+00
9.000000000000000000e+01 2.609651782016375154e+00
9.100000000000000000e+01 2.527157350234578992e+00
9.200000000000000000e+01 2.310332006483125422e+00
9.300000000000000000e+01 2.360706453229589386e+00
9.400000000000000000e+01 2.111570716142532778e+00
9.500000000000000000e+01 2.310363191008035777e+00
9.600000000000000000e+01 2.428952292656011203e+00
9.700000000000000000e+01 2.319030347095301092e+00
9.800000000000000000e+01 2.326854351085164918e+00
9.900000000000000000e+01 2.351208030403476368e+00
1.000000000000000000e+02 2.382622802844851950e+00
1.010000000000000000e+02 2.424420650607573613e+00
1.020000000000000000e+02 2.431704348802624871e+00
1.030000000000000000e+02 2.601824864341201415e+00
1.040000000000000000e+02 2.452119277397730723e+00
1.050000000000000000e+02 2.615584718190256286e+00
1.060000000000000000e+02 2.632267188621868037e+00
1.070000000000000000e+02 2.728449389895328370e+00
1.080000000000000000e+02 2.895107507859608464e+00
1.090000000000000000e+02 2.912321820542909112e+00
1.100000000000000000e+02 2.703406513459075011e+00
1.110000000000000000e+02 2.706096492896270966e+00
1.120000000000000000e+02 2.576530403171567674e+00
1.130000000000000000e+02 2.494215228289201836e+00
1.140000000000000000e+02 2.442097411187705625e+00
1.150000000000000000e+02 2.351828572214424984e+00
1.160000000000000000e+02 2.371739170809028519e+00
1.170000000000000000e+02 2.254964076524964778e+00
1.180000000000000000e+02 2.444063352767670061e+00
1.190000000000000000e+02 2.430577335310143638e+00
1.200000000000000000e+02 2.603805901000673106e+00
1.210000000000000000e+02 2.645270183857364454e+00
1.220000000000000000e+02 2.900517530898700791e+00
1.230000000000000000e+02 2.846122984734657635e+00
1.240000000000000000e+02 2.828175442469437861e+00
1.250000000000000000e+02 3.018363861511558000e+00
1.260000000000000000e+02 3.164445771222053949e+00
1.270000000000000000e+02 3.026490000448931017e+00
1.280000000000000000e+02 2.977091920369266287e+00
1.290000000000000000e+02 3.178457369580509617e+00
1.300000000000000000e+02 3.232373602962251624e+00
1.310000000000000000e+02 3.092565561203738600e+00
1.320000000000000000e+02 3.189734976721370519e+00
1.330000000000000000e+02 3.403050285032698241e+00
1.340000000000000000e+02 3.338810425581254293e+00
1.350000000000000000e+02 3.314118973561341441e+00
1.360000000000000000e+02 3.571190595975878068e+00
1.370000000000000000e+02 3.526019526470529630e+00
1.380000000000000000e+02 3.224862617406422771e+00
1.390000000000000000e+02 3.334002937883032036e+00
1.400000000000000000e+02 3.581987536127551497e+00
1.410000000000000000e+02 3.405534307731646670e+00
1.420000000000000000e+02 3.176394864143855301e+00
1.430000000000000000e+02 3.482289164505962376e+00
1.440000000000000000e+02 3.643610100746788483e+00
1.450000000000000000e+02 3.428798326696884669e+00
1.460000000000000000e+02 3.345012654602465219e+00
1.470000000000000000e+02 3.403246119372166145e+00
1.480000000000000000e+02 3.045352061625536955e+00
1.490000000000000000e+02 2.828066787036743968e+00
1.500000000000000000e+02 2.733991386981210248e+00
1.510000000000000000e+02 2.674967928443767295e+00
1.520000000000000000e+02 2.580601804343734429e+00
1.530000000000000000e+02 2.542787593950339708e+00
1.540000000000000000e+02 2.439771068741583893e+00
1.550000000000000000e+02 2.439488995833508422e+00
1.560000000000000000e+02 2.584309092296668720e+00
1.570000000000000000e+02 2.420013375523758725e+00
1.580000000000000000e+02 2.555714541796799022e+00
1.590000000000000000e+02 2.434754947033381356e+00
1.600000000000000000e+02 2.632999564835344586e+00
1.610000000000000000e+02 2.467466227099967213e+00
1.620000000000000000e+02 2.572791264460452254e+00
1.630000000000000000e+02 2.454053648903218310e+00
1.640000000000000000e+02 2.536171413185534629e+00
1.650000000000000000e+02 2.883156893817218069e+00
1.660000000000000000e+02 3.187103100704291592e+00
1.670000000000000000e+02 3.408900807891445339e+00
1.680000000000000000e+02 3.573217231381087711e+00
1.690000000000000000e+02 4.367328169381186065e+00
1.700000000000000000e+02 4.821870626208624167e+00
1.710000000000000000e+02 5.816405821422245381e+00
1.720000000000000000e+02 6.037188384769694771e+00
1.730000000000000000e+02 4.977040580482504417e+00
1.740000000000000000e+02 4.555394768837113695e+00
1.750000000000000000e+02 4.060019455276647982e+00
1.760000000000000000e+02 3.696710392152421587e+00
1.770000000000000000e+02 3.527213750859344188e+00
1.780000000000000000e+02 4.023045763478573456e+00
1.790000000000000000e+02 4.066420955898641054e+00
1.800000000000000000e+02 3.795812602516831280e+00
1.810000000000000000e+02 4.045890862570475477e+00
1.820000000000000000e+02 3.776614339294885436e+00
1.830000000000000000e+02 3.528772954112370019e+00
1.840000000000000000e+02 3.209480040781252264e+00
1.850000000000000000e+02 3.048612079871398262e+00
1.860000000000000000e+02 3.052268350960253063e+00
1.870000000000000000e+02 2.769859726654507526e+00
1.880000000000000000e+02 2.547170367673039504e+00
1.890000000000000000e+02 2.302045307530411922e+00
1.900000000000000000e+02 2.312657541411235140e+00
1.910000000000000000e+02 2.484536079438570244e+00
1.920000000000000000e+02 2.517605212152296268e+00
1.930000000000000000e+02 2.698105738009673349e+00
1.940000000000000000e+02 2.745149099855328512e+00
1.950000000000000000e+02 2.670531622030622110e+00
1.960000000000000000e+02 2.655995337716557714e+00
1.970000000000000000e+02 2.874126305633173395e+00
1.980000000000000000e+02 3.014134965398084454e+00
1.990000000000000000e+02 3.122230197543371055e+00
2.000000000000000000e+02 3.118518657242192127e+00
2.010000000000000000e+02 3.293470199047445757e+00
2.020000000000000000e+02 3.135812048064072766e+00
2.030000000000000000e+02 2.960331311057355475e+00
2.040000000000000000e+02 3.141302218160518578e+00
2.050000000000000000e+02 3.218980791003582365e+00
2.060000000000000000e+02 3.009655433385876488e+00
2.070000000000000000e+02 2.961894899288314065e+00
2.080000000000000000e+02 3.192884376663345680e+00
2.090000000000000000e+02 3.166042621700988047e+00
2.100000000000000000e+02 2.970318481263394705e+00
2.110000000000000000e+02 2.988884882877802962e+00
2.120000000000000000e+02 2.951779215854326122e+00
2.130000000000000000e+02 2.869569787201262656e+00
2.140000000000000000e+02 3.091687126411273301e+00
2.150000000000000000e+02 3.000436395785362809e+00
2.160000000000000000e+02 3.114784563184357147e+00
2.170000000000000000e+02 3.398288571803636859e+00
2.180000000000000000e+02 3.757568380821365128e+00
2.190000000000000000e+02 2.944240003403947536e+00
2.200000000000000000e+02 2.073360371388195400e+00
2.210000000000000000e+02 1.962449801842506725e+00
2.220000000000000000e+02 1.901378377371050421e+00
2.230000000000000000e+02 1.779233739895310196e+00
2.240000000000000000e+02 1.825835268619302454e+00
2.250000000000000000e+02 1.897069895274897666e+00
2.260000000000000000e+02 1.844094741081828692e+00
2.270000000000000000e+02 1.795141241222921957e+00
2.280000000000000000e+02 1.941304790356708665e+00
2.290000000000000000e+02 2.011797937544895110e+00
2.300000000000000000e+02 1.914755611232123345e+00
2.310000000000000000e+02 1.957302268250366906e+00
2.320000000000000000e+02 2.151507046319351524e+00
2.330000000000000000e+02 2.248081763793401411e+00
2.340000000000000000e+02 2.394024883556326255e+00
2.350000000000000000e+02 2.478096680348144787e+00
2.360000000000000000e+02 2.473054868252387184e+00
2.370000000000000000e+02 2.560797111507441048e+00
2.380000000000000000e+02 2.490837398899443222e+00
2.390000000000000000e+02 2.747939816497614096e+00
2.400000000000000000e+02 2.696035773875329333e+00
2.410000000000000000e+02 2.626198196472663060e+00
2.420000000000000000e+02 2.527405184882613121e+00
2.430000000000000000e+02 2.383598934873877528e+00
2.440000000000000000e+02 2.244562179726708795e+00
2.450000000000000000e+02 2.207032981210875544e+00
2.460000000000000000e+02 2.097713349563816276e+00
2.470000000000000000e+02 2.186698867338157548e+00
2.480000000000000000e+02 2.128983224664888319e+00
2.490000000000000000e+02 2.296723071245562853e+00
2.500000000000000000e+02 2.281418771590735695e+00
2.510000000000000000e+02 2.393954355499359643e+00
2.520000000000000000e+02 2.235274250064866575e+00
2.530000000000000000e+02 2.015608818633422672e+00
2.540000000000000000e+02 1.869103065996705837e+00
2.550000000000000000e+02 1.781272243846051762e+00
2.560000000000000000e+02 1.680318211238119863e+00
2.570000000000000000e+02 1.528701777706198639e+00
2.580000000000000000e+02 1.509480423111350333e+00
2.590000000000000000e+02 1.663162196350621125e+00
2.600000000000000000e+02 1.746058310357609500e+00
2.610000000000000000e+02 1.732617853165998811e+00
2.620000000000000000e+02 1.864664530184611868e+00
2.630000000000000000e+02 1.994213183620754171e+00
2.640000000000000000e+02 1.955156071799800444e+00
2.650000000000000000e+02 1.836904884957018202e+00
2.660000000000000000e+02 1.812067604669660881e+00
2.670000000000000000e+02 1.785667495083378853e+00
2.680000000000000000e+02 1.805417761001834487e+00
2.690000000000000000e+02 1.794215780634644597e+00
2.700000000000000000e+02 1.877943555638502460e+00
2.710000000000000000e+02 1.820927094519596556e+00
2.720000000000000000e+02 2.030136431234413230e+00
2.730000000000000000e+02 2.109808085478306339e+00
2.740000000000000000e+02 2.217121873351622696e+00
2.750000000000000000e+02 2.440096657038226091e+00
2.760000000000000000e+02 2.918463168205647218e+00
2.770000000000000000e+02 3.378963052983309012e+00
2.780000000000000000e+02 3.579875801132778257e+00
2.790000000000000000e+02 2.991866296763394661e+00
2.800000000000000000e+02 3.313065667410673765e+00
2.810000000000000000e+02 2.893294607069673674e+00
2.820000000000000000e+02 4.220182637427156713e+00
2.830000000000000000e+02 3.731331380573041923e+00
2.840000000000000000e+02 4.217403288965186015e+00
2.850000000000000000e+02 3.549263237335077648e+00
2.860000000000000000e+02 2.661883640431577991e+00
2.870000000000000000e+02 2.052940766137430373e+00
2.880000000000000000e+02 1.682417642746134367e+00
2.890000000000000000e+02 1.615337837947050437e+00
2.900000000000000000e+02 1.587825576101628888e+00
2.910000000000000000e+02 1.515506257146625790e+00
2.920000000000000000e+02 1.550871632260214517e+00
2.930000000000000000e+02 1.478544077581433136e+00
2.940000000000000000e+02 1.549468661622471322e+00
2.950000000000000000e+02 1.654942604598087508e+00
2.960000000000000000e+02 1.613534215257641291e+00
2.970000000000000000e+02 1.606174891654741144e+00
2.980000000000000000e+02 1.692030027286778759e+00
2.990000000000000000e+02 1.769524725231063966e+00
3.000000000000000000e+02 1.803110156812537834e+00
3.010000000000000000e+02 1.835947599566957633e+00
3.020000000000000000e+02 1.909392435519476905e+00
3.030000000000000000e+02 1.971353689473123616e+00
3.040000000000000000e+02 1.953594417940009986e+00
3.050000000000000000e+02 1.982310778019196862e+00
3.060000000000000000e+02 1.953557347901323737e+00
3.070000000000000000e+02 2.109165361642081571e+00
3.080000000000000000e+02 2.125805540200839783e+00
3.090000000000000000e+02 2.360692939911193111e+00
3.100000000000000000e+02 2.375573718360566744e+00
3.110000000000000000e+02 2.575306076411377099e+00
3.120000000000000000e+02 2.642202132608308052e+00
3.130000000000000000e+02 2.603396389325034033e+00
3.140000000000000000e+02 2.349397892038851854e+00
3.150000000000000000e+02 2.349874793958191432e+00
3.160000000000000000e+02 2.294017282233307586e+00
3.170000000000000000e+02 2.059863515079589202e+00
3.180000000000000000e+02 1.975135621215703630e+00
3.190000000000000000e+02 2.072542770620120045e+00
3.200000000000000000e+02 1.942561988653919158e+00
3.210000000000000000e+02 1.779151332489935067e+00
3.220000000000000000e+02 1.876990626335317769e+00
3.230000000000000000e+02 1.911781712298612046e+00
3.240000000000000000e+02 1.723744663940374844e+00
3.250000000000000000e+02 1.715857150512055229e+00
3.260000000000000000e+02 1.901480288073894576e+00
3.270000000000000000e+02 2.157210887315831105e+00
3.280000000000000000e+02 1.984162814579305323e+00
3.290000000000000000e+02 2.143400282428607806e+00
3.300000000000000000e+02 2.233502746618425849e+00
3.310000000000000000e+02 2.519019218382793301e+00
3.320000000000000000e+02 2.627655329455262923e+00
3.330000000000000000e+02 2.722822307006476539e+00
3.340000000000000000e+02 3.046209244299709518e+00
3.350000000000000000e+02 3.433775787463146933e+00
3.360000000000000000e+02 3.288371196379629602e+00
3.370000000000000000e+02 2.970126733800519947e+00
3.380000000000000000e+02 3.263657121960924279e+00
3.390000000000000000e+02 3.132456949428406467e+00
3.400000000000000000e+02 2.894519258989154409e+00
3.410000000000000000e+02 3.191428494654612091e+00
3.420000000000000000e+02 2.982213412550200449e+00
3.430000000000000000e+02 2.680365551146985936e+00
3.440000000000000000e+02 2.636958184306787967e+00
3.450000000000000000e+02 2.775057841020289295e+00
3.460000000000000000e+02 2.652327781387523231e+00
3.470000000000000000e+02 2.436774171941663347e+00
3.480000000000000000e+02 2.483016342635826934e+00
3.490000000000000000e+02 2.574267308776018393e+00
3.500000000000000000e+02 2.399664529909597110e+00
3.510000000000000000e+02 2.248423033450771324e+00
3.520000000000000000e+02 2.396753027414073589e+00
3.530000000000000000e+02 2.447980619443209882e+00
3.540000000000000000e+02 2.205256596883025111e+00
3.550000000000000000e+02 2.078959267481964357e+00
3.560000000000000000e+02 1.872182581477866758e+00
3.570000000000000000e+02 1.843313326964533649e+00
3.580000000000000000e+02 1.804536581622693481e+00
3.590000000000000000e+02 1.766517242537567034e+00
3.600000000000000000e+02 1.852613716589608606e+00
3.610000000000000000e+02 1.925617553514549218e+00
3.620000000000000000e+02 1.790847440945602997e+00
3.630000000000000000e+02 1.845858040656598087e+00
3.640000000000000000e+02 1.807843285636952402e+00
3.650000000000000000e+02 1.783411586544095151e+00
3.660000000000000000e+02 1.752386072265407879e+00
3.670000000000000000e+02 1.736599200849830549e+00
3.680000000000000000e+02 1.784220493184455192e+00
3.690000000000000000e+02 1.884295716489345018e+00
3.700000000000000000e+02 1.933439052110959455e+00
3.710000000000000000e+02 2.185112421936797222e+00
3.720000000000000000e+02 2.356553497192372504e+00
3.730000000000000000e+02 2.526956073541904324e+00
3.740000000000000000e+02 2.446405460462958370e+00
3.750000000000000000e+02 2.777620076686049710e+00
3.760000000000000000e+02 3.074895753200138415e+00
3.770000000000000000e+02 3.051785999949438111e+00
3.780000000000000000e+02 2.851879675397213987e+00
3.790000000000000000e+02 2.574013187789118806e+00
3.800000000000000000e+02 2.329480236337130084e+00
3.810000000000000000e+02 2.220433071669931202e+00
3.820000000000000000e+02 2.080502742561100682e+00
3.830000000000000000e+02 2.059085081688461383e+00
3.840000000000000000e+02 1.912616256769139822e+00
3.850000000000000000e+02 1.930536052563636584e+00
3.860000000000000000e+02 2.132859826869270670e+00
3.870000000000000000e+02 2.234097970057573601e+00
3.880000000000000000e+02 2.525404357936963606e+00
3.890000000000000000e+02 2.603266957596031439e+00
3.900000000000000000e+02 2.880950770465413147e+00
3.910000000000000000e+02 2.864565866467039257e+00
3.920000000000000000e+02 2.972860909993668699e+00
3.930000000000000000e+02 2.938425968593503690e+00
3.940000000000000000e+02 2.754431774441568059e+00
3.950000000000000000e+02 2.556903198451783155e+00
3.960000000000000000e+02 2.487762283847165357e+00
3.970000000000000000e+02 2.339946398218547774e+00
3.980000000000000000e+02 2.306554627873055985e+00
3.990000000000000000e+02 2.092736675153547221e+00
4.000000000000000000e+02 2.110909996954366097e+00
4.010000000000000000e+02 1.978410628169483765e+00
4.020000000000000000e+02 1.973019732958827488e+00
4.030000000000000000e+02 1.906750432401375095e+00
4.040000000000000000e+02 1.850131239349298351e+00
4.050000000000000000e+02 1.991034579877960287e+00
4.060000000000000000e+02 2.130718917063727957e+00
4.070000000000000000e+02 2.144605483521571543e+00
4.080000000000000000e+02 2.351779626180399152e+00
4.090000000000000000e+02 2.682103834321803326e+00
4.100000000000000000e+02 2.957575078304149230e+00
4.110000000000000000e+02 2.558087029379498833e+00
4.120000000000000000e+02 2.362228795725514807e+00
4.130000000000000000e+02 2.324530692104525897e+00
4.140000000000000000e+02 2.099417396444180017e+00
4.150000000000000000e+02 2.049890129029917407e+00
4.160000000000000000e+02 2.008439256758488778e+00
4.170000000000000000e+02 2.088385919970157545e+00
4.180000000000000000e+02 1.955523080012350201e+00
4.190000000000000000e+02 2.005322852897881702e+00
4.200000000000000000e+02 2.260958051436065208e+00
4.210000000000000000e+02 2.314039573667088234e+00
4.220000000000000000e+02 2.552247156149790808e+00
4.230000000000000000e+02 2.437504864979811003e+00
4.240000000000000000e+02 2.354127116091756289e+00
4.250000000000000000e+02 2.348678290432726801e+00
4.260000000000000000e+02 2.340016486772129589e+00
4.270000000000000000e+02 2.311647940421904579e+00
4.280000000000000000e+02 2.452871385504645563e+00
4.290000000000000000e+02 2.403010561659596256e+00
4.300000000000000000e+02 2.497510321604362815e+00
4.310000000000000000e+02 2.354975442609617442e+00
4.320000000000000000e+02 2.527088144119419066e+00
4.330000000000000000e+02 2.503694241246125163e+00
4.340000000000000000e+02 2.607593188666470052e+00
4.350000000000000000e+02 2.468443258778060034e+00
4.360000000000000000e+02 2.589216895343972702e+00
4.370000000000000000e+02 2.464926903637223887e+00
4.380000000000000000e+02 2.500261426336050530e+00
4.390000000000000000e+02 2.798742640498767198e+00
4.400000000000000000e+02 3.349988098295716199e+00
4.410000000000000000e+02 3.785400128023053590e+00
4.420000000000000000e+02 3.543732502291522923e+00
4.430000000000000000e+02 3.874077307873402987e+00
4.440000000000000000e+02 3.231702137229687910e+00
4.450000000000000000e+02 3.577151616746072627e+00
4.460000000000000000e+02 3.606893907641636865e+00
4.470000000000000000e+02 3.127843046394615634e+00
4.480000000000000000e+02 3.036434425455440955e+00
4.490000000000000000e+02 3.351231637411023367e+00
4.500000000000000000e+02 3.294137256215798004e+00
4.510000000000000000e+02 3.108271414590171311e+00
4.520000000000000000e+02 2.860267336156329776e+00
4.530000000000000000e+02 2.733542470117142020e+00
4.540000000000000000e+02 2.564606161589535471e+00
4.550000000000000000e+02 2.514962419692438722e+00
4.560000000000000000e+02 2.543639921600780340e+00
4.570000000000000000e+02 2.371925051525278327e+00
4.580000000000000000e+02 2.739552625409222397e+00
4.590000000000000000e+02 2.805683588825650610e+00
4.600000000000000000e+02 2.739992313445168914e+00
4.610000000000000000e+02 2.775289075941702155e+00
4.620000000000000000e+02 2.882375065074552545e+00
4.630000000000000000e+02 2.721160078035266050e+00
4.640000000000000000e+02 2.938988508067700067e+00
4.650000000000000000e+02 3.408309942723118713e+00
4.660000000000000000e+02 3.167727634698451311e+00
4.670000000000000000e+02 3.593789319849192143e+00
4.680000000000000000e+02 3.860406140445077128e+00
4.690000000000000000e+02 3.999765814372465034e+00
4.700000000000000000e+02 4.000552155466851723e+00
4.710000000000000000e+02 3.512865949715370917e+00
4.720000000000000000e+02 3.835839579650990760e+00
4.730000000000000000e+02 3.821852940437071133e+00
4.740000000000000000e+02 3.887360652814250361e+00
4.750000000000000000e+02 4.191888278384429789e+00
4.760000000000000000e+02 5.072331474921309535e+00
4.770000000000000000e+02 5.248793396686472157e+00
4.780000000000000000e+02 7.142351382960518968e+00
4.790000000000000000e+02 7.229095938532656085e+00
4.800000000000000000e+02 7.535754583475084978e+00
4.810000000000000000e+02 5.743219994459504818e+00
4.820000000000000000e+02 5.472562774019743337e+00
4.830000000000000000e+02 5.358128272726396801e+00
4.840000000000000000e+02 4.428464010627560121e+00
4.850000000000000000e+02 3.619658241055586867e+00
4.860000000000000000e+02 2.825409841475269523e+00
4.870000000000000000e+02 2.871233210954780901e+00
4.880000000000000000e+02 2.696425719019732714e+00
4.890000000000000000e+02 3.763204256170411988e+00
4.900000000000000000e+02 5.375410186859316042e+00
4.910000000000000000e+02 3.843858105885941345e+00
4.920000000000000000e+02 2.970976513566900845e+00
4.930000000000000000e+02 2.544850461274255515e+00
4.940000000000000000e+02 2.351593159270064515e+00
4.950000000000000000e+02 2.232271574822924265e+00
4.960000000000000000e+02 2.135842435685554985e+00
4.970000000000000000e+02 1.945640693231531992e+00
4.980000000000000000e+02 1.958608045412908893e+00
4.990000000000000000e+02 2.097939392508515688e+00
5.000000000000000000e+02 2.347318629356067721e+00
5.010000000000000000e+02 2.580407020970126197e+00
5.020000000000000000e+02 2.786836713748571892e+00
5.030000000000000000e+02 3.090922751303990967e+00
5.040000000000000000e+02 2.949490058170969320e+00
5.050000000000000000e+02 2.528051244423294985e+00
5.060000000000000000e+02 2.307274391962794269e+00
5.070000000000000000e+02 2.253619740812962124e+00
5.080000000000000000e+02 2.022871387559133094e+00
5.090000000000000000e+02 2.007336542723257455e+00
5.100000000000000000e+02 1.903528542829932446e+00
5.110000000000000000e+02 1.992536130812007089e+00
5.120000000000000000e+02 1.938009501669606394e+00
5.130000000000000000e+02 1.974965044999196673e+00
5.140000000000000000e+02 2.139285391623283683e+00
5.150000000000000000e+02 2.087339543805399433e+00
5.160000000000000000e+02 1.871601791219524413e+00
5.170000000000000000e+02 1.985924326751700386e+00
5.180000000000000000e+02 2.097767137850728325e+00
5.190000000000000000e+02 2.243776500633135385e+00
5.200000000000000000e+02 2.144454856958599276e+00
5.210000000000000000e+02 1.937016980488818207e+00
5.220000000000000000e+02 1.899462838793059882e+00
5.230000000000000000e+02 1.769821369636025876e+00
5.240000000000000000e+02 1.742888670581664190e+00
5.250000000000000000e+02 2.242704611914657864e+00
5.260000000000000000e+02 2.618268083245654854e+00
5.270000000000000000e+02 2.219512418886130156e+00
5.280000000000000000e+02 1.552635622486189915e+00
5.290000000000000000e+02 1.551852398818298839e+00
5.300000000000000000e+02 1.659473505497129686e+00
5.310000000000000000e+02 1.753754293634639527e+00
5.320000000000000000e+02 1.949094542855591028e+00
5.330000000000000000e+02 1.927996709553691845e+00
5.340000000000000000e+02 1.728395163270110002e+00
5.350000000000000000e+02 1.718906298207765637e+00
5.360000000000000000e+02 1.593388533791859629e+00
5.370000000000000000e+02 1.631115280861944461e+00
5.380000000000000000e+02 1.674318876429389924e+00
5.390000000000000000e+02 1.652159273922385152e+00
5.400000000000000000e+02 1.611258502781289792e+00
5.410000000000000000e+02 1.583675688684928584e+00
5.420000000000000000e+02 1.629534026534515512e+00
5.430000000000000000e+02 1.690518159484609262e+00
5.440000000000000000e+02 1.734856896035839702e+00
5.450000000000000000e+02 1.773503072703993766e+00
5.460000000000000000e+02 1.741765544990817594e+00
5.470000000000000000e+02 1.659061744398315108e+00
5.480000000000000000e+02 1.706667573997238563e+00
5.490000000000000000e+02 1.709801976515262778e+00
5.500000000000000000e+02 1.816360091699939616e+00
5.510000000000000000e+02 1.977208481005957807e+00
5.520000000000000000e+02 2.031866714457826628e+00
5.530000000000000000e+02 1.835752821930969558e+00
5.540000000000000000e+02 1.898647795162180740e+00
5.550000000000000000e+02 1.937943009515509685e+00
5.560000000000000000e+02 1.880911771048269232e+00
5.570000000000000000e+02 1.726170036481270431e+00
5.580000000000000000e+02 1.709284743051089350e+00
5.590000000000000000e+02 1.857974930429722615e+00
5.600000000000000000e+02 1.916488470316533244e+00
5.610000000000000000e+02 1.936177222950393517e+00
5.620000000000000000e+02 2.103486269418390897e+00
5.630000000000000000e+02 2.094286943643745680e+00
5.640000000000000000e+02 2.244990784736037970e+00
5.650000000000000000e+02 2.323030590372491933e+00
5.660000000000000000e+02 2.262796370162270421e+00
5.670000000000000000e+02 2.338481094762305812e+00
5.680000000000000000e+02 2.507505611905345599e+00
5.690000000000000000e+02 2.699948511421603747e+00
5.700000000000000000e+02 2.881357388215043613e+00
5.710000000000000000e+02 2.793183788365041664e+00
5.720000000000000000e+02 2.742647121385804354e+00
5.730000000000000000e+02 2.643470599244387209e+00
5.740000000000000000e+02 2.546856269795503724e+00
5.750000000000000000e+02 2.571889132289146840e+00
5.760000000000000000e+02 2.800444904741949959e+00
5.770000000000000000e+02 2.834676219262801666e+00
5.780000000000000000e+02 2.842622389408671957e+00
5.790000000000000000e+02 2.742342619394761982e+00
5.800000000000000000e+02 2.529141789584131939e+00
5.810000000000000000e+02 2.330777704871886957e+00
5.820000000000000000e+02 2.241956801703463231e+00
5.830000000000000000e+02 2.090001294711826052e+00
5.840000000000000000e+02 2.145997893976586024e+00
5.850000000000000000e+02 2.224767127769528230e+00
5.860000000000000000e+02 2.391736895092014148e+00
5.870000000000000000e+02 2.546753555620321130e+00
5.880000000000000000e+02 2.814552683330918459e+00
5.890000000000000000e+02 2.886446398849568773e+00
5.900000000000000000e+02 3.424131218045609604e+00
5.910000000000000000e+02 3.696393826123224091e+00
5.920000000000000000e+02 3.915013560075101928e+00
5.930000000000000000e+02 3.586283486381522501e+00
5.940000000000000000e+02 3.712404905412262757e+00
5.950000000000000000e+02 3.395854738646706839e+00
5.960000000000000000e+02 3.216472389564664969e+00
5.970000000000000000e+02 2.859126865849002552e+00
5.980000000000000000e+02 3.057515139248752511e+00
5.990000000000000000e+02 3.199988850223786319e+00
6.000000000000000000e+02 3.220731867883496857e+00
6.010000000000000000e+02 3.319854238348250330e+00
6.020000000000000000e+02 3.766496184940300029e+00
6.030000000000000000e+02 3.691216113903359464e+00
6.040000000000000000e+02 3.273587479707559922e+00
6.050000000000000000e+02 3.443627978218808838e+00
6.060000000000000000e+02 3.610742412533174406e+00
6.070000000000000000e+02 3.553981131680611139e+00
6.080000000000000000e+02 3.661635985899226231e+00
6.090000000000000000e+02 3.641565920218694075e+00
6.100000000000000000e+02 3.704428231128894300e+00
6.110000000000000000e+02 3.363056222626876313e+00
6.120000000000000000e+02 3.295433309742361594e+00
6.130000000000000000e+02 3.194779603998224360e+00
6.140000000000000000e+02 3.234174368827980039e+00
6.150000000000000000e+02 3.345314773230517513e+00
6.160000000000000000e+02 3.307920687970567375e+00
6.170000000000000000e+02 3.265259278053327385e+00
6.180000000000000000e+02 3.426224770604652026e+00
6.190000000000000000e+02 3.519026056403350644e+00
6.200000000000000000e+02 3.501013950368024208e+00
6.210000000000000000e+02 3.501314220720100678e+00
6.220000000000000000e+02 3.496939144328569782e+00
6.230000000000000000e+02 3.405359959946004267e+00
6.240000000000000000e+02 3.263640014747197338e+00
6.250000000000000000e+02 3.084033336696247574e+00
6.260000000000000000e+02 3.177788126986077710e+00
6.270000000000000000e+02 3.260941052389615624e+00
6.280000000000000000e+02 3.101870536753434049e+00
6.290000000000000000e+02 3.084972953871314427e+00
6.300000000000000000e+02 2.869557132873323368e+00
6.310000000000000000e+02 2.972544058510329101e+00
6.320000000000000000e+02 3.070422259304972812e+00
6.330000000000000000e+02 2.941832171009110208e+00
6.340000000000000000e+02 2.935783675097846324e+00
6.350000000000000000e+02 3.046083732818813949e+00
6.360000000000000000e+02 3.216276712706001462e+00
6.370000000000000000e+02 3.360949530726789813e+00
6.380000000000000000e+02 3.611953195075553236e+00
6.390000000000000000e+02 3.620197841289771734e+00
6.400000000000000000e+02 3.868530650459504727e+00
6.410000000000000000e+02 3.929383855401944015e+00
6.420000000000000000e+02 4.115144151565615083e+00
6.430000000000000000e+02 4.228265510571146635e+00
6.440000000000000000e+02 4.316663039224534870e+00
6.450000000000000000e+02 4.406569339461233525e+00
6.460000000000000000e+02 4.781976244834584833e+00
6.470000000000000000e+02 4.825418956769826906e+00
6.480000000000000000e+02 5.644725815945503378e+00
6.490000000000000000e+02 5.847786796059512682e+00
6.500000000000000000e+02 5.343356533521806284e+00
6.510000000000000000e+02 4.999148493334899968e+00
6.520000000000000000e+02 4.304728173725862916e+00
6.530000000000000000e+02 4.090477792090294606e+00
6.540000000000000000e+02 4.106547893125827464e+00
6.550000000000000000e+02 3.870828666262115636e+00
6.560000000000000000e+02 3.804692089663558541e+00
6.570000000000000000e+02 3.622489473893017120e+00
6.580000000000000000e+02 3.576951807549102469e+00
6.590000000000000000e+02 3.463224956369047813e+00
6.600000000000000000e+02 3.557098282309256287e+00
6.610000000000000000e+02 3.620833900061944277e+00
6.620000000000000000e+02 3.658508580707303004e+00
6.630000000000000000e+02 3.595020430698256941e+00
6.640000000000000000e+02 3.656807701881658712e+00
6.650000000000000000e+02 3.608157788417154510e+00
6.660000000000000000e+02 3.771197829077146402e+00
6.670000000000000000e+02 3.743660994523722252e+00
6.680000000000000000e+02 3.888782210880497026e+00
6.690000000000000000e+02 3.754617782286189698e+00
6.700000000000000000e+02 4.045102551889340425e+00
6.710000000000000000e+02 4.283285998286517682e+00
6.720000000000000000e+02 4.737156847918239322e+00
6.730000000000000000e+02 4.972491902233453054e+00
6.740000000000000000e+02 4.894937053385999270e+00
6.750000000000000000e+02 4.565990058867155810e+00
6.760000000000000000e+02 3.968185748215373732e+00
6.770000000000000000e+02 3.691370894063853658e+00
6.780000000000000000e+02 3.744367414562911112e+00
6.790000000000000000e+02 3.613235356481289351e+00
6.800000000000000000e+02 3.824549541851105960e+00
6.810000000000000000e+02 3.700838011127768556e+00
6.820000000000000000e+02 3.873726955618251200e+00
6.830000000000000000e+02 3.938713158604468134e+00
6.840000000000000000e+02 3.922163068329732827e+00
6.850000000000000000e+02 3.731672996552490851e+00
6.860000000000000000e+02 3.801055222143527423e+00
6.870000000000000000e+02 3.722294051854397878e+00
6.880000000000000000e+02 3.776032726835728770e+00
6.890000000000000000e+02 3.703492783349477069e+00
6.900000000000000000e+02 3.778489080904252173e+00
6.910000000000000000e+02 3.367177073878682592e+00
6.920000000000000000e+02 3.806786007345435596e+00
6.930000000000000000e+02 3.799080947329344315e+00
6.940000000000000000e+02 3.976310147285707419e+00
6.950000000000000000e+02 3.513062096570072068e+00
6.960000000000000000e+02 2.916777980941979376e+00
6.970000000000000000e+02 3.296007008245563696e+00
6.980000000000000000e+02 3.434006802376555534e+00
6.990000000000000000e+02 2.746307440421526191e+00
7.000000000000000000e+02 2.658204954139966603e+00
7.010000000000000000e+02 3.226289066290761287e+00
7.020000000000000000e+02 3.069258096852808926e+00
7.030000000000000000e+02 2.625288944879880404e+00
7.040000000000000000e+02 3.086465834567260647e+00
7.050000000000000000e+02 3.458993618228972000e+00
7.060000000000000000e+02 3.174059183944477169e+00
7.070000000000000000e+02 3.130206437497498495e+00
7.080000000000000000e+02 3.706995202027447256e+00
7.090000000000000000e+02 3.929254143824826073e+00
7.100000000000000000e+02 3.736141821204961744e+00
7.110000000000000000e+02 4.026560554553239690e+00
7.120000000000000000e+02 4.503640522678482583e+00
7.130000000000000000e+02 4.573976372853636896e+00
7.140000000000000000e+02 4.626756786032059310e+00
7.150000000000000000e+02 5.061732819499685121e+00
7.160000000000000000e+02 5.437720176515012049e+00
7.170000000000000000e+02 5.568704798986634508e+00
7.180000000000000000e+02 5.764363753441635652e+00
7.190000000000000000e+02 6.213263938633557970e+00
7.200000000000000000e+02 6.594271618811212043e+00
7.210000000000000000e+02 6.661034574758367910e+00
7.220000000000000000e+02 6.942566798507668224e+00
7.230000000000000000e+02 7.413307837706981651e+00
7.240000000000000000e+02 7.715511339577276750e+00
7.250000000000000000e+02 7.814406078758913132e+00
7.260000000000000000e+02 8.123699119325213047e+00
7.270000000000000000e+02 8.597566566249337683e+00
7.280000000000000000e+02 8.844382025990148222e+00
7.290000000000000000e+02 9.004981948594132035e+00
7.300000000000000000e+02 9.375398394931892199e+00
7.310000000000000000e+02 9.846638060372249868e+00
7.320000000000000000e+02 9.962806448314204033e+00
7.330000000000000000e+02 1.030022741356324190e+01
7.340000000000000000e+02 1.074253698449908256e+01
7.350000000000000000e+02 1.106175348252381241e+01
7.360000000000000000e+02 1.131832088208600773e+01
7.370000000000000000e+02 1.164513834847610951e+01
7.380000000000000000e+02 1.202036073719987108e+01
7.390000000000000000e+02 1.230634545511649591e+01
7.400000000000000000e+02 1.263014825113820905e+01
7.410000000000000000e+02 1.297463511918897261e+01
7.420000000000000000e+02 1.265625751550635947e+01
7.430000000000000000e+02 1.301549640278826381e+01
7.440000000000000000e+02 1.266968443368222985e+01
7.450000000000000000e+02 1.281136651482403366e+01
7.460000000000000000e+02 1.367055892349155677e+01
7.470000000000000000e+02 1.388380487297195387e+01
7.480000000000000000e+02 1.376951206676586992e+01
7.490000000000000000e+02 1.372425416977358736e+01
7.500000000000000000e+02 1.305024170513886972e+01
7.510000000000000000e+02 1.320284134951899979e+01
7.520000000000000000e+02 1.245038101421679499e+01
7.530000000000000000e+02 1.171633391071691221e+01
7.540000000000000000e+02 1.126750685778176653e+01
7.550000000000000000e+02 1.060279480110537165e+01
7.560000000000000000e+02 1.018891266274642859e+01
7.570000000000000000e+02 9.794989718010237212e+00
7.580000000000000000e+02 9.270696044329886476e+00
7.590000000000000000e+02 8.860242576471417664e+00
7.600000000000000000e+02 8.977759764363618444e+00
7.610000000000000000e+02 9.000257131932428933e+00
7.620000000000000000e+02 9.041644355899364882e+00
