# Residue RMSF(Ang)
1.000000000000000000e+00 1.811572276276172122e+00
2.000000000000000000e+00 1.902705995447444121e+00
3.000000000000000000e+00 1.920677982459724431e+00
4.000000000000000000e+00 2.108561777753090727e+00
5.000000000000000000e+00 2.095233942776299152e+00
6.000000000000000000e+00 2.357777242150572938e+00
7.000000000000000000e+00 2.647249101519496772e+00
8.000000000000000000e+00 2.239827751126193256e+00
9.000000000000000000e+00 2.335075276211749706e+00
1.000000000000000000e+01 2.242577444391497643e+00
1.100000000000000000e+01 2.293239067586138713e+00
1.200000000000000000e+01 2.375405020810633872e+00
1.300000000000000000e+01 2.409262376642680614e+00
1.400000000000000000e+01 2.537665031398818716e+00
1.500000000000000000e+01 2.448563826840689295e+00
1.600000000000000000e+01 2.250254141675969155e+00
1.700000000000000000e+01 2.214229081748947614e+00
1.800000000000000000e+01 1.980698282895101858e+00
1.900000000000000000e+01 2.056521496108589364e+00
2.000000000000000000e+01 1.913952368371999446e+00
2.100000000000000000e+01 1.772344142414768786e+00
2.200000000000000000e+01 1.824096264659798461e+00
2.300000000000000000e+01 1.892807197323412849e+00
2.400000000000000000e+01 2.037149473171488534e+00
2.500000000000000000e+01 2.251695559279386138e+00
2.600000000000000000e+01 2.497939509269456959e+00
2.700000000000000000e+01 2.770195270127036036e+00
2.800000000000000000e+01 3.688300119873627381e+00
2.900000000000000000e+01 4.456998886196704035e+00
3.000000000000000000e+01 4.136971780073897875e+00
3.100000000000000000e+01 3.516275206969604383e+00
3.200000000000000000e+01 3.191140508727488001e+00
3.300000000000000000e+01 3.061920984610748242e+00
3.400000000000000000e+01 2.765469228393715007e+00
3.500000000000000000e+01 2.648710686098348699e+00
3.600000000000000000e+01 2.332458868009609887e+00
3.700000000000000000e+01 2.341438726027196271e+00
3.800000000000000000e+01 2.211821553862185485e+00
3.900000000000000000e+01 2.094150673528754059e+00
4.000000000000000000e+01 2.111030242557039749e+00
4.100000000000000000e+01 2.074770652678461058e+00
4.200000000000000000e+01 2.157377627531950726e+00
4.300000000000000000e+01 2.352906412782592938e+00
4.400000000000000000e+01 2.665369521764025862e+00
4.500000000000000000e+01 2.937061924170724758e+00
4.600000000000000000e+01 3.566134885407679977e+00
4.700000000000000000e+01 3.443123647763426387e+00
4.800000000000000000e+01 3.580847603182976790e+00
4.900000000000000000e+01 3.330945535834460625e+00
5.000000000000000000e+01 2.794816265795384780e+00
5.100000000000000000e+01 2.616962387229505360e+00
5.200000000000000000e+01 2.420905890146339168e+00
5.300000000000000000e+01 2.410452419277154590e+00
5.400000000000000000e+01 2.282202142990356286e+00
5.500000000000000000e+01 2.368366007014826469e+00
5.600000000000000000e+01 2.362695251428196030e+00
5.700000000000000000e+01 2.502112967530735865e+00
5.800000000000000000e+01 2.580698970001067849e+00
5.900000000000000000e+01 2.582449195631313810e+00
6.000000000000000000e+01 2.782763653453391495e+00
6.100000000000000000e+01 2.935171203444644217e+00
6.200000000000000000e+01 3.443341488118111471e+00
6.300000000000000000e+01 4.067465450765059387e+00
6.400000000000000000e+01 3.454683231239330521e+00
6.500000000000000000e+01 3.265257355655843075e+00
6.600000000000000000e+01 3.238004668551434762e+00
6.700000000000000000e+01 2.731311007961105819e+00
6.800000000000000000e+01 2.877345091182545556e+00
6.900000000000000000e+01 2.680561011566402918e+00
7.000000000000000000e+01 2.650585152807830802e+00
7.100000000000000000e+01 2.785227123025376006e+00
7.200000000000000000e+01 2.775347239094775986e+00
7.300000000000000000e+01 3.119479663425961391e+00
7.400000000000000000e+01 3.502187745405490382e+00
7.500000000000000000e+01 3.886451967047208189e+00
7.600000000000000000e+01 4.566688101886284379e+00
7.700000000000000000e+01 4.913394290151856580e+00
7.800000000000000000e+01 4.639025780732015214e+00
7.900000000000000000e+01 5.231540752755917012e+00
8.000000000000000000e+01 4.622696554285782966e+00
8.100000000000000000e+01 5.055618821270840613e+00
8.200000000000000000e+01 5.294592102440094372e+00
8.300000000000000000e+01 4.492460473368479867e+00
8.400000000000000000e+01 3.310164365210342741e+00
8.500000000000000000e+01 3.108181376198541734e+00
8.600000000000000000e+01 2.866028758503986307e+00
8.700000000000000000e+01 2.707271338032621877e+00
8.800000000000000000e+01 2.544951788268299264e+00
8.900000000000000000e+01 2.522971282744324917e+00
9.000000000000000000e+01 2.439977442716843914e+00
9.100000000000000000e+01 2.254980469538824472e+00
9.200000000000000000e+01 2.202777527762736387e+00
9.300000000000000000e+01 2.080624923233679535e+00
9.400000000000000000e+01 2.199314039860551961e+00
9.500000000000000000e+01 2.144357772450508293e+00
9.600000000000000000e+01 1.923746605437539836e+00
9.700000000000000000e+01 1.946378970414653464e+00
9.800000000000000000e+01 2.107862182818287078e+00
9.900000000000000000e+01 2.187053661227913448e+00
1.000000000000000000e+02 2.420143365144556746e+00
1.010000000000000000e+02 2.588656812441076926e+00
1.020000000000000000e+02 2.860382257119304494e+00
1.030000000000000000e+02 3.006632626265128394e+00
1.040000000000000000e+02 2.809461837413040008e+00
1.050000000000000000e+02 2.556033765909878408e+00
1.060000000000000000e+02 2.421464813658871229e+00
1.070000000000000000e+02 2.308686103480861895e+00
1.080000000000000000e+02 2.206812429964885691e+00
1.090000000000000000e+02 2.155082214317985745e+00
1.100000000000000000e+02 2.047799323764193602e+00
1.110000000000000000e+02 2.063279398793498309e+00
1.120000000000000000e+02 2.221114530190885006e+00
1.130000000000000000e+02 2.279873665557905493e+00
1.140000000000000000e+02 2.385033355568449309e+00
1.150000000000000000e+02 2.631613493274592930e+00
1.160000000000000000e+02 2.933307120679987889e+00
1.170000000000000000e+02 3.603568508061965936e+00
1.180000000000000000e+02 3.474974718840603494e+00
1.190000000000000000e+02 3.260057514850521976e+00
1.200000000000000000e+02 3.189461728454381806e+00
1.210000000000000000e+02 2.835635381724738391e+00
1.220000000000000000e+02 2.469813267005153801e+00
1.230000000000000000e+02 2.287555460582279654e+00
1.240000000000000000e+02 2.161374169931413292e+00
1.250000000000000000e+02 2.247273087891862531e+00
1.260000000000000000e+02 2.193958352896691721e+00
1.270000000000000000e+02 2.340738387288069156e+00
1.280000000000000000e+02 2.403454972462972794e+00
1.290000000000000000e+02 2.580958813281016617e+00
1.300000000000000000e+02 2.684332678746789380e+00
1.310000000000000000e+02 2.852904647797990911e+00
1.320000000000000000e+02 3.176223769095647409e+00
1.330000000000000000e+02 3.484478035556502373e+00
1.340000000000000000e+02 3.434300925952851191e+00
1.350000000000000000e+02 3.292180146610224512e+00
1.360000000000000000e+02 3.034603437115776181e+00
1.370000000000000000e+02 2.987714116519365692e+00
1.380000000000000000e+02 2.862029242034093368e+00
1.390000000000000000e+02 2.715008912160150611e+00
1.400000000000000000e+02 2.627185284929724585e+00
1.410000000000000000e+02 2.596677842703288164e+00
1.420000000000000000e+02 2.649791620457208730e+00
1.430000000000000000e+02 3.097805632844953916e+00
1.440000000000000000e+02 3.606109970990992952e+00
1.450000000000000000e+02 3.870259899828671468e+00
1.460000000000000000e+02 4.420037133278809982e+00
1.470000000000000000e+02 6.279808905827887422e+00
1.480000000000000000e+02 7.037759343753207553e+00
1.490000000000000000e+02 6.670528857155747282e+00
1.500000000000000000e+02 6.514272997018398570e+00
1.510000000000000000e+02 5.485991939419737840e+00
1.520000000000000000e+02 2.865375010127974686e+00
1.530000000000000000e+02 2.509930897270131744e+00
1.540000000000000000e+02 2.285829704502912119e+00
1.550000000000000000e+02 2.124099185085279728e+00
1.560000000000000000e+02 2.041812941988892849e+00
1.570000000000000000e+02 2.133530331868614294e+00
1.580000000000000000e+02 2.098555003081478798e+00
1.590000000000000000e+02 1.886844736159282832e+00
1.600000000000000000e+02 1.886840404690172113e+00
1.610000000000000000e+02 2.040129792824419752e+00
1.620000000000000000e+02 2.118067016223727173e+00
1.630000000000000000e+02 2.389060945744150288e+00
1.640000000000000000e+02 2.626985632899986545e+00
1.650000000000000000e+02 3.273021792275203179e+00
1.660000000000000000e+02 3.152891310555375526e+00
1.670000000000000000e+02 2.926453049707966603e+00
1.680000000000000000e+02 2.684429806898188886e+00
1.690000000000000000e+02 2.462898112023752528e+00
1.700000000000000000e+02 2.236155000408942328e+00
1.710000000000000000e+02 2.161646751190682725e+00
1.720000000000000000e+02 2.008137562303808021e+00
1.730000000000000000e+02 2.039226287762529566e+00
1.740000000000000000e+02 1.898990275511291070e+00
1.750000000000000000e+02 1.963332026373522554e+00
1.760000000000000000e+02 2.156268010328803442e+00
1.770000000000000000e+02 2.302350780694541132e+00
1.780000000000000000e+02 2.160287084051218276e+00
1.790000000000000000e+02 1.988479253355697418e+00
1.800000000000000000e+02 2.098807922296588746e+00
1.810000000000000000e+02 2.048821487245075179e+00
1.820000000000000000e+02 2.176173189039873002e+00
1.830000000000000000e+02 2.177016452403151003e+00
1.840000000000000000e+02 2.438287664267251298e+00
1.850000000000000000e+02 2.557039915739837799e+00
1.860000000000000000e+02 2.753063030981182102e+00
1.870000000000000000e+02 2.934789261245663639e+00
1.880000000000000000e+02 2.942443338679038511e+00
1.890000000000000000e+02 3.342936638309406572e+00
1.900000000000000000e+02 3.442451440871098445e+00
1.910000000000000000e+02 3.163920610633037089e+00
1.920000000000000000e+02 3.353652505310385834e+00
1.930000000000000000e+02 3.846285548253641551e+00
1.940000000000000000e+02 3.895211835684898816e+00
1.950000000000000000e+02 3.622461959243657770e+00
1.960000000000000000e+02 3.946233695485782622e+00
1.970000000000000000e+02 4.026025045528549562e+00
1.980000000000000000e+02 4.316430629104426764e+00
1.990000000000000000e+02 4.421738429797755110e+00
2.000000000000000000e+02 4.709325953057609482e+00
2.010000000000000000e+02 4.585742857778294379e+00
2.020000000000000000e+02 4.176048948619142998e+00
2.030000000000000000e+02 4.177630332905728494e+00
2.040000000000000000e+02 3.939293343219502308e+00
2.050000000000000000e+02 3.805192652137621590e+00
2.060000000000000000e+02 3.748752840133114717e+00
2.070000000000000000e+02 3.041977096335297226e+00
2.080000000000000000e+02 2.754615216875363704e+00
2.090000000000000000e+02 2.619793071442509724e+00
2.100000000000000000e+02 2.861998892661364202e+00
2.110000000000000000e+02 3.556466036913541018e+00
2.120000000000000000e+02 4.558756539295983679e+00
2.130000000000000000e+02 4.816159973536491279e+00
2.140000000000000000e+02 4.985502379924458438e+00
2.150000000000000000e+02 4.050730039681750938e+00
2.160000000000000000e+02 2.844770080381099575e+00
2.170000000000000000e+02 2.356580149150581782e+00
2.180000000000000000e+02 2.251533892442909135e+00
2.190000000000000000e+02 2.016586295409369622e+00
2.200000000000000000e+02 1.895872652959294635e+00
2.210000000000000000e+02 1.801954387129478974e+00
2.220000000000000000e+02 1.916996724657547668e+00
2.230000000000000000e+02 1.914741330789501594e+00
2.240000000000000000e+02 1.741560315322736807e+00
2.250000000000000000e+02 1.743311805897568734e+00
2.260000000000000000e+02 1.929486016149869254e+00
2.270000000000000000e+02 1.994506467283061246e+00
2.280000000000000000e+02 2.227311865966407733e+00
2.290000000000000000e+02 2.656955491608561815e+00
2.300000000000000000e+02 3.093759136143531485e+00
2.310000000000000000e+02 3.798038230882190724e+00
2.320000000000000000e+02 4.271116178603167945e+00
2.330000000000000000e+02 4.754138148413449727e+00
2.340000000000000000e+02 4.486389098932908936e+00
2.350000000000000000e+02 3.480844070004025959e+00
2.360000000000000000e+02 2.935350932284622960e+00
2.370000000000000000e+02 2.684341941273174825e+00
2.380000000000000000e+02 2.610621232120895030e+00
2.390000000000000000e+02 2.451758408260709121e+00
2.400000000000000000e+02 2.051007411712754358e+00
2.410000000000000000e+02 1.910434000833126422e+00
2.420000000000000000e+02 1.728392994923676040e+00
2.430000000000000000e+02 1.737799138533869359e+00
2.440000000000000000e+02 1.611038890335060314e+00
2.450000000000000000e+02 1.697648633292168308e+00
2.460000000000000000e+02 1.820005572625315038e+00
2.470000000000000000e+02 1.999199079799758083e+00
2.480000000000000000e+02 2.026600974996317639e+00
2.490000000000000000e+02 1.721072184161565266e+00
2.500000000000000000e+02 1.722784126937294324e+00
2.510000000000000000e+02 1.669482989952247642e+00
2.520000000000000000e+02 1.807947832595404369e+00
2.530000000000000000e+02 1.830082445555982540e+00
2.540000000000000000e+02 2.051105180785095961e+00
2.550000000000000000e+02 2.253181396478507903e+00
2.560000000000000000e+02 2.563055213482894334e+00
2.570000000000000000e+02 2.828698476623920488e+00
2.580000000000000000e+02 2.824086639465180237e+00
2.590000000000000000e+02 3.230253320658705185e+00
2.600000000000000000e+02 3.280420400193049257e+00
2.610000000000000000e+02 2.913217913287447391e+00
2.620000000000000000e+02 2.806936966279971912e+00
2.630000000000000000e+02 2.633402822584605119e+00
2.640000000000000000e+02 2.583445527445219714e+00
2.650000000000000000e+02 2.339408453231965446e+00
2.660000000000000000e+02 2.135048249863171321e+00
2.670000000000000000e+02 2.068768285446447752e+00
2.680000000000000000e+02 1.926806628412339739e+00
2.690000000000000000e+02 1.730294738525381737e+00
2.700000000000000000e+02 1.770025766108021648e+00
2.710000000000000000e+02 1.677214290962270704e+00
2.720000000000000000e+02 1.645963552015716980e+00
2.730000000000000000e+02 1.511805937349374851e+00
2.740000000000000000e+02 1.424386110466179911e+00
2.750000000000000000e+02 1.452959540151967710e+00
2.760000000000000000e+02 1.505850990712578996e+00
2.770000000000000000e+02 1.636788824452203528e+00
2.780000000000000000e+02 1.538378000091858766e+00
2.790000000000000000e+02 1.610247321794992637e+00
2.800000000000000000e+02 1.674531962172461919e+00
2.810000000000000000e+02 1.756383553355162164e+00
2.820000000000000000e+02 1.950936854179106783e+00
2.830000000000000000e+02 2.019563329976142629e+00
2.840000000000000000e+02 2.187854502677992308e+00
2.850000000000000000e+02 2.424253600096465178e+00
2.860000000000000000e+02 2.576035954966449104e+00
2.870000000000000000e+02 2.865480142685862486e+00
2.880000000000000000e+02 2.813444552590930403e+00
2.890000000000000000e+02 2.741545143378694149e+00
2.900000000000000000e+02 2.332006932406236466e+00
2.910000000000000000e+02 2.069688268392146480e+00
2.920000000000000000e+02 1.908667429453775100e+00
2.930000000000000000e+02 1.814500572735198158e+00
2.940000000000000000e+02 1.617346961335122790e+00
2.950000000000000000e+02 1.534931599125623825e+00
2.960000000000000000e+02 1.403810688253708916e+00
2.970000000000000000e+02 1.339921771407714957e+00
2.980000000000000000e+02 1.271114419356746739e+00
2.990000000000000000e+02 1.279127357653660368e+00
3.000000000000000000e+02 1.302425413732884341e+00
3.010000000000000000e+02 1.383087998892765569e+00
3.020000000000000000e+02 1.403388468008567092e+00
3.030000000000000000e+02 1.550377450844448557e+00
3.040000000000000000e+02 1.647924709780234309e+00
3.050000000000000000e+02 1.981491598098647389e+00
3.060000000000000000e+02 2.049370480016066143e+00
3.070000000000000000e+02 1.837206747850248068e+00
3.080000000000000000e+02 1.661319615681965178e+00
3.090000000000000000e+02 1.503931071101674011e+00
3.100000000000000000e+02 1.397256647397099760e+00
3.110000000000000000e+02 1.312081208558968815e+00
3.120000000000000000e+02 1.217887004492721470e+00
3.130000000000000000e+02 1.220468930028782317e+00
3.140000000000000000e+02 1.263145189972833871e+00
3.150000000000000000e+02 1.329508905222672288e+00
3.160000000000000000e+02 1.502152398818178414e+00
3.170000000000000000e+02 1.645435609907389241e+00
3.180000000000000000e+02 1.838204709283320915e+00
3.190000000000000000e+02 2.050998860072440255e+00
3.200000000000000000e+02 2.280185267521019021e+00
3.210000000000000000e+02 2.575964021146093685e+00
3.220000000000000000e+02 2.975803270266657918e+00
3.230000000000000000e+02 3.186226396940624372e+00
3.240000000000000000e+02 3.033020009927582361e+00
3.250000000000000000e+02 2.650318023552813873e+00
3.260000000000000000e+02 2.341327797041353076e+00
3.270000000000000000e+02 2.130617197342798974e+00
3.280000000000000000e+02 1.905955517115470288e+00
3.290000000000000000e+02 1.703455691759109492e+00
3.300000000000000000e+02 1.500980544325392740e+00
3.310000000000000000e+02 1.360631656514095456e+00
3.320000000000000000e+02 1.307778303434857570e+00
3.330000000000000000e+02 1.260183530376858041e+00
3.340000000000000000e+02 1.380586215938588435e+00
3.350000000000000000e+02 1.447955478078595259e+00
3.360000000000000000e+02 1.485963017542175635e+00
3.370000000000000000e+02 1.476652613585901941e+00
3.380000000000000000e+02 1.381938409245534016e+00
3.390000000000000000e+02 1.258127651473126551e+00
3.400000000000000000e+02 1.225459593337306696e+00
3.410000000000000000e+02 1.260672773411362524e+00
3.420000000000000000e+02 1.302729718158432082e+00
3.430000000000000000e+02 1.374099486279929394e+00
3.440000000000000000e+02 1.384414646939058136e+00
3.450000000000000000e+02 1.480189532020325549e+00
3.460000000000000000e+02 1.582718151849143107e+00
3.470000000000000000e+02 1.664584447083716112e+00
3.480000000000000000e+02 1.822599471309210184e+00
3.490000000000000000e+02 1.950672346670254242e+00
3.500000000000000000e+02 1.887958553338523471e+00
3.510000000000000000e+02 1.806210981913491720e+00
3.520000000000000000e+02 1.912129890817206856e+00
3.530000000000000000e+02 1.885709923540670685e+00
3.540000000000000000e+02 1.913818124308515500e+00
3.550000000000000000e+02 1.977016765981719937e+00
3.560000000000000000e+02 1.757630127448363222e+00
3.570000000000000000e+02 1.601367000259264151e+00
3.580000000000000000e+02 1.481722203128960302e+00
3.590000000000000000e+02 1.408000830833568751e+00
3.600000000000000000e+02 1.308826868390358555e+00
3.610000000000000000e+02 1.312506450793017754e+00
3.620000000000000000e+02 1.363420379799995530e+00
3.630000000000000000e+02 1.459954683256556418e+00
3.640000000000000000e+02 1.515850506644667473e+00
3.650000000000000000e+02 1.547031697857876420e+00
3.660000000000000000e+02 1.688513388848589702e+00
3.670000000000000000e+02 1.862320911406300405e+00
3.680000000000000000e+02 1.884436394937921477e+00
3.690000000000000000e+02 1.658638151592496390e+00
3.700000000000000000e+02 1.637112572991680004e+00
3.710000000000000000e+02 1.490963265121048043e+00
3.720000000000000000e+02 1.444625359689464261e+00
3.730000000000000000e+02 1.400968425616298418e+00
3.740000000000000000e+02 1.352989329614537883e+00
3.750000000000000000e+02 1.429766917368578527e+00
3.760000000000000000e+02 1.473494414474815661e+00
3.770000000000000000e+02 1.585790337463640176e+00
3.780000000000000000e+02 1.669914157761957618e+00
3.790000000000000000e+02 1.825839539316981508e+00
3.800000000000000000e+02 2.338360953242968776e+00
3.810000000000000000e+02 2.521764136356840158e+00
3.820000000000000000e+02 2.455230126373892485e+00
3.830000000000000000e+02 1.987452560166851345e+00
3.840000000000000000e+02 1.765436156082522912e+00
3.850000000000000000e+02 1.709978297392246382e+00
3.860000000000000000e+02 1.630231129220949038e+00
3.870000000000000000e+02 1.492333881368618220e+00
3.880000000000000000e+02 1.612702171383835203e+00
3.890000000000000000e+02 1.602746064716942698e+00
3.900000000000000000e+02 1.546852368662510857e+00
3.910000000000000000e+02 1.635117053933800246e+00
3.920000000000000000e+02 1.663801455657835549e+00
3.930000000000000000e+02 1.729391335366575744e+00
3.940000000000000000e+02 1.878594628983683679e+00
3.950000000000000000e+02 1.994484391820485980e+00
3.960000000000000000e+02 2.360140554663625156e+00
3.970000000000000000e+02 2.231686472693655166e+00
3.980000000000000000e+02 2.355915394803194118e+00
3.990000000000000000e+02 2.222398882204752901e+00
4.000000000000000000e+02 1.961502152507583974e+00
4.010000000000000000e+02 1.801351008121048425e+00
4.020000000000000000e+02 1.755654703372110381e+00
4.030000000000000000e+02 1.586949850322119104e+00
4.040000000000000000e+02 1.570318292497395296e+00
4.050000000000000000e+02 1.504166315235105023e+00
4.060000000000000000e+02 1.534317988583368653e+00
4.070000000000000000e+02 1.587042877640678418e+00
4.080000000000000000e+02 1.627254302587453072e+00
4.090000000000000000e+02 1.765522256454920669e+00
4.100000000000000000e+02 1.818126572733339552e+00
4.110000000000000000e+02 1.913936937798205395e+00
4.120000000000000000e+02 2.174424074657979489e+00
4.130000000000000000e+02 2.383972254273597713e+00
4.140000000000000000e+02 2.635978295588074172e+00
4.150000000000000000e+02 2.789508812531010129e+00
4.160000000000000000e+02 2.691742182834542252e+00
4.170000000000000000e+02 2.639661414215372925e+00
4.180000000000000000e+02 2.337651066020072221e+00
4.190000000000000000e+02 2.211709587805472665e+00
4.200000000000000000e+02 2.067142734682346550e+00
4.210000000000000000e+02 2.188652910036679167e+00
4.220000000000000000e+02 1.896601233288241595e+00
4.230000000000000000e+02 1.875644513517663148e+00
4.240000000000000000e+02 1.718032155708209441e+00
4.250000000000000000e+02 1.741724636735930920e+00
4.260000000000000000e+02 1.744511732229236944e+00
4.270000000000000000e+02 1.817585154892920496e+00
4.280000000000000000e+02 1.829301525668926010e+00
4.290000000000000000e+02 2.004544886794771053e+00
4.300000000000000000e+02 2.056702844903856242e+00
4.310000000000000000e+02 2.044614105139926252e+00
4.320000000000000000e+02 1.957795060536519527e+00
4.330000000000000000e+02 1.953726922453662862e+00
4.340000000000000000e+02 2.030638503293882291e+00
4.350000000000000000e+02 2.022940519330328257e+00
4.360000000000000000e+02 2.153827020808630976e+00
4.370000000000000000e+02 2.057881846460223763e+00
4.380000000000000000e+02 2.176597626876759062e+00
4.390000000000000000e+02 2.281866017736593033e+00
4.400000000000000000e+02 2.144708492066016436e+00
4.410000000000000000e+02 2.230909762354476467e+00
4.420000000000000000e+02 2.112283265990656300e+00
4.430000000000000000e+02 2.153702628131397567e+00
4.440000000000000000e+02 2.169509515209531170e+00
4.450000000000000000e+02 2.169582244922655168e+00
4.460000000000000000e+02 2.208740955646817827e+00
4.470000000000000000e+02 2.174902162503539849e+00
4.480000000000000000e+02 2.292384570879604233e+00
4.490000000000000000e+02 2.398293496013677473e+00
4.500000000000000000e+02 2.628909439076737353e+00
4.510000000000000000e+02 2.739020677544339755e+00
4.520000000000000000e+02 2.589147476272800841e+00
4.530000000000000000e+02 2.779727042766884093e+00
4.540000000000000000e+02 2.899039228647143140e+00
4.550000000000000000e+02 3.220920538495020580e+00
4.560000000000000000e+02 3.923201732027608024e+00
4.570000000000000000e+02 4.606300950749492529e+00
4.580000000000000000e+02 4.676607691366965192e+00
4.590000000000000000e+02 4.187386555343013406e+00
4.600000000000000000e+02 4.278000794624503555e+00
4.610000000000000000e+02 3.966533904982758152e+00
4.620000000000000000e+02 4.221498718792877192e+00
4.630000000000000000e+02 3.889586331480467063e+00
4.640000000000000000e+02 4.065541185118671130e+00
4.650000000000000000e+02 4.420314264088053946e+00
4.660000000000000000e+02 4.413799656015894968e+00
4.670000000000000000e+02 4.714933397371117607e+00
4.680000000000000000e+02 4.363133323144965381e+00
4.690000000000000000e+02 4.267942469137203432e+00
4.700000000000000000e+02 3.752445640031439655e+00
4.710000000000000000e+02 3.523934337308235687e+00
4.720000000000000000e+02 3.118876518349718019e+00
4.730000000000000000e+02 2.857888613271400757e+00
4.740000000000000000e+02 2.741824701663239328e+00
4.750000000000000000e+02 2.503031276245147208e+00
4.760000000000000000e+02 2.504821807086871299e+00
4.770000000000000000e+02 2.427019807826158004e+00
4.780000000000000000e+02 2.480150502782519251e+00
4.790000000000000000e+02 2.456847643709977103e+00
4.800000000000000000e+02 2.494974891335147493e+00
4.810000000000000000e+02 2.461964522899481977e+00
4.820000000000000000e+02 2.511490783350811551e+00
4.830000000000000000e+02 2.487764985976412824e+00
4.840000000000000000e+02 2.635120341873661509e+00
4.850000000000000000e+02 2.832643147105455395e+00
4.860000000000000000e+02 3.106472447941061255e+00
4.870000000000000000e+02 2.987198519029713673e+00
4.880000000000000000e+02 3.241957667463299497e+00
4.890000000000000000e+02 3.456816679764827871e+00
4.900000000000000000e+02 3.258126925764386339e+00
4.910000000000000000e+02 2.922277473419081062e+00
4.920000000000000000e+02 2.905415409857845965e+00
4.930000000000000000e+02 2.646404754744533516e+00
4.940000000000000000e+02 2.613917602027777232e+00
4.950000000000000000e+02 2.456300236119980163e+00
4.960000000000000000e+02 2.447682169986859169e+00
4.970000000000000000e+02 2.380515809461869470e+00
4.980000000000000000e+02 2.407807937322504088e+00
4.990000000000000000e+02 2.445950483853361224e+00
5.000000000000000000e+02 2.443033839005545271e+00
5.010000000000000000e+02 2.326893745797438573e+00
5.020000000000000000e+02 2.358553818877155983e+00
5.030000000000000000e+02 2.655897069468942551e+00
5.040000000000000000e+02 3.524616726217833396e+00
5.050000000000000000e+02 4.315421515605200042e+00
5.060000000000000000e+02 4.250599680808833547e+00
5.070000000000000000e+02 3.507950161535668965e+00
5.080000000000000000e+02 3.153737848932402166e+00
5.090000000000000000e+02 2.878895401394022890e+00
5.100000000000000000e+02 2.837824157177099238e+00
5.110000000000000000e+02 2.757799208782963696e+00
5.120000000000000000e+02 2.881569050179385361e+00
5.130000000000000000e+02 2.916052221590577087e+00
5.140000000000000000e+02 3.139394498218767815e+00
5.150000000000000000e+02 3.417311632901444352e+00
5.160000000000000000e+02 3.418068292669771413e+00
5.170000000000000000e+02 3.320693044551108031e+00
5.180000000000000000e+02 3.098150224318424684e+00
5.190000000000000000e+02 2.803538190286741560e+00
5.200000000000000000e+02 2.753097344165510663e+00
5.210000000000000000e+02 2.800910686779683800e+00
5.220000000000000000e+02 2.807030177667257931e+00
5.230000000000000000e+02 2.871642279468246794e+00
5.240000000000000000e+02 2.942850140060115471e+00
5.250000000000000000e+02 2.919519503678966288e+00
5.260000000000000000e+02 3.043112740201012301e+00
5.270000000000000000e+02 2.932086163211632623e+00
5.280000000000000000e+02 3.162470253369601192e+00
5.290000000000000000e+02 3.071087206566163630e+00
5.300000000000000000e+02 3.143658558581551521e+00
5.310000000000000000e+02 3.711516597391634864e+00
5.320000000000000000e+02 3.240026137597110001e+00
5.330000000000000000e+02 2.933960830793683527e+00
5.340000000000000000e+02 2.853685126757004475e+00
5.350000000000000000e+02 2.752471212890552188e+00
5.360000000000000000e+02 2.775977786642449985e+00
5.370000000000000000e+02 2.786151988150759262e+00
5.380000000000000000e+02 2.800642064422558697e+00
5.390000000000000000e+02 2.912455376945385144e+00
5.400000000000000000e+02 2.818145370294853791e+00
5.410000000000000000e+02 2.912066245301045520e+00
5.420000000000000000e+02 2.934708824256762938e+00
5.430000000000000000e+02 3.180361577295640174e+00
5.440000000000000000e+02 3.475417612648204813e+00
5.450000000000000000e+02 3.599135478731095183e+00
5.460000000000000000e+02 3.398011904913128767e+00
5.470000000000000000e+02 3.637092292225511336e+00
5.480000000000000000e+02 3.631458179090409910e+00
5.490000000000000000e+02 3.866227331253736743e+00
5.500000000000000000e+02 3.024206446215933486e+00
5.510000000000000000e+02 3.063239780696657366e+00
5.520000000000000000e+02 3.012457602746848373e+00
5.530000000000000000e+02 2.794688574938761327e+00
5.540000000000000000e+02 2.554244166530952320e+00
5.550000000000000000e+02 2.436270772092363313e+00
5.560000000000000000e+02 2.262196199340556824e+00
5.570000000000000000e+02 2.229970808357297329e+00
5.580000000000000000e+02 2.121525702844496930e+00
5.590000000000000000e+02 2.125910722514560369e+00
5.600000000000000000e+02 2.098194878976699762e+00
5.610000000000000000e+02 2.207079411590125329e+00
5.620000000000000000e+02 2.312706338844918719e+00
5.630000000000000000e+02 2.529519690110670460e+00
5.640000000000000000e+02 2.860016440409084648e+00
5.650000000000000000e+02 3.492740293814845298e+00
5.660000000000000000e+02 4.195452037061403239e+00
5.670000000000000000e+02 4.672453499523668619e+00
5.680000000000000000e+02 5.501407986601974720e+00
5.690000000000000000e+02 5.856608733461791338e+00
5.700000000000000000e+02 5.826022530010295242e+00
5.710000000000000000e+02 5.271047930490493805e+00
5.720000000000000000e+02 4.653841496346042383e+00
5.730000000000000000e+02 3.522311577234086055e+00
5.740000000000000000e+02 2.684227440637702689e+00
5.750000000000000000e+02 2.587409560857846014e+00
5.760000000000000000e+02 2.392123043149251060e+00
5.770000000000000000e+02 2.134724013165194112e+00
5.780000000000000000e+02 2.033259452368140874e+00
5.790000000000000000e+02 1.939284042561038701e+00
5.800000000000000000e+02 1.877538797766798329e+00
5.810000000000000000e+02 1.970142723256522510e+00
5.820000000000000000e+02 2.032215758562438523e+00
5.830000000000000000e+02 2.011721502234101955e+00
5.840000000000000000e+02 1.991362833866751281e+00
5.850000000000000000e+02 1.982705207823264759e+00
5.860000000000000000e+02 1.912763283632324285e+00
5.870000000000000000e+02 2.022131428109599671e+00
5.880000000000000000e+02 2.107895804161540987e+00
5.890000000000000000e+02 2.288647772670144853e+00
5.900000000000000000e+02 2.441343932552812568e+00
5.910000000000000000e+02 2.608891255237752116e+00
5.920000000000000000e+02 3.051197300814946445e+00
5.930000000000000000e+02 3.317467318056044334e+00
5.940000000000000000e+02 4.628497787825442522e+00
5.950000000000000000e+02 4.623705794271176117e+00
5.960000000000000000e+02 6.276764968328986782e+00
5.970000000000000000e+02 7.494443078199616082e+00
5.980000000000000000e+02 8.663022794024604067e+00
5.990000000000000000e+02 9.096504340939548072e+00
6.000000000000000000e+02 8.255985283941770447e+00
6.010000000000000000e+02 6.947072808782010611e+00
6.020000000000000000e+02 4.896135010877266325e+00
6.030000000000000000e+02 3.386082928795801195e+00
6.040000000000000000e+02 2.984853757286677123e+00
6.050000000000000000e+02 3.122890587600262613e+00
6.060000000000000000e+02 2.931851076286692948e+00
6.070000000000000000e+02 3.032073249109802582e+00
6.080000000000000000e+02 2.940259094341493906e+00
6.090000000000000000e+02 3.071231970524185950e+00
6.100000000000000000e+02 2.969114137026548583e+00
6.110000000000000000e+02 3.141331172128362770e+00
6.120000000000000000e+02 3.130526245525036000e+00
6.130000000000000000e+02 3.463665015463663899e+00
6.140000000000000000e+02 3.346636334235999488e+00
6.150000000000000000e+02 3.552243130143213801e+00
6.160000000000000000e+02 3.446369876345571015e+00
6.170000000000000000e+02 3.230651288913158226e+00
6.180000000000000000e+02 3.232231361604824382e+00
6.190000000000000000e+02 3.245375149607573118e+00
6.200000000000000000e+02 3.102604870476843857e+00
6.210000000000000000e+02 2.917710573638353289e+00
6.220000000000000000e+02 2.752975825314750491e+00
6.230000000000000000e+02 2.800105441074102863e+00
6.240000000000000000e+02 2.697453694847891992e+00
6.250000000000000000e+02 2.766045356987756332e+00
6.260000000000000000e+02 2.666555186266886146e+00
6.270000000000000000e+02 2.725041865446411027e+00
6.280000000000000000e+02 2.750051955056185715e+00
6.290000000000000000e+02 2.733791841813122847e+00
6.300000000000000000e+02 2.862231862678608962e+00
6.310000000000000000e+02 2.811009126097493649e+00
6.320000000000000000e+02 2.992370835817834696e+00
6.330000000000000000e+02 3.016660141288526553e+00
6.340000000000000000e+02 3.378604916986620577e+00
6.350000000000000000e+02 3.302425925340167101e+00
6.360000000000000000e+02 3.185337901855022746e+00
6.370000000000000000e+02 2.956364359092801042e+00
6.380000000000000000e+02 2.700158055891081155e+00
6.390000000000000000e+02 2.543605643158362906e+00
6.400000000000000000e+02 2.340320695345813995e+00
6.410000000000000000e+02 2.411346581617555884e+00
6.420000000000000000e+02 2.363264075209916104e+00
6.430000000000000000e+02 2.447103660138943315e+00
6.440000000000000000e+02 2.534802094735677969e+00
6.450000000000000000e+02 2.596704036318187470e+00
6.460000000000000000e+02 2.733871871032805156e+00
6.470000000000000000e+02 2.725461570953722212e+00
6.480000000000000000e+02 2.875536014243039951e+00
6.490000000000000000e+02 2.867948264711051465e+00
6.500000000000000000e+02 2.913980879794504375e+00
6.510000000000000000e+02 2.764448670888672410e+00
6.520000000000000000e+02 2.626557013223406845e+00
6.530000000000000000e+02 2.414668012440933875e+00
6.540000000000000000e+02 2.320845991907649619e+00
6.550000000000000000e+02 2.223786212528918949e+00
6.560000000000000000e+02 2.221824605766019367e+00
6.570000000000000000e+02 2.292654151224861714e+00
6.580000000000000000e+02 2.363616743764870964e+00
6.590000000000000000e+02 2.625108377548304173e+00
6.600000000000000000e+02 2.820356047136632238e+00
6.610000000000000000e+02 2.829736978407192183e+00
6.620000000000000000e+02 2.883392801772185710e+00
6.630000000000000000e+02 2.651440085938111313e+00
6.640000000000000000e+02 2.495375832041936803e+00
6.650000000000000000e+02 2.353782438041536640e+00
6.660000000000000000e+02 2.422558514862909185e+00
6.670000000000000000e+02 2.387398778678952116e+00
6.680000000000000000e+02 2.156881012289215693e+00
6.690000000000000000e+02 2.146698799030656080e+00
6.700000000000000000e+02 2.306936777065080602e+00
6.710000000000000000e+02 2.550170100398385209e+00
6.720000000000000000e+02 3.154368385883051129e+00
6.730000000000000000e+02 3.815606826446803268e+00
6.740000000000000000e+02 4.872270101336028780e+00
6.750000000000000000e+02 3.897191671861785167e+00
6.760000000000000000e+02 3.232030392877353275e+00
6.770000000000000000e+02 2.778314677532144117e+00
6.780000000000000000e+02 2.552783358114850465e+00
6.790000000000000000e+02 2.362377500864542235e+00
6.800000000000000000e+02 2.292321735672974814e+00
6.810000000000000000e+02 2.212447231957675786e+00
6.820000000000000000e+02 2.172571813890593617e+00
6.830000000000000000e+02 2.326447603919559182e+00
6.840000000000000000e+02 2.319627441745208518e+00
6.850000000000000000e+02 2.365739974026001669e+00
6.860000000000000000e+02 2.551567680944802685e+00
6.870000000000000000e+02 2.639285787481529866e+00
6.880000000000000000e+02 2.973077143042728743e+00
6.890000000000000000e+02 3.134705431261568087e+00
6.900000000000000000e+02 3.267265569547679327e+00
6.910000000000000000e+02 3.189877703377605123e+00
6.920000000000000000e+02 3.028396874386698467e+00
6.930000000000000000e+02 2.783911963932637068e+00
6.940000000000000000e+02 2.767964470215520389e+00
6.950000000000000000e+02 2.588914543922202771e+00
6.960000000000000000e+02 2.530959291458455773e+00
6.970000000000000000e+02 2.439119010946531052e+00
6.980000000000000000e+02 2.459550933069414302e+00
6.990000000000000000e+02 2.564812534580473535e+00
7.000000000000000000e+02 2.664337887962184404e+00
7.010000000000000000e+02 2.804819197548602094e+00
7.020000000000000000e+02 2.876123571307833693e+00
7.030000000000000000e+02 3.134494984949940832e+00
7.040000000000000000e+02 3.283314567957848595e+00
7.050000000000000000e+02 3.503539353447123972e+00
7.060000000000000000e+02 3.645211957412870962e+00
7.070000000000000000e+02 3.907771313134796642e+00
7.080000000000000000e+02 3.714621767309941536e+00
7.090000000000000000e+02 3.701116884090869252e+00
7.100000000000000000e+02 3.491032714282745530e+00
7.110000000000000000e+02 3.265053956148272540e+00
7.120000000000000000e+02 3.174573210502131371e+00
7.130000000000000000e+02 2.957654357733369821e+00
7.140000000000000000e+02 2.993651008037427452e+00
7.150000000000000000e+02 2.841681589210776959e+00
7.160000000000000000e+02 2.845881404617477628e+00
7.170000000000000000e+02 2.774251649757918603e+00
7.180000000000000000e+02 2.753090749184768260e+00
7.190000000000000000e+02 2.624788645452989400e+00
7.200000000000000000e+02 2.701177867893354012e+00
7.210000000000000000e+02 3.148809664191768221e+00
7.220000000000000000e+02 3.758304390485107671e+00
7.230000000000000000e+02 3.851632939683903079e+00
7.240000000000000000e+02 3.619108488260791123e+00
7.250000000000000000e+02 4.324627288905067424e+00
7.260000000000000000e+02 4.132963543526643413e+00
7.270000000000000000e+02 3.568452734325230580e+00
7.280000000000000000e+02 3.669900958849276140e+00
7.290000000000000000e+02 3.305103819159949108e+00
7.300000000000000000e+02 3.153253552215933730e+00
7.310000000000000000e+02 3.222967784314065831e+00
7.320000000000000000e+02 3.204191874256965722e+00
7.330000000000000000e+02 3.334804228304790286e+00
7.340000000000000000e+02 3.323430266656750565e+00
7.350000000000000000e+02 3.522513095430629182e+00
7.360000000000000000e+02 3.430472875917589537e+00
7.370000000000000000e+02 3.508309432416069296e+00
7.380000000000000000e+02 3.481189255613870159e+00
7.390000000000000000e+02 3.420023934770972662e+00
7.400000000000000000e+02 3.442453097583267674e+00
7.410000000000000000e+02 3.320501706141863796e+00
7.420000000000000000e+02 3.288325897619111426e+00
7.430000000000000000e+02 3.201618309783200278e+00
7.440000000000000000e+02 3.144709996256694229e+00
7.450000000000000000e+02 3.085259339225270736e+00
7.460000000000000000e+02 3.171459234790106052e+00
7.470000000000000000e+02 3.234300947996830544e+00
7.480000000000000000e+02 3.324835654614344715e+00
7.490000000000000000e+02 3.481125265035511784e+00
7.500000000000000000e+02 3.435350589439663871e+00
7.510000000000000000e+02 3.534859343705022194e+00
7.520000000000000000e+02 3.520257935607808975e+00
7.530000000000000000e+02 3.643021382949313214e+00
7.540000000000000000e+02 3.773519833160469794e+00
7.550000000000000000e+02 3.903474222262316662e+00
7.560000000000000000e+02 4.114814833636049940e+00
7.570000000000000000e+02 4.256491953208684009e+00
7.580000000000000000e+02 4.567416351164080623e+00
7.590000000000000000e+02 4.930239466906622070e+00
7.600000000000000000e+02 4.753687619711414847e+00
7.610000000000000000e+02 5.176858806142957903e+00
7.620000000000000000e+02 5.296074527045965041e+00
7.630000000000000000e+02 5.345412420192389824e+00
7.640000000000000000e+02 5.585067226817115760e+00
7.650000000000000000e+02 5.449126319404546948e+00
7.660000000000000000e+02 5.069437888908001177e+00
7.670000000000000000e+02 5.386646403616127898e+00
7.680000000000000000e+02 4.930501435836852409e+00
7.690000000000000000e+02 4.440099608877612347e+00
7.700000000000000000e+02 4.440038702706084806e+00
7.710000000000000000e+02 4.624054095590635072e+00
7.720000000000000000e+02 4.303920341765412161e+00
7.730000000000000000e+02 4.064543225230553780e+00
7.740000000000000000e+02 3.820260671759383442e+00
7.750000000000000000e+02 3.689310132478442750e+00
7.760000000000000000e+02 3.528019491055785828e+00
7.770000000000000000e+02 3.448609013552889291e+00
7.780000000000000000e+02 3.313062586189634562e+00
7.790000000000000000e+02 3.207255685906824638e+00
7.800000000000000000e+02 3.152792750700673885e+00
7.810000000000000000e+02 3.070784235665013906e+00
7.820000000000000000e+02 3.095682837115368180e+00
7.830000000000000000e+02 3.076517417811826860e+00
7.840000000000000000e+02 3.097349903446878550e+00
7.850000000000000000e+02 3.118566146204237999e+00
7.860000000000000000e+02 3.112858926601254073e+00
7.870000000000000000e+02 3.081987618013935837e+00
7.880000000000000000e+02 3.241157193631590161e+00
7.890000000000000000e+02 3.365403483044779875e+00
7.900000000000000000e+02 3.443697137432976785e+00
7.910000000000000000e+02 3.533477252346528097e+00
7.920000000000000000e+02 3.567576465949639175e+00
7.930000000000000000e+02 3.491313337971583497e+00
7.940000000000000000e+02 3.603059130681213862e+00
7.950000000000000000e+02 3.483444260297929862e+00
7.960000000000000000e+02 3.758751216048222155e+00
7.970000000000000000e+02 3.716866411034898121e+00
7.980000000000000000e+02 4.184980223442441805e+00
7.990000000000000000e+02 4.068110247338069918e+00
8.000000000000000000e+02 4.174958705505650514e+00
8.010000000000000000e+02 4.275305732464586228e+00
8.020000000000000000e+02 4.511215780628564431e+00
8.030000000000000000e+02 4.637266636127017172e+00
8.040000000000000000e+02 5.024045620993287109e+00
8.050000000000000000e+02 5.157419952644782590e+00
8.060000000000000000e+02 4.741640256901350270e+00
8.070000000000000000e+02 4.472807686005553229e+00
8.080000000000000000e+02 4.158892421236943804e+00
8.090000000000000000e+02 3.921957250696299635e+00
8.100000000000000000e+02 4.133987999955812676e+00
8.110000000000000000e+02 4.013498498962078109e+00
8.120000000000000000e+02 4.151971976057260427e+00
8.130000000000000000e+02 4.045928358869897323e+00
8.140000000000000000e+02 3.827173102131076199e+00
8.150000000000000000e+02 3.765094184169853087e+00
8.160000000000000000e+02 3.546278877041237454e+00
8.170000000000000000e+02 3.463117689647378317e+00
8.180000000000000000e+02 3.405849980027711776e+00
8.190000000000000000e+02 3.525465745763982195e+00
8.200000000000000000e+02 3.529893394181959021e+00
8.210000000000000000e+02 3.764588942692617124e+00
8.220000000000000000e+02 3.816563072038959614e+00
8.230000000000000000e+02 4.105748518136088876e+00
8.240000000000000000e+02 4.255042107808193919e+00
8.250000000000000000e+02 4.614869482741595696e+00
8.260000000000000000e+02 4.489506784696659203e+00
8.270000000000000000e+02 4.602662820422886547e+00
8.280000000000000000e+02 4.341346325189468836e+00
8.290000000000000000e+02 4.527873587341043837e+00
8.300000000000000000e+02 4.953451969833523094e+00
8.310000000000000000e+02 5.209995273426110352e+00
8.320000000000000000e+02 5.171530243574958163e+00
8.330000000000000000e+02 5.003468142841707156e+00
8.340000000000000000e+02 5.223224200423907781e+00
8.350000000000000000e+02 5.454607144761603799e+00
8.360000000000000000e+02 6.422490408249623250e+00
8.370000000000000000e+02 7.334757589810678269e+00
8.380000000000000000e+02 8.234680993060916165e+00
8.390000000000000000e+02 9.235119436698926876e+00
8.400000000000000000e+02 9.048226678580700622e+00
8.410000000000000000e+02 9.569043222895048828e+00
8.420000000000000000e+02 1.056262916706333144e+01
8.430000000000000000e+02 1.104365521589615895e+01
8.440000000000000000e+02 1.188230096215207965e+01
8.450000000000000000e+02 1.266642169919721006e+01
8.460000000000000000e+02 1.321673172809902752e+01
8.470000000000000000e+02 1.382040043008361430e+01
8.480000000000000000e+02 1.430923073680029667e+01
8.490000000000000000e+02 1.462648548101956969e+01
8.500000000000000000e+02 1.483755801549310860e+01
8.510000000000000000e+02 1.501990554759174579e+01
8.520000000000000000e+02 1.446275231235505032e+01
8.530000000000000000e+02 1.374374134234152756e+01
8.540000000000000000e+02 1.422949752181931871e+01
8.550000000000000000e+02 1.343008406556348611e+01
8.560000000000000000e+02 1.160397875219669750e+01
8.570000000000000000e+02 1.056522041499085063e+01
8.580000000000000000e+02 9.618575614114670103e+00
8.590000000000000000e+02 8.304406712996248885e+00
8.600000000000000000e+02 6.896045213564599763e+00
8.610000000000000000e+02 6.558372455371679344e+00
8.620000000000000000e+02 6.733800183065233647e+00
8.630000000000000000e+02 6.675530405602331463e+00
8.640000000000000000e+02 6.639420583949611654e+00
8.650000000000000000e+02 6.009364163776458767e+00
8.660000000000000000e+02 5.376083214729180604e+00
8.670000000000000000e+02 4.696219851518464772e+00
8.680000000000000000e+02 4.528494336681887944e+00
8.690000000000000000e+02 4.259218245165362404e+00
8.700000000000000000e+02 4.234886311080750865e+00
8.710000000000000000e+02 4.161407968080111708e+00
8.720000000000000000e+02 4.247933579987336117e+00
8.730000000000000000e+02 4.228972193684056968e+00
8.740000000000000000e+02 4.377832596498317130e+00
8.750000000000000000e+02 4.693941230181073898e+00
8.760000000000000000e+02 4.719374684995751856e+00
8.770000000000000000e+02 4.511190543202200587e+00
8.780000000000000000e+02 4.604266917106972556e+00
8.790000000000000000e+02 4.483227941871679612e+00
8.800000000000000000e+02 4.469345682919267482e+00
8.810000000000000000e+02 4.241984277284512217e+00
8.820000000000000000e+02 3.930193725531055726e+00
8.830000000000000000e+02 3.846124864997852555e+00
8.840000000000000000e+02 3.667123177402618062e+00
8.850000000000000000e+02 3.672941702530750252e+00
8.860000000000000000e+02 3.444052896519957940e+00
8.870000000000000000e+02 3.559909430680551434e+00
8.880000000000000000e+02 3.442713325127293889e+00
8.890000000000000000e+02 3.226982628397824904e+00
8.900000000000000000e+02 3.285474938357670460e+00
8.910000000000000000e+02 3.071174953371933469e+00
8.920000000000000000e+02 3.147731421727721912e+00
8.930000000000000000e+02 3.052278869065039757e+00
8.940000000000000000e+02 3.055764944899066915e+00
8.950000000000000000e+02 3.171928162107130689e+00
8.960000000000000000e+02 3.187580763583802046e+00
8.970000000000000000e+02 3.373383960334495502e+00
8.980000000000000000e+02 3.450927260588004142e+00
8.990000000000000000e+02 3.616675189334777940e+00
9.000000000000000000e+02 3.699323235993687842e+00
9.010000000000000000e+02 3.683811227702311175e+00
9.020000000000000000e+02 3.830040343785820589e+00
9.030000000000000000e+02 3.793067433894806051e+00
9.040000000000000000e+02 4.135447006295816408e+00
9.050000000000000000e+02 4.210883052879310640e+00
9.060000000000000000e+02 4.547539854080532962e+00
9.070000000000000000e+02 4.478149863156192900e+00
9.080000000000000000e+02 4.290303217992872398e+00
9.090000000000000000e+02 4.486823101628909960e+00
9.100000000000000000e+02 4.789023091816563493e+00
9.110000000000000000e+02 5.319608854659439778e+00
9.120000000000000000e+02 5.558315273990619865e+00
9.130000000000000000e+02 5.712495588369965738e+00
9.140000000000000000e+02 5.210196796338263603e+00
9.150000000000000000e+02 5.314715208435682570e+00
9.160000000000000000e+02 4.562477290471800728e+00
9.170000000000000000e+02 4.108827217250687447e+00
9.180000000000000000e+02 3.989216469462117942e+00
9.190000000000000000e+02 3.849399689770211186e+00
9.200000000000000000e+02 3.851652555542137257e+00
9.210000000000000000e+02 3.816631313117892166e+00
9.220000000000000000e+02 3.815883554049912085e+00
9.230000000000000000e+02 3.810293578927204550e+00
9.240000000000000000e+02 3.521285678134629116e+00
9.250000000000000000e+02 3.567163432945026358e+00
9.260000000000000000e+02 3.409832427557367041e+00
9.270000000000000000e+02 3.593819415602960365e+00
9.280000000000000000e+02 3.556084698605719296e+00
9.290000000000000000e+02 3.788074797390311943e+00
9.300000000000000000e+02 3.771421081051680169e+00
9.310000000000000000e+02 3.638785150573463412e+00
9.320000000000000000e+02 3.685169441433721271e+00
9.330000000000000000e+02 3.710585461851327427e+00
9.340000000000000000e+02 3.986829220664042772e+00
9.350000000000000000e+02 3.999007644754336788e+00
9.360000000000000000e+02 3.836832115320034209e+00
9.370000000000000000e+02 3.983810240760200738e+00
9.380000000000000000e+02 3.920169444559298721e+00
9.390000000000000000e+02 4.006034861229528232e+00
9.400000000000000000e+02 3.892835617101811696e+00
9.410000000000000000e+02 3.666242278801411736e+00
9.420000000000000000e+02 3.640464121133798692e+00
9.430000000000000000e+02 3.489084713323570508e+00
9.440000000000000000e+02 3.499766785192292229e+00
9.450000000000000000e+02 3.398418736047703614e+00
9.460000000000000000e+02 3.501356022161155934e+00
9.470000000000000000e+02 3.409632052998321949e+00
9.480000000000000000e+02 3.501445464085392700e+00
9.490000000000000000e+02 3.541990869995691238e+00
9.500000000000000000e+02 3.631420047245336846e+00
9.510000000000000000e+02 3.763100738525333888e+00
9.520000000000000000e+02 3.849969861540068372e+00
9.530000000000000000e+02 3.969385588507519103e+00
9.540000000000000000e+02 3.907367415355955220e+00
9.550000000000000000e+02 3.745235867395101614e+00
9.560000000000000000e+02 3.263019181703296745e+00
9.570000000000000000e+02 3.125520543939091400e+00
9.580000000000000000e+02 2.783218849354389679e+00
9.590000000000000000e+02 2.560194300904594211e+00
9.600000000000000000e+02 2.864395819055048253e+00
9.610000000000000000e+02 3.287430881678871764e+00
9.620000000000000000e+02 3.123968096759124347e+00
9.630000000000000000e+02 3.719808712859697053e+00
9.640000000000000000e+02 3.316266287275891234e+00
9.650000000000000000e+02 2.575744946953107739e+00
9.660000000000000000e+02 3.076453808945452284e+00
9.670000000000000000e+02 3.641268691451686745e+00
9.680000000000000000e+02 3.296475204223717537e+00
9.690000000000000000e+02 3.012493508850592416e+00
9.700000000000000000e+02 3.629351844022723927e+00
9.710000000000000000e+02 4.155985997437314339e+00
9.720000000000000000e+02 3.909793772253230326e+00
9.730000000000000000e+02 3.912811346767565812e+00
9.740000000000000000e+02 4.642255569435570273e+00
9.750000000000000000e+02 5.066539514170244729e+00
9.760000000000000000e+02 4.820821241383465683e+00
9.770000000000000000e+02 5.151792421753039974e+00
9.780000000000000000e+02 5.963417030291892296e+00
9.790000000000000000e+02 6.134545937483287581e+00
9.800000000000000000e+02 6.048354093572018364e+00
9.810000000000000000e+02 6.607670533718281725e+00
9.820000000000000000e+02 7.426686077658882112e+00
9.830000000000000000e+02 7.400169675754781018e+00
9.840000000000000000e+02 7.335321790421041044e+00
9.850000000000000000e+02 8.154052498042835495e+00
9.860000000000000000e+02 8.808429132311077936e+00
9.870000000000000000e+02 8.571242227312398043e+00
9.880000000000000000e+02 8.659908239926663143e+00
9.890000000000000000e+02 9.709233818261719051e+00
9.900000000000000000e+02 1.006073828801717518e+01
9.910000000000000000e+02 9.612969711717482824e+00
9.920000000000000000e+02 1.038264144133312250e+01
9.930000000000000000e+02 1.152983693366064344e+01
9.940000000000000000e+02 1.179424057696347283e+01
9.950000000000000000e+02 1.188393775866863677e+01
9.960000000000000000e+02 1.291286456379952519e+01
9.970000000000000000e+02 1.189729235233204641e+01
9.980000000000000000e+02 1.202037665969400138e+01
9.990000000000000000e+02 1.232200155028047561e+01
1.000000000000000000e+03 1.228344269756973262e+01
1.001000000000000000e+03 1.229768240791249490e+01
1.002000000000000000e+03 1.242308074940128471e+01
1.003000000000000000e+03 1.188077046584646546e+01
1.004000000000000000e+03 1.197942653547791103e+01
1.005000000000000000e+03 1.195986005912911132e+01
1.006000000000000000e+03 1.187168440417609894e+01
1.007000000000000000e+03 1.192212602089435691e+01
1.008000000000000000e+03 1.259321712952632666e+01
1.009000000000000000e+03 1.336885179990876260e+01
1.010000000000000000e+03 1.466153308092834706e+01
1.011000000000000000e+03 1.614627811542333191e+01
1.012000000000000000e+03 1.742568353834684913e+01
1.013000000000000000e+03 1.874607863160240129e+01
1.014000000000000000e+03 1.989586522894338927e+01
1.015000000000000000e+03 2.129485439562947491e+01
1.016000000000000000e+03 2.254810494474130778e+01
1.017000000000000000e+03 2.415040250613018102e+01
1.018000000000000000e+03 2.555464760258071522e+01
1.000000000000000000e+00 5.693581409059460086e+00
2.000000000000000000e+00 4.092493383602221257e+00
3.000000000000000000e+00 3.307102371536891905e+00
4.000000000000000000e+00 2.989720805219141297e+00
5.000000000000000000e+00 2.846173170946779241e+00
6.000000000000000000e+00 2.959497542729264463e+00
7.000000000000000000e+00 2.898735208605744518e+00
8.000000000000000000e+00 2.606995717302551974e+00
9.000000000000000000e+00 2.594462590148923109e+00
1.000000000000000000e+01 2.633290547413887239e+00
1.100000000000000000e+01 2.696745378622100731e+00
1.200000000000000000e+01 2.739302092135105227e+00
1.300000000000000000e+01 2.793243436173643346e+00
1.400000000000000000e+01 2.609770836452010911e+00
1.500000000000000000e+01 2.498144192607306913e+00
1.600000000000000000e+01 2.598765838565727737e+00
1.700000000000000000e+01 2.642176731633522735e+00
1.800000000000000000e+01 2.504000156326650739e+00
1.900000000000000000e+01 2.584021742174321901e+00
2.000000000000000000e+01 2.689891527479776112e+00
2.100000000000000000e+01 2.763915802826505175e+00
2.200000000000000000e+01 2.941510133769097202e+00
2.300000000000000000e+01 2.846276656339814082e+00
2.400000000000000000e+01 3.008930759129075039e+00
2.500000000000000000e+01 2.982082388486286373e+00
2.600000000000000000e+01 3.432661107994950278e+00
2.700000000000000000e+01 3.722213410636237896e+00
2.800000000000000000e+01 4.312372022367166657e+00
2.900000000000000000e+01 4.776703956615215851e+00
3.000000000000000000e+01 5.249307393662655308e+00
3.100000000000000000e+01 4.485488687884894077e+00
3.200000000000000000e+01 4.759230330673990039e+00
3.300000000000000000e+01 4.918442385293858798e+00
3.400000000000000000e+01 4.779851128144451344e+00
3.500000000000000000e+01 4.151875020486333057e+00
3.600000000000000000e+01 3.680614722086549495e+00
3.700000000000000000e+01 3.130400609570268333e+00
3.800000000000000000e+01 2.903809285173661880e+00
3.900000000000000000e+01 3.071042193704773382e+00
4.000000000000000000e+01 3.139358799752107743e+00
4.100000000000000000e+01 3.330212749012851692e+00
4.200000000000000000e+01 3.886676791265570863e+00
4.300000000000000000e+01 4.445066295495489150e+00
4.400000000000000000e+01 4.909487342859605974e+00
4.500000000000000000e+01 4.812018528715300114e+00
4.600000000000000000e+01 4.183393522521945407e+00
4.700000000000000000e+01 4.261578546124906275e+00
4.800000000000000000e+01 3.873164377172724215e+00
4.900000000000000000e+01 4.013632426501207995e+00
5.000000000000000000e+01 4.432077690893588162e+00
5.100000000000000000e+01 5.203914472570231986e+00
5.200000000000000000e+01 5.266682387217598738e+00
5.300000000000000000e+01 5.300892677043905543e+00
5.400000000000000000e+01 5.790181854885648960e+00
5.500000000000000000e+01 5.788909104813214412e+00
5.600000000000000000e+01 6.814447592883523086e+00
5.700000000000000000e+01 7.505608908083340580e+00
5.800000000000000000e+01 6.811110728457243191e+00
5.900000000000000000e+01 6.152420424960209466e+00
6.000000000000000000e+01 4.764066506601515094e+00
6.100000000000000000e+01 3.267366355694342417e+00
6.200000000000000000e+01 3.243768102851526614e+00
6.300000000000000000e+01 2.947050141069756712e+00
6.400000000000000000e+01 3.002899590873215452e+00
6.500000000000000000e+01 2.909643867116074922e+00
6.600000000000000000e+01 2.844071631129709399e+00
6.700000000000000000e+01 2.865548286211537565e+00
6.800000000000000000e+01 2.946774542270289121e+00
6.900000000000000000e+01 2.734862136430559865e+00
7.000000000000000000e+01 2.726157838399809297e+00
7.100000000000000000e+01 2.887951356789650426e+00
7.200000000000000000e+01 2.792388810721164738e+00
7.300000000000000000e+01 2.690356755190239646e+00
7.400000000000000000e+01 2.811322270540558499e+00
7.500000000000000000e+01 3.062252358724245394e+00
7.600000000000000000e+01 3.202696692298541592e+00
7.700000000000000000e+01 3.177509706700394787e+00
7.800000000000000000e+01 3.635170528860907524e+00
7.900000000000000000e+01 3.136066597899495711e+00
8.000000000000000000e+01 2.626893213520882231e+00
8.100000000000000000e+01 2.501303634894945560e+00
8.200000000000000000e+01 2.402615753376958985e+00
8.300000000000000000e+01 2.399169928916331518e+00
8.400000000000000000e+01 2.586271894018365991e+00
8.500000000000000000e+01 2.598907213620324175e+00
8.600000000000000000e+01 2.491648181413463892e+00
8.700000000000000000e+01 2.571424043114770797e+00
8.800000000000000000e+01 2.636613332914049312e+00
8.900000000000000000e+01 2.780490051137865848e+00
9.000000000000000000e+01 2.851832988745675035e+00
9.100000000000000000e+01 2.948112618345047231e+00
9.200000000000000000e+01 2.772945176314359550e+00
9.300000000000000000e+01 3.018835973714213416e+00
9.400000000000000000e+01 3.123626934900267660e+00
9.500000000000000000e+01 3.375905797747092318e+00
9.600000000000000000e+01 3.265872833967999878e+00
9.700000000000000000e+01 2.996506411549001214e+00
9.800000000000000000e+01 2.867180970020512198e+00
9.900000000000000000e+01 2.663804457493687661e+00
1.000000000000000000e+02 2.578084571177176709e+00
1.010000000000000000e+02 2.552478302360355666e+00
1.020000000000000000e+02 2.444238051164946857e+00
1.030000000000000000e+02 2.562389598389993584e+00
1.040000000000000000e+02 2.385626248706664398e+00
1.050000000000000000e+02 2.458829868930812790e+00
1.060000000000000000e+02 2.456913770743362591e+00
1.070000000000000000e+02 2.527940836538583813e+00
1.080000000000000000e+02 2.636041434909657699e+00
1.090000000000000000e+02 2.618287554531427475e+00
1.100000000000000000e+02 2.428351944541686347e+00
1.110000000000000000e+02 2.394636572153598486e+00
1.120000000000000000e+02 2.272986354695028854e+00
1.130000000000000000e+02 2.190577304140326032e+00
1.140000000000000000e+02 2.147002488678482202e+00
1.150000000000000000e+02 2.078269739715107089e+00
1.160000000000000000e+02 2.115721317019217729e+00
1.170000000000000000e+02 2.016821947220880595e+00
1.180000000000000000e+02 2.164201651561035167e+00
1.190000000000000000e+02 2.189001923340307076e+00
1.200000000000000000e+02 2.337286692594162663e+00
1.210000000000000000e+02 2.454245548882274086e+00
1.220000000000000000e+02 2.710707786757668103e+00
1.230000000000000000e+02 2.700234930497916963e+00
1.240000000000000000e+02 2.620102388329462961e+00
1.250000000000000000e+02 2.766285428078985476e+00
1.260000000000000000e+02 2.939730462753032736e+00
1.270000000000000000e+02 2.784855003787123806e+00
1.280000000000000000e+02 2.704626042890616144e+00
1.290000000000000000e+02 2.924134893361480358e+00
1.300000000000000000e+02 2.990789213918192413e+00
1.310000000000000000e+02 2.839317933393564974e+00
1.320000000000000000e+02 2.921112522655478827e+00
1.330000000000000000e+02 3.133016247144505328e+00
1.340000000000000000e+02 3.074152472098311328e+00
1.350000000000000000e+02 3.056252215988774612e+00
1.360000000000000000e+02 3.290192112854453121e+00
1.370000000000000000e+02 3.213421642994666705e+00
1.380000000000000000e+02 2.908240780308453566e+00
1.390000000000000000e+02 3.006389677751078349e+00
1.400000000000000000e+02 3.213829690941063966e+00
1.410000000000000000e+02 3.000563665989713247e+00
1.420000000000000000e+02 2.793018402530511146e+00
1.430000000000000000e+02 3.014750219499203521e+00
1.440000000000000000e+02 3.090817975520442129e+00
1.450000000000000000e+02 2.852933446286940899e+00
1.460000000000000000e+02 2.764331007588732625e+00
1.470000000000000000e+02 2.837351426319046244e+00
1.480000000000000000e+02 2.599776210771508556e+00
1.490000000000000000e+02 2.493227399971567060e+00
1.500000000000000000e+02 2.420846599237747032e+00
1.510000000000000000e+02 2.375346806865600513e+00
1.520000000000000000e+02 2.289670139639410351e+00
1.530000000000000000e+02 2.250184068757235867e+00
1.540000000000000000e+02 2.155568888892388291e+00
1.550000000000000000e+02 2.217621491513004361e+00
1.560000000000000000e+02 2.052441036172552025e+00
1.570000000000000000e+02 2.113557930058232337e+00
1.580000000000000000e+02 2.131707102682018906e+00
1.590000000000000000e+02 2.239596147423973171e+00
1.600000000000000000e+02 2.686297525360100913e+00
1.610000000000000000e+02 2.860154304414487925e+00
1.620000000000000000e+02 2.975326393589565743e+00
1.630000000000000000e+02 4.276238865758114294e+00
1.640000000000000000e+02 6.041485902413643139e+00
1.650000000000000000e+02 6.361584229024303205e+00
1.660000000000000000e+02 7.518665472262202165e+00
1.670000000000000000e+02 7.244398663201234712e+00
1.680000000000000000e+02 8.246689802610942976e+00
1.690000000000000000e+02 7.736806892879751096e+00
1.700000000000000000e+02 7.722106977277980455e+00
1.710000000000000000e+02 9.072124838100942057e+00
1.720000000000000000e+02 9.304481188044587014e+00
1.730000000000000000e+02 8.943602750077399577e+00
1.740000000000000000e+02 7.182573431903805705e+00
1.750000000000000000e+02 5.263236763676427898e+00
1.760000000000000000e+02 4.925865667997880060e+00
1.770000000000000000e+02 3.673381013281486140e+00
1.780000000000000000e+02 4.419762097349667407e+00
1.790000000000000000e+02 5.282098688887930216e+00
1.800000000000000000e+02 5.315498750577180687e+00
1.810000000000000000e+02 4.506296901017876166e+00
1.820000000000000000e+02 3.930039121773313493e+00
1.830000000000000000e+02 3.619090268368657437e+00
1.840000000000000000e+02 3.049160891307782340e+00
1.850000000000000000e+02 2.913963199160994666e+00
1.860000000000000000e+02 2.860374924229341254e+00
1.870000000000000000e+02 2.518404962734229979e+00
1.880000000000000000e+02 2.280535074104950599e+00
1.890000000000000000e+02 2.149533199962968322e+00
1.900000000000000000e+02 2.043921528216635863e+00
1.910000000000000000e+02 2.149680432973144928e+00
1.920000000000000000e+02 2.197402562600815124e+00
1.930000000000000000e+02 2.387501020672142094e+00
1.940000000000000000e+02 2.416331040881414705e+00
1.950000000000000000e+02 2.381204219281127799e+00
1.960000000000000000e+02 2.362314442388452118e+00
1.970000000000000000e+02 2.572963940650202730e+00
1.980000000000000000e+02 2.719383476548252077e+00
1.990000000000000000e+02 2.847012814761335164e+00
2.000000000000000000e+02 2.809358033089773610e+00
2.010000000000000000e+02 3.014993994433384561e+00
2.020000000000000000e+02 2.856443840288608094e+00
2.030000000000000000e+02 2.657665986251608992e+00
2.040000000000000000e+02 2.841213183581740687e+00
2.050000000000000000e+02 2.934424984398773972e+00
2.060000000000000000e+02 2.711327389696339463e+00
2.070000000000000000e+02 2.656608153259804705e+00
2.080000000000000000e+02 2.876807319912810357e+00
2.090000000000000000e+02 2.854342264282202279e+00
2.100000000000000000e+02 2.648837836590471007e+00
2.110000000000000000e+02 2.704176393615371765e+00
2.120000000000000000e+02 2.579685959765209979e+00
2.130000000000000000e+02 2.498180971038954645e+00
2.140000000000000000e+02 2.882822075278449248e+00
2.150000000000000000e+02 2.756027676565057316e+00
2.160000000000000000e+02 3.045745445385600103e+00
2.170000000000000000e+02 3.077057940223005605e+00
2.180000000000000000e+02 4.021776338166053399e+00
2.190000000000000000e+02 3.507437683627634417e+00
2.200000000000000000e+02 2.101906017999420673e+00
2.210000000000000000e+02 2.427685197139669349e+00
2.220000000000000000e+02 1.898227000918458307e+00
2.230000000000000000e+02 1.584896352486300231e+00
2.240000000000000000e+02 1.599622727872785699e+00
2.250000000000000000e+02 1.724402728943757124e+00
2.260000000000000000e+02 1.634232497554577224e+00
2.270000000000000000e+02 1.553281561216311113e+00
2.280000000000000000e+02 1.657915740889731815e+00
2.290000000000000000e+02 1.728017092016802980e+00
2.300000000000000000e+02 1.637202837185083082e+00
2.310000000000000000e+02 1.657390307152781350e+00
2.320000000000000000e+02 1.793448994814845987e+00
2.330000000000000000e+02 1.864399305843467136e+00
2.340000000000000000e+02 2.052248867868679660e+00
2.350000000000000000e+02 2.206002604882536744e+00
2.360000000000000000e+02 2.150330746977237251e+00
2.370000000000000000e+02 2.266304185092932855e+00
2.380000000000000000e+02 2.169954592624867118e+00
2.390000000000000000e+02 2.293264685789491608e+00
2.400000000000000000e+02 2.365518925070355660e+00
2.410000000000000000e+02 2.486468231695299735e+00
2.420000000000000000e+02 2.268880638729643184e+00
2.430000000000000000e+02 2.113886494440837982e+00
2.440000000000000000e+02 1.961864839495296220e+00
2.450000000000000000e+02 1.959011484482636734e+00
2.460000000000000000e+02 1.873690811493075259e+00
2.470000000000000000e+02 1.977989233911926048e+00
2.480000000000000000e+02 1.933377759728757805e+00
2.490000000000000000e+02 2.107750225018337531e+00
2.500000000000000000e+02 2.133606026487385066e+00
2.510000000000000000e+02 2.333174484676605154e+00
2.520000000000000000e+02 2.196786095246963111e+00
2.530000000000000000e+02 1.973815374402405620e+00
2.540000000000000000e+02 1.732790506246055129e+00
2.550000000000000000e+02 1.576340151775966536e+00
2.560000000000000000e+02 1.487903969953737082e+00
2.570000000000000000e+02 1.413836022106093937e+00
2.580000000000000000e+02 1.453949263982599716e+00
2.590000000000000000e+02 1.581044938886360107e+00
2.600000000000000000e+02 1.689661487347222213e+00
2.610000000000000000e+02 1.606397004209200174e+00
2.620000000000000000e+02 1.715097176602392137e+00
2.630000000000000000e+02 1.789365343100020267e+00
2.640000000000000000e+02 1.732421053543631961e+00
2.650000000000000000e+02 1.643100998163749660e+00
2.660000000000000000e+02 1.616998668771481462e+00
2.670000000000000000e+02 1.609307292977230741e+00
2.680000000000000000e+02 1.571551797086475410e+00
2.690000000000000000e+02 1.569081125116343678e+00
2.700000000000000000e+02 1.649559588632039553e+00
2.710000000000000000e+02 1.597446446940512077e+00
2.720000000000000000e+02 1.669330034493608172e+00
2.730000000000000000e+02 1.747630878558395828e+00
2.740000000000000000e+02 1.873852783643417785e+00
2.750000000000000000e+02 2.021694694138277626e+00
2.760000000000000000e+02 2.313057571929912015e+00
2.770000000000000000e+02 2.554609741493608865e+00
2.780000000000000000e+02 2.468408473653191493e+00
2.790000000000000000e+02 2.222008956051652717e+00
2.800000000000000000e+02 2.108425673076216089e+00
2.810000000000000000e+02 1.979834794092941497e+00
2.820000000000000000e+02 2.380719760437028043e+00
2.830000000000000000e+02 2.320496629575990788e+00
2.840000000000000000e+02 2.237627163556545895e+00
2.850000000000000000e+02 2.050808822605114212e+00
2.860000000000000000e+02 1.917728443997785082e+00
2.870000000000000000e+02 1.685624931015289318e+00
2.880000000000000000e+02 1.503552886024163815e+00
2.890000000000000000e+02 1.485463302237184813e+00
2.900000000000000000e+02 1.495959420913432147e+00
2.910000000000000000e+02 1.383599960366772130e+00
2.920000000000000000e+02 1.416443490342816025e+00
2.930000000000000000e+02 1.350897820633986557e+00
2.940000000000000000e+02 1.382077675056741617e+00
2.950000000000000000e+02 1.479715241671430981e+00
2.960000000000000000e+02 1.472570258920057551e+00
2.970000000000000000e+02 1.450331934503769959e+00
2.980000000000000000e+02 1.495842520558229527e+00
2.990000000000000000e+02 1.568477235323374464e+00
3.000000000000000000e+02 1.591306715308055342e+00
3.010000000000000000e+02 1.610438163393593358e+00
3.020000000000000000e+02 1.677646114166345459e+00
3.030000000000000000e+02 1.736310406147880681e+00
3.040000000000000000e+02 1.736660090754642116e+00
3.050000000000000000e+02 1.773511603137115866e+00
3.060000000000000000e+02 1.774048855911849465e+00
3.070000000000000000e+02 1.919470277204106345e+00
3.080000000000000000e+02 1.927896044635884820e+00
3.090000000000000000e+02 2.131303552595993356e+00
3.100000000000000000e+02 2.170813611611944527e+00
3.110000000000000000e+02 2.420511353726418680e+00
3.120000000000000000e+02 2.596866913242103614e+00
3.130000000000000000e+02 2.582642638053240347e+00
3.140000000000000000e+02 2.282548143672691765e+00
3.150000000000000000e+02 2.209594445114210881e+00
3.160000000000000000e+02 2.218276961646826972e+00
3.170000000000000000e+02 2.039042263422339296e+00
3.180000000000000000e+02 1.829688923139412449e+00
3.190000000000000000e+02 1.926447492122883798e+00
3.200000000000000000e+02 1.883896688575011469e+00
3.210000000000000000e+02 1.683980570553269107e+00
3.220000000000000000e+02 1.710110145558172867e+00
3.230000000000000000e+02 1.822415638543256611e+00
3.240000000000000000e+02 1.670115506496496760e+00
3.250000000000000000e+02 1.592358929062982487e+00
3.260000000000000000e+02 1.712558413126671120e+00
3.270000000000000000e+02 1.838143331461121077e+00
3.280000000000000000e+02 1.766437064280852898e+00
3.290000000000000000e+02 1.929635894192558432e+00
3.300000000000000000e+02 2.025586364788881433e+00
3.310000000000000000e+02 2.294140902426137885e+00
3.320000000000000000e+02 2.432514139020527377e+00
3.330000000000000000e+02 2.537728890240411150e+00
3.340000000000000000e+02 2.861811861342345331e+00
3.350000000000000000e+02 3.255196470393427077e+00
3.360000000000000000e+02 3.148634168124798904e+00
3.370000000000000000e+02 2.834880053502178754e+00
3.380000000000000000e+02 3.061114945080502192e+00
3.390000000000000000e+02 2.902792141388673031e+00
3.400000000000000000e+02 2.759316334534111625e+00
3.410000000000000000e+02 3.025887450879409801e+00
3.420000000000000000e+02 2.836749850055234390e+00
3.430000000000000000e+02 2.584881953146711986e+00
3.440000000000000000e+02 2.532259195455227374e+00
3.450000000000000000e+02 2.597911775374640353e+00
3.460000000000000000e+02 2.485155241984722707e+00
3.470000000000000000e+02 2.346877181380398358e+00
3.480000000000000000e+02 2.353501402906820417e+00
3.490000000000000000e+02 2.388445603787884064e+00
3.500000000000000000e+02 2.239734722451353299e+00
3.510000000000000000e+02 2.173684983297787365e+00
3.520000000000000000e+02 2.334200678510272020e+00
3.530000000000000000e+02 2.332333168346442331e+00
3.540000000000000000e+02 2.227641347530677329e+00
3.550000000000000000e+02 2.108472527181465050e+00
3.560000000000000000e+02 1.919111311369896322e+00
3.570000000000000000e+02 1.887339946964891269e+00
3.580000000000000000e+02 1.858167911193864263e+00
3.590000000000000000e+02 1.908080255457861085e+00
3.600000000000000000e+02 2.044358908247436712e+00
3.610000000000000000e+02 2.211555380716626384e+00
3.620000000000000000e+02 2.160270463394025953e+00
3.630000000000000000e+02 2.345275363744161456e+00
3.640000000000000000e+02 2.442466332022960707e+00
3.650000000000000000e+02 2.515673698908862388e+00
3.660000000000000000e+02 2.318490557775447325e+00
3.670000000000000000e+02 2.167910857242272282e+00
3.680000000000000000e+02 2.128159560897383784e+00
3.690000000000000000e+02 2.223326809765606260e+00
3.700000000000000000e+02 2.195958633529903281e+00
3.710000000000000000e+02 2.407140478898724290e+00
3.720000000000000000e+02 2.453298709137313072e+00
3.730000000000000000e+02 2.713559425133442726e+00
3.740000000000000000e+02 2.600098153986195371e+00
3.750000000000000000e+02 2.805235754846591600e+00
3.760000000000000000e+02 2.905410109188323098e+00
3.770000000000000000e+02 3.342657171305047026e+00
3.780000000000000000e+02 3.201795326373824135e+00
3.790000000000000000e+02 3.390960562066554385e+00
3.800000000000000000e+02 2.809583612746164416e+00
3.810000000000000000e+02 2.476843697195366456e+00
3.820000000000000000e+02 2.160727982861365248e+00
3.830000000000000000e+02 2.139509085731947646e+00
3.840000000000000000e+02 2.049162537065249978e+00
3.850000000000000000e+02 2.040504676094937242e+00
3.860000000000000000e+02 2.268679164248170732e+00
3.870000000000000000e+02 2.387570808742863093e+00
3.880000000000000000e+02 2.543238111424973802e+00
3.890000000000000000e+02 2.427200204358375135e+00
3.900000000000000000e+02 2.568568579814230368e+00
3.910000000000000000e+02 2.606401729942841694e+00
3.920000000000000000e+02 2.760950838537547636e+00
3.930000000000000000e+02 2.716820023458616173e+00
3.940000000000000000e+02 2.589699380876453461e+00
3.950000000000000000e+02 2.515371179498155474e+00
3.960000000000000000e+02 2.515992476323170912e+00
3.970000000000000000e+02 2.348309413792642353e+00
3.980000000000000000e+02 2.438401567490817268e+00
3.990000000000000000e+02 2.305770234954868325e+00
4.000000000000000000e+02 2.437261141289903232e+00
4.010000000000000000e+02 2.398618061273175339e+00
4.020000000000000000e+02 2.455501958441716148e+00
4.030000000000000000e+02 2.581797815473508173e+00
4.040000000000000000e+02 2.510775193082223744e+00
4.050000000000000000e+02 2.738504970742319689e+00
4.060000000000000000e+02 2.964131021564326396e+00
4.070000000000000000e+02 3.120256253734802421e+00
4.080000000000000000e+02 3.964546584007444974e+00
4.090000000000000000e+02 4.204797260425020333e+00
4.100000000000000000e+02 3.495581295477465211e+00
4.110000000000000000e+02 2.958755266601215350e+00
4.120000000000000000e+02 2.674066948938668808e+00
4.130000000000000000e+02 2.546898121586745223e+00
4.140000000000000000e+02 2.281273936432980154e+00
4.150000000000000000e+02 2.155494444593124559e+00
4.160000000000000000e+02 2.071284530763051634e+00
4.170000000000000000e+02 2.077266123039154255e+00
4.180000000000000000e+02 2.000390275704813980e+00
4.190000000000000000e+02 1.957565535255868960e+00
4.200000000000000000e+02 2.282294841735538427e+00
4.210000000000000000e+02 2.272735962757473249e+00
4.220000000000000000e+02 2.380617313324853157e+00
4.230000000000000000e+02 2.421955763781328486e+00
4.240000000000000000e+02 2.338362363753731188e+00
4.250000000000000000e+02 2.354875770579991645e+00
4.260000000000000000e+02 2.371820891785770158e+00
4.270000000000000000e+02 2.408991055428054029e+00
4.280000000000000000e+02 2.603831466493025992e+00
4.290000000000000000e+02 2.635738969583653279e+00
4.300000000000000000e+02 2.875752730287781667e+00
4.310000000000000000e+02 2.865510688398390737e+00
4.320000000000000000e+02 3.131412253623789610e+00
4.330000000000000000e+02 3.362098206126791666e+00
4.340000000000000000e+02 3.547557255871924387e+00
4.350000000000000000e+02 3.456262506377788313e+00
4.360000000000000000e+02 3.734243157021329473e+00
4.370000000000000000e+02 3.493530221689197468e+00
4.380000000000000000e+02 4.024852704340972309e+00
4.390000000000000000e+02 4.376950612901927329e+00
4.400000000000000000e+02 4.580704037149271102e+00
4.410000000000000000e+02 4.797572330557174247e+00
4.420000000000000000e+02 4.894921026854162527e+00
4.430000000000000000e+02 5.073286166884566128e+00
4.440000000000000000e+02 5.049684936543282987e+00
4.450000000000000000e+02 5.278160260295990724e+00
4.460000000000000000e+02 5.331651578110595757e+00
4.470000000000000000e+02 5.025908980597100673e+00
4.480000000000000000e+02 4.762027170798797115e+00
4.490000000000000000e+02 5.687542516040133833e+00
4.500000000000000000e+02 5.796308901969219995e+00
4.510000000000000000e+02 6.052202280958149494e+00
4.520000000000000000e+02 6.345677644176581644e+00
4.530000000000000000e+02 4.869369537457737707e+00
4.540000000000000000e+02 4.296382602458706401e+00
4.550000000000000000e+02 3.801733741918506215e+00
4.560000000000000000e+02 3.405153982074605512e+00
4.570000000000000000e+02 3.426692587142196711e+00
4.580000000000000000e+02 3.788713940869138597e+00
4.590000000000000000e+02 3.765000256984806448e+00
4.600000000000000000e+02 3.858280714165574832e+00
4.610000000000000000e+02 3.914946134388599397e+00
4.620000000000000000e+02 4.166451925411261747e+00
4.630000000000000000e+02 4.402308369902656615e+00
4.640000000000000000e+02 4.584913177534443385e+00
4.650000000000000000e+02 4.673346359187569909e+00
4.660000000000000000e+02 4.565358678108964341e+00
4.670000000000000000e+02 5.040390723954478069e+00
4.680000000000000000e+02 5.504392277873421335e+00
4.690000000000000000e+02 5.582760785013145544e+00
4.700000000000000000e+02 5.746687508697336355e+00
4.710000000000000000e+02 4.956387209687544981e+00
4.720000000000000000e+02 5.509423586249150517e+00
4.730000000000000000e+02 5.418334185739635878e+00
4.740000000000000000e+02 5.346766369647612649e+00
4.750000000000000000e+02 5.916558920666025401e+00
4.760000000000000000e+02 6.244427886992005128e+00
4.770000000000000000e+02 5.733558046171027378e+00
4.780000000000000000e+02 5.303353849605048964e+00
4.790000000000000000e+02 5.937943166575307075e+00
4.800000000000000000e+02 6.479011805724486983e+00
4.810000000000000000e+02 6.906019969330477792e+00
4.820000000000000000e+02 5.969282499745770743e+00
4.830000000000000000e+02 4.210709713387287501e+00
4.840000000000000000e+02 3.454496945687894449e+00
4.850000000000000000e+02 3.073558519348676743e+00
4.860000000000000000e+02 2.956613225229905328e+00
4.870000000000000000e+02 3.455091209106950778e+00
4.880000000000000000e+02 3.708204972503807983e+00
4.890000000000000000e+02 3.360631689062964167e+00
4.900000000000000000e+02 4.284082740394036470e+00
4.910000000000000000e+02 3.793611942039358365e+00
4.920000000000000000e+02 3.325494891791861196e+00
4.930000000000000000e+02 2.846424615649984169e+00
4.940000000000000000e+02 2.893415563399741153e+00
4.950000000000000000e+02 2.656376578200032590e+00
4.960000000000000000e+02 2.759527722033543906e+00
4.970000000000000000e+02 2.438420866860561809e+00
4.980000000000000000e+02 2.443410618701205905e+00
4.990000000000000000e+02 2.558763442722287618e+00
5.000000000000000000e+02 2.744408511110022264e+00
5.010000000000000000e+02 2.766683849098582115e+00
5.020000000000000000e+02 2.852780254321623854e+00
5.030000000000000000e+02 2.982626730731271270e+00
5.040000000000000000e+02 2.971200164736443661e+00
5.050000000000000000e+02 2.865522630379864211e+00
5.060000000000000000e+02 2.719280955071366357e+00
5.070000000000000000e+02 2.684958614161721435e+00
5.080000000000000000e+02 2.484946908242497976e+00
5.090000000000000000e+02 2.479095451846746290e+00
5.100000000000000000e+02 2.380872317648455194e+00
5.110000000000000000e+02 2.471312478527199374e+00
5.120000000000000000e+02 2.406718187923107433e+00
5.130000000000000000e+02 2.381121490012245712e+00
5.140000000000000000e+02 2.387912041020470610e+00
5.150000000000000000e+02 2.319622805604449667e+00
5.160000000000000000e+02 2.321835437263552127e+00
5.170000000000000000e+02 2.374760988574637022e+00
5.180000000000000000e+02 2.480923662431941956e+00
5.190000000000000000e+02 2.736616537888970857e+00
5.200000000000000000e+02 2.659725275183182358e+00
5.210000000000000000e+02 2.447162913011445617e+00
5.220000000000000000e+02 2.366177637747612472e+00
5.230000000000000000e+02 2.240579759409502714e+00
5.240000000000000000e+02 2.115892488940832816e+00
5.250000000000000000e+02 2.224864892989006471e+00
5.260000000000000000e+02 2.183967803067427216e+00
5.270000000000000000e+02 2.021086469282618481e+00
5.280000000000000000e+02 1.831120220160275647e+00
5.290000000000000000e+02 1.922700691193575562e+00
5.300000000000000000e+02 1.984849900144130208e+00
5.310000000000000000e+02 2.036399524181792042e+00
5.320000000000000000e+02 2.131234450860016061e+00
5.330000000000000000e+02 2.145631970583703918e+00
5.340000000000000000e+02 1.926341999742400501e+00
5.350000000000000000e+02 1.850427705549662516e+00
5.360000000000000000e+02 1.780872948331738481e+00
5.370000000000000000e+02 1.686021409084568212e+00
5.380000000000000000e+02 1.782033676773329578e+00
5.390000000000000000e+02 1.945663719414742809e+00
5.400000000000000000e+02 1.757871262726909745e+00
5.410000000000000000e+02 1.808672782121338640e+00
5.420000000000000000e+02 1.932218110146882939e+00
5.430000000000000000e+02 2.129664770562188725e+00
5.440000000000000000e+02 2.216051066497972677e+00
5.450000000000000000e+02 2.170442550496207268e+00
5.460000000000000000e+02 2.125858898678525843e+00
5.470000000000000000e+02 1.973925213364682296e+00
5.480000000000000000e+02 2.010424698913990671e+00
5.490000000000000000e+02 1.897314798489709187e+00
5.500000000000000000e+02 1.839907238662689570e+00
5.510000000000000000e+02 1.992563536297533133e+00
5.520000000000000000e+02 2.103564659174294249e+00
5.530000000000000000e+02 2.029233343255547606e+00
5.540000000000000000e+02 2.220063440480682271e+00
5.550000000000000000e+02 2.298936756316281915e+00
5.560000000000000000e+02 2.237383038611041375e+00
5.570000000000000000e+02 1.964917397050193415e+00
5.580000000000000000e+02 1.927333204792541554e+00
5.590000000000000000e+02 2.038810397937119490e+00
5.600000000000000000e+02 2.244934994060417743e+00
5.610000000000000000e+02 2.217989987282984021e+00
5.620000000000000000e+02 2.446936780731229000e+00
5.630000000000000000e+02 2.477631730480427397e+00
5.640000000000000000e+02 2.742174294046692218e+00
5.650000000000000000e+02 2.853102638354293674e+00
5.660000000000000000e+02 3.058102489166124371e+00
5.670000000000000000e+02 3.104247216886409255e+00
5.680000000000000000e+02 3.184038307326007011e+00
5.690000000000000000e+02 3.399109491654058068e+00
5.700000000000000000e+02 3.518201554322462066e+00
5.710000000000000000e+02 3.386785092459069002e+00
5.720000000000000000e+02 3.297627634553017995e+00
5.730000000000000000e+02 3.264055005015384925e+00
5.740000000000000000e+02 3.267203440692539207e+00
5.750000000000000000e+02 3.592646557438581745e+00
5.760000000000000000e+02 3.834462595925618000e+00
5.770000000000000000e+02 3.890983184961192887e+00
5.780000000000000000e+02 4.278338308710497806e+00
5.790000000000000000e+02 4.299868536666284768e+00
5.800000000000000000e+02 3.734801075987443930e+00
5.810000000000000000e+02 3.219734883791938618e+00
5.820000000000000000e+02 3.059309048403725306e+00
5.830000000000000000e+02 2.638718808481610445e+00
5.840000000000000000e+02 2.759570734510573775e+00
5.850000000000000000e+02 3.281665880319441619e+00
5.860000000000000000e+02 3.664890292973898234e+00
5.870000000000000000e+02 4.184690518442208074e+00
5.880000000000000000e+02 5.680844256155547001e+00
5.890000000000000000e+02 5.477209741189811965e+00
5.900000000000000000e+02 6.913130636486765290e+00
5.910000000000000000e+02 7.245626039304072563e+00
5.920000000000000000e+02 7.181028511638205991e+00
5.930000000000000000e+02 7.342028035339186687e+00
5.940000000000000000e+02 7.224142405883183571e+00
5.950000000000000000e+02 6.985077554528442256e+00
5.960000000000000000e+02 5.984948612202679818e+00
5.970000000000000000e+02 6.024535853817047482e+00
5.980000000000000000e+02 5.388129570147567549e+00
5.990000000000000000e+02 4.918800798994638512e+00
6.000000000000000000e+02 4.884678754508732013e+00
6.010000000000000000e+02 4.257724379998935049e+00
6.020000000000000000e+02 4.935687479409980760e+00
6.030000000000000000e+02 4.562530613104605060e+00
6.040000000000000000e+02 3.667024485764781794e+00
6.050000000000000000e+02 3.659868818581562877e+00
6.060000000000000000e+02 3.678129676056543840e+00
6.070000000000000000e+02 3.769715720670144599e+00
6.080000000000000000e+02 3.613283354237569078e+00
6.090000000000000000e+02 3.397754894775001588e+00
6.100000000000000000e+02 3.467861618957187364e+00
6.110000000000000000e+02 3.598010001825741710e+00
6.120000000000000000e+02 3.344329553023499990e+00
6.130000000000000000e+02 3.350605071714179761e+00
6.140000000000000000e+02 3.537725994428304155e+00
6.150000000000000000e+02 3.516214734428239286e+00
6.160000000000000000e+02 3.411610322692891106e+00
6.170000000000000000e+02 3.620694774161217655e+00
6.180000000000000000e+02 3.918351719259881794e+00
6.190000000000000000e+02 3.968453275595809071e+00
6.200000000000000000e+02 3.827678876583511691e+00
6.210000000000000000e+02 3.962813913766546126e+00
6.220000000000000000e+02 3.662475831321395425e+00
6.230000000000000000e+02 3.439418457678781849e+00
6.240000000000000000e+02 3.555005018361869773e+00
6.250000000000000000e+02 3.541713070174566713e+00
6.260000000000000000e+02 3.703055339427299586e+00
6.270000000000000000e+02 3.883483595138911504e+00
6.280000000000000000e+02 3.812571140161934657e+00
6.290000000000000000e+02 3.838564205056704814e+00
6.300000000000000000e+02 3.594952383832123566e+00
6.310000000000000000e+02 3.614948644873965833e+00
6.320000000000000000e+02 3.849946135086567356e+00
6.330000000000000000e+02 3.689202150766044408e+00
6.340000000000000000e+02 3.536164396164337642e+00
6.350000000000000000e+02 3.709935484007190087e+00
6.360000000000000000e+02 4.068803382404071911e+00
6.370000000000000000e+02 3.987133224246965035e+00
6.380000000000000000e+02 4.125622082699732296e+00
6.390000000000000000e+02 4.095753983788423369e+00
6.400000000000000000e+02 4.310167829757783231e+00
6.410000000000000000e+02 4.247997887583828458e+00
6.420000000000000000e+02 4.368620122724455435e+00
6.430000000000000000e+02 4.375924747009054983e+00
6.440000000000000000e+02 4.365676415526977827e+00
6.450000000000000000e+02 4.376794260353307209e+00
6.460000000000000000e+02 4.878175188362837922e+00
6.470000000000000000e+02 5.143346850112082258e+00
6.480000000000000000e+02 5.609140206772338821e+00
6.490000000000000000e+02 5.741949336336517717e+00
6.500000000000000000e+02 5.597631873886843579e+00
6.510000000000000000e+02 5.390906917866954196e+00
6.520000000000000000e+02 4.686791443420158743e+00
6.530000000000000000e+02 4.331533573689032579e+00
6.540000000000000000e+02 4.011144099398658902e+00
6.550000000000000000e+02 3.658071593039991853e+00
6.560000000000000000e+02 3.396245246335091839e+00
6.570000000000000000e+02 3.155872043417445205e+00
6.580000000000000000e+02 3.062494511135923414e+00
6.590000000000000000e+02 3.139521950421908514e+00
6.600000000000000000e+02 3.332750611864763179e+00
6.610000000000000000e+02 3.284270723235787504e+00
6.620000000000000000e+02 3.086381211544292125e+00
6.630000000000000000e+02 3.019380666260170099e+00
6.640000000000000000e+02 3.074270034591214618e+00
6.650000000000000000e+02 3.247417237509748755e+00
6.660000000000000000e+02 3.465947500764915201e+00
6.670000000000000000e+02 3.671712588821914203e+00
6.680000000000000000e+02 3.990288456543576334e+00
6.690000000000000000e+02 4.065437890569279844e+00
6.700000000000000000e+02 4.672893059251841841e+00
6.710000000000000000e+02 5.151259684866229094e+00
6.720000000000000000e+02 5.630615910993991058e+00
6.730000000000000000e+02 6.312530969763203714e+00
6.740000000000000000e+02 5.912494551276184396e+00
6.750000000000000000e+02 5.134356546454849735e+00
6.760000000000000000e+02 4.694413890282405966e+00
6.770000000000000000e+02 4.294012099728189646e+00
6.780000000000000000e+02 4.198472740219538757e+00
6.790000000000000000e+02 3.925248655011964072e+00
6.800000000000000000e+02 4.081187469467272955e+00
6.810000000000000000e+02 3.818493032148209565e+00
6.820000000000000000e+02 3.821735856092829398e+00
6.830000000000000000e+02 3.913819413061113472e+00
6.840000000000000000e+02 3.706816503270990548e+00
6.850000000000000000e+02 3.342944083300032343e+00
6.860000000000000000e+02 3.178910837054650607e+00
6.870000000000000000e+02 3.011981673236588275e+00
6.880000000000000000e+02 2.990594890071612610e+00
6.890000000000000000e+02 2.827993486657021549e+00
6.900000000000000000e+02 3.032803111094157344e+00
6.910000000000000000e+02 2.888236425561941711e+00
6.920000000000000000e+02 3.619602099985682386e+00
6.930000000000000000e+02 3.394762611264947605e+00
6.940000000000000000e+02 4.061724579822326930e+00
6.950000000000000000e+02 3.547559937345652781e+00
6.960000000000000000e+02 2.835009369591867667e+00
6.970000000000000000e+02 3.719454821485515428e+00
6.980000000000000000e+02 4.068328531455220443e+00
6.990000000000000000e+02 3.153881523943713017e+00
7.000000000000000000e+02 3.338073898720129051e+00
7.010000000000000000e+02 4.288338414653870778e+00
7.020000000000000000e+02 3.952249082021085158e+00
7.030000000000000000e+02 3.393963691849784858e+00
7.040000000000000000e+02 4.363495232104704691e+00
7.050000000000000000e+02 4.846545684873996507e+00
7.060000000000000000e+02 4.203184316697863743e+00
7.070000000000000000e+02 4.252122358211990694e+00
7.080000000000000000e+02 5.298920545036129859e+00
7.090000000000000000e+02 5.332368059934988302e+00
7.100000000000000000e+02 4.680983797391357726e+00
7.110000000000000000e+02 5.239679715512823854e+00
7.120000000000000000e+02 5.945755541931537991e+00
7.130000000000000000e+02 5.586343091158738616e+00
7.140000000000000000e+02 5.303770661890827576e+00
7.150000000000000000e+02 6.087958636464542828e+00
7.160000000000000000e+02 6.459597486529149002e+00
7.170000000000000000e+02 6.109475438100102629e+00
7.180000000000000000e+02 6.296801284165976398e+00
7.190000000000000000e+02 7.026081416102206489e+00
7.200000000000000000e+02 7.055306982534048643e+00
7.210000000000000000e+02 6.883940327969548356e+00
7.220000000000000000e+02 7.363572314611631420e+00
7.230000000000000000e+02 7.867807205958036398e+00
7.240000000000000000e+02 7.778401118705622785e+00
7.250000000000000000e+02 7.763205116319254806e+00
7.260000000000000000e+02 8.345162978106898777e+00
7.270000000000000000e+02 8.677959453236002929e+00
7.280000000000000000e+02 8.580042367515995139e+00
7.290000000000000000e+02 8.848519387090904686e+00
7.300000000000000000e+02 9.380922664973475378e+00
7.310000000000000000e+02 9.519854515840922460e+00
7.320000000000000000e+02 9.503037609171439470e+00
7.330000000000000000e+02 1.003555661415635569e+01
7.340000000000000000e+02 1.036235236922165015e+01
7.350000000000000000e+02 1.040898926346890718e+01
7.360000000000000000e+02 1.073359519437848419e+01
7.370000000000000000e+02 1.119460752837887973e+01
7.380000000000000000e+02 1.140515163126105236e+01
7.390000000000000000e+02 1.153090600203576876e+01
7.400000000000000000e+02 1.193911535084318487e+01
7.410000000000000000e+02 1.216548125966251348e+01
7.420000000000000000e+02 1.216007006873836183e+01
7.430000000000000000e+02 1.264277872565324223e+01
7.440000000000000000e+02 1.271123092020201284e+01
7.450000000000000000e+02 1.322246176114618876e+01
7.460000000000000000e+02 1.401682335633088172e+01
7.470000000000000000e+02 1.373099861203755268e+01
7.480000000000000000e+02 1.360283441758297229e+01
7.490000000000000000e+02 1.325828218992683993e+01
7.500000000000000000e+02 1.270824041663093062e+01
7.510000000000000000e+02 1.300443270359817305e+01
7.520000000000000000e+02 1.240116104092708937e+01
7.530000000000000000e+02 1.160039383920370248e+01
7.540000000000000000e+02 1.124304446738018015e+01
7.550000000000000000e+02 1.091416560279616199e+01
7.560000000000000000e+02 1.063649906935355460e+01
7.570000000000000000e+02 1.078636990426215014e+01
7.580000000000000000e+02 1.031494770700642150e+01
7.590000000000000000e+02 9.529935355007429720e+00
7.600000000000000000e+02 9.910654245889153557e+00
7.610000000000000000e+02 1.025218036370013941e+01
7.620000000000000000e+02 1.116887495076162118e+01
