# Residue RMSF(Ang)
1.000000000000000000e+00 2.047407258155999443e+00
2.000000000000000000e+00 2.126015868579468115e+00
3.000000000000000000e+00 2.046482781841933107e+00
4.000000000000000000e+00 2.270988848993048759e+00
5.000000000000000000e+00 2.244653396698784054e+00
6.000000000000000000e+00 2.591978737804006006e+00
7.000000000000000000e+00 2.714209915704446807e+00
8.000000000000000000e+00 2.461764925404462900e+00
9.000000000000000000e+00 2.586381748550273585e+00
1.000000000000000000e+01 2.548784286267017585e+00
1.100000000000000000e+01 2.600119623276733183e+00
1.200000000000000000e+01 2.733957155504529890e+00
1.300000000000000000e+01 2.842106255455602692e+00
1.400000000000000000e+01 3.062623967545910375e+00
1.500000000000000000e+01 2.985532266426571546e+00
1.600000000000000000e+01 2.770004432233897251e+00
1.700000000000000000e+01 2.710299697878939540e+00
1.800000000000000000e+01 2.399429127605889445e+00
1.900000000000000000e+01 2.422105744647900405e+00
2.000000000000000000e+01 2.172046155100681997e+00
2.100000000000000000e+01 2.064751728527300934e+00
2.200000000000000000e+01 2.075354492250071292e+00
2.300000000000000000e+01 2.087587507385377794e+00
2.400000000000000000e+01 2.165905924629485391e+00
2.500000000000000000e+01 2.325265968458343213e+00
2.600000000000000000e+01 2.545707816558567149e+00
2.700000000000000000e+01 2.716127327819441106e+00
2.800000000000000000e+01 2.964303913202806839e+00
2.900000000000000000e+01 3.392849423074174808e+00
3.000000000000000000e+01 3.706529101721029562e+00
3.100000000000000000e+01 3.973040191389761056e+00
3.200000000000000000e+01 3.577547120797045288e+00
3.300000000000000000e+01 3.222968438204171449e+00
3.400000000000000000e+01 2.835374667517269298e+00
3.500000000000000000e+01 2.723023633923854270e+00
3.600000000000000000e+01 2.494726952118697216e+00
3.700000000000000000e+01 2.500476013923868202e+00
3.800000000000000000e+01 2.427528390592897711e+00
3.900000000000000000e+01 2.421428270480123324e+00
4.000000000000000000e+01 2.519715552829739913e+00
4.100000000000000000e+01 2.556452481973959578e+00
4.200000000000000000e+01 2.729135389495599195e+00
4.300000000000000000e+01 2.923069335958386361e+00
4.400000000000000000e+01 3.264904514943328007e+00
4.500000000000000000e+01 3.421479250345913936e+00
4.600000000000000000e+01 3.980778928016736273e+00
4.700000000000000000e+01 4.079848113794941611e+00
4.800000000000000000e+01 4.329252526048929184e+00
4.900000000000000000e+01 4.101399856031881619e+00
5.000000000000000000e+01 3.638099946732458179e+00
5.100000000000000000e+01 3.487159418677423517e+00
5.200000000000000000e+01 3.196698472494284626e+00
5.300000000000000000e+01 3.029725888535170775e+00
5.400000000000000000e+01 2.849360588999904298e+00
5.500000000000000000e+01 2.861627351055250124e+00
5.600000000000000000e+01 2.746632428285194383e+00
5.700000000000000000e+01 2.832474928935075464e+00
5.800000000000000000e+01 2.838139915161333793e+00
5.900000000000000000e+01 2.811927368273014594e+00
6.000000000000000000e+01 2.978583841635941809e+00
6.100000000000000000e+01 2.872269602367912178e+00
6.200000000000000000e+01 3.400354291202985824e+00
6.300000000000000000e+01 3.810281481876975018e+00
6.400000000000000000e+01 3.538034031622025566e+00
6.500000000000000000e+01 3.304264188343342123e+00
6.600000000000000000e+01 3.362105378657282539e+00
6.700000000000000000e+01 3.023850703864471079e+00
6.800000000000000000e+01 3.222471631324492769e+00
6.900000000000000000e+01 3.205992745115283427e+00
7.000000000000000000e+01 3.189298287874194671e+00
7.100000000000000000e+01 3.404156583618725751e+00
7.200000000000000000e+01 3.367378276140753801e+00
7.300000000000000000e+01 3.653117652125239534e+00
7.400000000000000000e+01 3.971356096967477711e+00
7.500000000000000000e+01 3.956170228979105197e+00
7.600000000000000000e+01 4.011342970678006381e+00
7.700000000000000000e+01 3.832668761818791570e+00
7.800000000000000000e+01 3.939929415042489058e+00
7.900000000000000000e+01 4.268614723819100121e+00
8.000000000000000000e+01 4.680126490162350272e+00
8.100000000000000000e+01 4.925395907230773140e+00
8.200000000000000000e+01 5.495866495481327441e+00
8.300000000000000000e+01 4.837259751641818539e+00
8.400000000000000000e+01 4.498885138348590829e+00
8.500000000000000000e+01 4.154598308760442116e+00
8.600000000000000000e+01 3.875346182619971103e+00
8.700000000000000000e+01 3.593213227849263447e+00
8.800000000000000000e+01 3.492044208849063747e+00
8.900000000000000000e+01 3.324633190734050725e+00
9.000000000000000000e+01 3.298355303778991221e+00
9.100000000000000000e+01 3.029640610084697538e+00
9.200000000000000000e+01 2.912359362569576060e+00
9.300000000000000000e+01 2.660022500502538190e+00
9.400000000000000000e+01 2.732372285159429648e+00
9.500000000000000000e+01 2.545909369144978118e+00
9.600000000000000000e+01 2.306680516869663577e+00
9.700000000000000000e+01 2.281144963152122784e+00
9.800000000000000000e+01 2.400042875790552088e+00
9.900000000000000000e+01 2.414042576577984267e+00
1.000000000000000000e+02 2.632039939553584063e+00
1.010000000000000000e+02 2.801233699508734798e+00
1.020000000000000000e+02 3.073247813896812453e+00
1.030000000000000000e+02 3.076621327607643508e+00
1.040000000000000000e+02 3.046195277358714204e+00
1.050000000000000000e+02 2.833677275559171704e+00
1.060000000000000000e+02 2.725107568129539359e+00
1.070000000000000000e+02 2.670933660311635816e+00
1.080000000000000000e+02 2.662169318970733833e+00
1.090000000000000000e+02 2.723516967352810347e+00
1.100000000000000000e+02 2.641081505199334156e+00
1.110000000000000000e+02 2.805655931468253872e+00
1.120000000000000000e+02 3.048860921049951322e+00
1.130000000000000000e+02 3.276862595311256676e+00
1.140000000000000000e+02 3.449259499072809820e+00
1.150000000000000000e+02 3.716064126170957049e+00
1.160000000000000000e+02 3.863842845564225303e+00
1.170000000000000000e+02 4.241876295430928145e+00
1.180000000000000000e+02 4.360511049603309708e+00
1.190000000000000000e+02 4.118093769934482395e+00
1.200000000000000000e+02 4.176042005036373794e+00
1.210000000000000000e+02 3.717018197355222764e+00
1.220000000000000000e+02 3.547116991501261030e+00
1.230000000000000000e+02 3.315854320703837121e+00
1.240000000000000000e+02 3.075832033135081911e+00
1.250000000000000000e+02 3.095666560569419357e+00
1.260000000000000000e+02 2.907858890059199286e+00
1.270000000000000000e+02 3.008638355442597501e+00
1.280000000000000000e+02 2.925208845522097700e+00
1.290000000000000000e+02 3.057322980564967096e+00
1.300000000000000000e+02 3.052347616110989925e+00
1.310000000000000000e+02 3.227207194986413619e+00
1.320000000000000000e+02 3.597633891452911126e+00
1.330000000000000000e+02 4.043696258975034930e+00
1.340000000000000000e+02 4.012268429231147238e+00
1.350000000000000000e+02 3.841810514510218599e+00
1.360000000000000000e+02 3.548791885372902577e+00
1.370000000000000000e+02 3.409281241051612454e+00
1.380000000000000000e+02 3.364134889849081045e+00
1.390000000000000000e+02 3.258994182230323666e+00
1.400000000000000000e+02 3.275715474934586702e+00
1.410000000000000000e+02 3.165386741753597910e+00
1.420000000000000000e+02 3.357714567866424193e+00
1.430000000000000000e+02 3.507464107841637091e+00
1.440000000000000000e+02 4.046412168813406041e+00
1.450000000000000000e+02 4.525612637125107973e+00
1.460000000000000000e+02 4.830749640294102143e+00
1.470000000000000000e+02 5.549833190752676337e+00
1.480000000000000000e+02 4.933164026574881511e+00
1.490000000000000000e+02 4.092963716521988538e+00
1.500000000000000000e+02 3.820633692492758637e+00
1.510000000000000000e+02 3.522347316470413325e+00
1.520000000000000000e+02 3.414686380090502293e+00
1.530000000000000000e+02 3.518365636952298203e+00
1.540000000000000000e+02 3.119904492426018638e+00
1.550000000000000000e+02 2.945286434355865346e+00
1.560000000000000000e+02 2.735969954313966390e+00
1.570000000000000000e+02 2.709493758909895078e+00
1.580000000000000000e+02 2.553432970970119786e+00
1.590000000000000000e+02 2.340925031575798343e+00
1.600000000000000000e+02 2.201782914207859765e+00
1.610000000000000000e+02 2.286902972991436300e+00
1.620000000000000000e+02 2.279729364700391780e+00
1.630000000000000000e+02 2.435858510080278094e+00
1.640000000000000000e+02 2.541164054601419586e+00
1.650000000000000000e+02 2.945582989043983080e+00
1.660000000000000000e+02 3.193034365293959453e+00
1.670000000000000000e+02 3.077185494179290881e+00
1.680000000000000000e+02 2.917582227828310781e+00
1.690000000000000000e+02 2.696286681093789106e+00
1.700000000000000000e+02 2.549283654802668053e+00
1.710000000000000000e+02 2.538693990589301119e+00
1.720000000000000000e+02 2.456717011949385743e+00
1.730000000000000000e+02 2.632140534226234063e+00
1.740000000000000000e+02 2.527848792139569589e+00
1.750000000000000000e+02 2.773164270189934832e+00
1.760000000000000000e+02 2.971674890547541192e+00
1.770000000000000000e+02 3.213889025531780685e+00
1.780000000000000000e+02 3.144519691584586774e+00
1.790000000000000000e+02 2.811483291542153484e+00
1.800000000000000000e+02 2.872102416388134571e+00
1.810000000000000000e+02 2.720888405794414933e+00
1.820000000000000000e+02 2.798671943577936805e+00
1.830000000000000000e+02 2.664850056117896937e+00
1.840000000000000000e+02 2.831324865084911657e+00
1.850000000000000000e+02 2.893855132611935499e+00
1.860000000000000000e+02 3.090750349600567937e+00
1.870000000000000000e+02 3.211114686184041389e+00
1.880000000000000000e+02 3.197413856014324818e+00
1.890000000000000000e+02 3.437457959753428494e+00
1.900000000000000000e+02 3.491405874659122777e+00
1.910000000000000000e+02 3.327287599913343996e+00
1.920000000000000000e+02 3.454095772507240092e+00
1.930000000000000000e+02 3.665661032701248878e+00
1.940000000000000000e+02 3.781572778698738979e+00
1.950000000000000000e+02 3.760885833267407552e+00
1.960000000000000000e+02 4.520857112187314009e+00
1.970000000000000000e+02 5.310573188524035260e+00
1.980000000000000000e+02 6.685516129425702836e+00
1.990000000000000000e+02 9.031231621009153443e+00
2.000000000000000000e+02 9.357437403057714320e+00
2.010000000000000000e+02 8.029359829925439840e+00
2.020000000000000000e+02 7.406276072991630599e+00
2.030000000000000000e+02 5.987276369969248613e+00
2.040000000000000000e+02 4.759287035195848503e+00
2.050000000000000000e+02 4.702573459009635748e+00
2.060000000000000000e+02 3.883525718507430113e+00
2.070000000000000000e+02 3.485792707859246331e+00
2.080000000000000000e+02 3.270551454815664005e+00
2.090000000000000000e+02 3.111361911367300337e+00
2.100000000000000000e+02 3.099105464414565247e+00
2.110000000000000000e+02 3.666990028292537840e+00
2.120000000000000000e+02 4.730955417614645775e+00
2.130000000000000000e+02 5.528585946745807611e+00
2.140000000000000000e+02 5.661691657494198004e+00
2.150000000000000000e+02 6.255975582290947301e+00
2.160000000000000000e+02 5.424809767470746280e+00
2.170000000000000000e+02 4.169141478881729590e+00
2.180000000000000000e+02 3.017969941211392726e+00
2.190000000000000000e+02 2.714214580924227516e+00
2.200000000000000000e+02 2.614740836334648488e+00
2.210000000000000000e+02 2.366181387963986360e+00
2.220000000000000000e+02 2.454807231131278744e+00
2.230000000000000000e+02 2.370911752395265637e+00
2.240000000000000000e+02 2.114651712628255797e+00
2.250000000000000000e+02 1.983614340645755370e+00
2.260000000000000000e+02 2.141215168197541097e+00
2.270000000000000000e+02 2.115716907077925590e+00
2.280000000000000000e+02 2.284811926653909975e+00
2.290000000000000000e+02 2.447041202858665887e+00
2.300000000000000000e+02 2.483670735414437836e+00
2.310000000000000000e+02 2.611276035820509378e+00
2.320000000000000000e+02 2.943366487336496640e+00
2.330000000000000000e+02 3.229658304457686757e+00
2.340000000000000000e+02 3.550284588142577746e+00
2.350000000000000000e+02 3.322525696633279235e+00
2.360000000000000000e+02 3.078100996959763691e+00
2.370000000000000000e+02 2.687521502389615513e+00
2.380000000000000000e+02 2.594327075302510721e+00
2.390000000000000000e+02 2.479691533114559032e+00
2.400000000000000000e+02 2.287014010702149935e+00
2.410000000000000000e+02 2.216784751555052946e+00
2.420000000000000000e+02 2.094676297465718040e+00
2.430000000000000000e+02 2.192098136727431701e+00
2.440000000000000000e+02 2.045061300534091409e+00
2.450000000000000000e+02 2.247208257873499981e+00
2.460000000000000000e+02 2.420783587168629403e+00
2.470000000000000000e+02 2.597799258594047700e+00
2.480000000000000000e+02 2.579387584557736091e+00
2.490000000000000000e+02 2.262134712109504342e+00
2.500000000000000000e+02 2.220091789866240006e+00
2.510000000000000000e+02 2.131531099474924140e+00
2.520000000000000000e+02 2.253542305285550107e+00
2.530000000000000000e+02 2.225400179455669480e+00
2.540000000000000000e+02 2.414356583967269820e+00
2.550000000000000000e+02 2.490882325259330177e+00
2.560000000000000000e+02 2.691565950319372735e+00
2.570000000000000000e+02 2.898496938428954284e+00
2.580000000000000000e+02 2.933820611564226688e+00
2.590000000000000000e+02 3.295204389950679769e+00
2.600000000000000000e+02 3.390106261923960584e+00
2.610000000000000000e+02 3.068567126278302304e+00
2.620000000000000000e+02 3.198655879844616301e+00
2.630000000000000000e+02 2.969742234390524871e+00
2.640000000000000000e+02 2.907068715903405209e+00
2.650000000000000000e+02 2.706945169204550972e+00
2.660000000000000000e+02 2.585815907866504393e+00
2.670000000000000000e+02 2.457987378670999590e+00
2.680000000000000000e+02 2.353910726286274180e+00
2.690000000000000000e+02 2.106742053663145597e+00
2.700000000000000000e+02 2.139226095136685046e+00
2.710000000000000000e+02 2.073057678221684963e+00
2.720000000000000000e+02 2.128896754638310629e+00
2.730000000000000000e+02 1.951098613261867509e+00
2.740000000000000000e+02 1.755281490003131495e+00
2.750000000000000000e+02 1.776790345827150119e+00
2.760000000000000000e+02 1.816794362154414921e+00
2.770000000000000000e+02 1.872848840282271610e+00
2.780000000000000000e+02 1.742017474970039004e+00
2.790000000000000000e+02 1.703076847373024671e+00
2.800000000000000000e+02 1.776105457364653528e+00
2.810000000000000000e+02 1.784235994082459476e+00
2.820000000000000000e+02 1.928592357199037322e+00
2.830000000000000000e+02 1.920773213479758823e+00
2.840000000000000000e+02 2.081326885132862348e+00
2.850000000000000000e+02 2.129264917118965705e+00
2.860000000000000000e+02 2.376841392654372331e+00
2.870000000000000000e+02 2.535953142921485437e+00
2.880000000000000000e+02 2.548477616002477575e+00
2.890000000000000000e+02 2.516997403664055000e+00
2.900000000000000000e+02 2.379388974663383394e+00
2.910000000000000000e+02 2.138242617456434846e+00
2.920000000000000000e+02 1.977634078951550745e+00
2.930000000000000000e+02 1.910947967821612581e+00
2.940000000000000000e+02 1.691292116130246326e+00
2.950000000000000000e+02 1.691323572096508077e+00
2.960000000000000000e+02 1.553458089533965802e+00
2.970000000000000000e+02 1.564772569881940578e+00
2.980000000000000000e+02 1.425769554900447211e+00
2.990000000000000000e+02 1.490223833168648371e+00
3.000000000000000000e+02 1.540668423555808353e+00
3.010000000000000000e+02 1.580599525592515819e+00
3.020000000000000000e+02 1.629743340082986158e+00
3.030000000000000000e+02 1.798443492284829581e+00
3.040000000000000000e+02 1.833470902381053591e+00
3.050000000000000000e+02 2.237547258998609401e+00
3.060000000000000000e+02 2.253423420672439281e+00
3.070000000000000000e+02 2.120633991799466767e+00
3.080000000000000000e+02 1.897190207402934536e+00
3.090000000000000000e+02 1.730076140749931435e+00
3.100000000000000000e+02 1.524741578383230989e+00
3.110000000000000000e+02 1.427412851577914088e+00
3.120000000000000000e+02 1.301756576211803962e+00
3.130000000000000000e+02 1.351236613055346369e+00
3.140000000000000000e+02 1.441169117793571264e+00
3.150000000000000000e+02 1.478846955817474385e+00
3.160000000000000000e+02 1.677183013562135505e+00
3.170000000000000000e+02 1.788244959768486630e+00
3.180000000000000000e+02 2.056305290059144752e+00
3.190000000000000000e+02 2.190939462280587335e+00
3.200000000000000000e+02 2.414766797400645704e+00
3.210000000000000000e+02 2.548696406346041332e+00
3.220000000000000000e+02 3.014630529819836813e+00
3.230000000000000000e+02 3.416850350447075524e+00
3.240000000000000000e+02 3.425044526871067418e+00
3.250000000000000000e+02 3.075238400019676188e+00
3.260000000000000000e+02 2.620640164446516263e+00
3.270000000000000000e+02 2.445070804799156505e+00
3.280000000000000000e+02 2.183282877483109896e+00
3.290000000000000000e+02 1.956851233251019950e+00
3.300000000000000000e+02 1.744007077090309110e+00
3.310000000000000000e+02 1.529807610671293450e+00
3.320000000000000000e+02 1.437798727228045248e+00
3.330000000000000000e+02 1.309045370282549081e+00
3.340000000000000000e+02 1.467082988888311457e+00
3.350000000000000000e+02 1.378744839241821785e+00
3.360000000000000000e+02 1.398907380585288518e+00
3.370000000000000000e+02 1.414829381424196786e+00
3.380000000000000000e+02 1.364678341677928675e+00
3.390000000000000000e+02 1.343326506186896641e+00
3.400000000000000000e+02 1.288215075438107871e+00
3.410000000000000000e+02 1.382239932781231362e+00
3.420000000000000000e+02 1.462449559747419636e+00
3.430000000000000000e+02 1.535879475444398512e+00
3.440000000000000000e+02 1.545225030626584228e+00
3.450000000000000000e+02 1.635242905684467285e+00
3.460000000000000000e+02 1.746885697003955018e+00
3.470000000000000000e+02 1.841468084749250833e+00
3.480000000000000000e+02 1.996425851165527288e+00
3.490000000000000000e+02 2.099800638823398735e+00
3.500000000000000000e+02 2.063223655932732825e+00
3.510000000000000000e+02 2.191850747587362758e+00
3.520000000000000000e+02 2.294921222894030777e+00
3.530000000000000000e+02 2.693570075017722498e+00
3.540000000000000000e+02 2.863039663964351611e+00
3.550000000000000000e+02 2.190222470940671240e+00
3.560000000000000000e+02 1.975304410581536940e+00
3.570000000000000000e+02 1.791898508021765313e+00
3.580000000000000000e+02 1.632401189644054673e+00
3.590000000000000000e+02 1.519806851139750892e+00
3.600000000000000000e+02 1.396956783469290642e+00
3.610000000000000000e+02 1.421027969172552252e+00
3.620000000000000000e+02 1.416781490178703473e+00
3.630000000000000000e+02 1.520354994982165087e+00
3.640000000000000000e+02 1.690758351238897061e+00
3.650000000000000000e+02 1.935279666326164660e+00
3.660000000000000000e+02 2.448463528469443151e+00
3.670000000000000000e+02 2.435107149207923705e+00
3.680000000000000000e+02 2.307332445976752577e+00
3.690000000000000000e+02 1.891969601065217832e+00
3.700000000000000000e+02 1.829507295594368976e+00
3.710000000000000000e+02 1.622950493103054059e+00
3.720000000000000000e+02 1.516345391865817627e+00
3.730000000000000000e+02 1.469412996413756112e+00
3.740000000000000000e+02 1.445276319237929874e+00
3.750000000000000000e+02 1.547541587232699634e+00
3.760000000000000000e+02 1.605852294393108171e+00
3.770000000000000000e+02 1.738876659257470703e+00
3.780000000000000000e+02 1.838937130184596258e+00
3.790000000000000000e+02 2.202109595401142705e+00
3.800000000000000000e+02 2.252961404383231780e+00
3.810000000000000000e+02 2.131834060126094332e+00
3.820000000000000000e+02 1.905571094075920069e+00
3.830000000000000000e+02 1.709038890580348857e+00
3.840000000000000000e+02 1.911045243339068334e+00
3.850000000000000000e+02 1.952755583910549486e+00
3.860000000000000000e+02 2.398070322557884992e+00
3.870000000000000000e+02 2.385214693310028000e+00
3.880000000000000000e+02 2.419888588024897480e+00
3.890000000000000000e+02 1.684686819933437052e+00
3.900000000000000000e+02 1.655920130790754730e+00
3.910000000000000000e+02 1.776795628902806845e+00
3.920000000000000000e+02 1.831965405338774833e+00
3.930000000000000000e+02 1.915259821641055238e+00
3.940000000000000000e+02 2.183431266930031978e+00
3.950000000000000000e+02 2.248159707241851546e+00
3.960000000000000000e+02 2.592251151600402537e+00
3.970000000000000000e+02 2.659779842709198761e+00
3.980000000000000000e+02 2.904492502441373247e+00
3.990000000000000000e+02 2.757109711931247098e+00
4.000000000000000000e+02 2.377766556303644307e+00
4.010000000000000000e+02 2.063365779352189122e+00
4.020000000000000000e+02 2.008707305970167667e+00
4.030000000000000000e+02 1.817501179932803135e+00
4.040000000000000000e+02 1.758884104693742012e+00
4.050000000000000000e+02 1.624597900745624379e+00
4.060000000000000000e+02 1.708097979040499981e+00
4.070000000000000000e+02 1.767932306888384542e+00
4.080000000000000000e+02 1.758538949584756761e+00
4.090000000000000000e+02 1.878469081616084724e+00
4.100000000000000000e+02 1.924343597584338150e+00
4.110000000000000000e+02 2.034233042029855110e+00
4.120000000000000000e+02 2.264976100093968103e+00
4.130000000000000000e+02 2.461592191097165649e+00
4.140000000000000000e+02 2.752159756670216950e+00
4.150000000000000000e+02 2.875593449139480562e+00
4.160000000000000000e+02 2.778090095957749917e+00
4.170000000000000000e+02 2.739051009599634323e+00
4.180000000000000000e+02 2.475891755369906022e+00
4.190000000000000000e+02 2.299122921914876549e+00
4.200000000000000000e+02 2.213228292607501757e+00
4.210000000000000000e+02 2.235928533320917122e+00
4.220000000000000000e+02 1.992535011931260369e+00
4.230000000000000000e+02 2.017231583731679212e+00
4.240000000000000000e+02 1.856856528300461662e+00
4.250000000000000000e+02 1.928783376730933696e+00
4.260000000000000000e+02 1.987473023552997153e+00
4.270000000000000000e+02 2.137175487658366624e+00
4.280000000000000000e+02 2.187036206597082533e+00
4.290000000000000000e+02 2.351406072942444414e+00
4.300000000000000000e+02 2.439425564880854935e+00
4.310000000000000000e+02 2.345903646500802964e+00
4.320000000000000000e+02 2.213378439179804591e+00
4.330000000000000000e+02 2.188650795736374999e+00
4.340000000000000000e+02 2.255271166867204080e+00
4.350000000000000000e+02 2.190539811060338682e+00
4.360000000000000000e+02 2.370815860546497067e+00
4.370000000000000000e+02 2.267792456829112790e+00
4.380000000000000000e+02 2.426024478575897536e+00
4.390000000000000000e+02 2.575707486123089307e+00
4.400000000000000000e+02 2.487294788694272896e+00
4.410000000000000000e+02 2.614796383998997165e+00
4.420000000000000000e+02 2.588100369401317824e+00
4.430000000000000000e+02 2.660847075179450627e+00
4.440000000000000000e+02 2.718550353659211716e+00
4.450000000000000000e+02 2.792942690303702236e+00
4.460000000000000000e+02 2.879914131761228013e+00
4.470000000000000000e+02 2.907446604893928477e+00
4.480000000000000000e+02 3.080286342073863981e+00
4.490000000000000000e+02 3.202614654017037932e+00
4.500000000000000000e+02 3.463036198556289857e+00
4.510000000000000000e+02 3.567006053155818979e+00
4.520000000000000000e+02 3.358571934565427242e+00
4.530000000000000000e+02 3.503927812328526237e+00
4.540000000000000000e+02 3.645105430554917980e+00
4.550000000000000000e+02 4.049749859811890396e+00
4.560000000000000000e+02 4.375247213020163173e+00
4.570000000000000000e+02 5.073067613443104307e+00
4.580000000000000000e+02 5.022061967567838181e+00
4.590000000000000000e+02 4.744561380534894290e+00
4.600000000000000000e+02 4.836662557614507030e+00
4.610000000000000000e+02 4.517382026060241529e+00
4.620000000000000000e+02 4.707455389643521393e+00
4.630000000000000000e+02 4.606828152228944262e+00
4.640000000000000000e+02 4.858195883140713711e+00
4.650000000000000000e+02 5.490949667009031643e+00
4.660000000000000000e+02 5.499324750370376158e+00
4.670000000000000000e+02 5.573734983454913916e+00
4.680000000000000000e+02 5.217099659053353378e+00
4.690000000000000000e+02 4.845329302457896503e+00
4.700000000000000000e+02 4.395772967311470047e+00
4.710000000000000000e+02 4.160712430923075189e+00
4.720000000000000000e+02 3.929230453943207912e+00
4.730000000000000000e+02 3.686282923573790615e+00
4.740000000000000000e+02 3.581108867762412107e+00
4.750000000000000000e+02 3.320063336584237579e+00
4.760000000000000000e+02 3.276919640411374957e+00
4.770000000000000000e+02 3.099639547519758676e+00
4.780000000000000000e+02 3.125554258515143236e+00
4.790000000000000000e+02 3.027382136967322612e+00
4.800000000000000000e+02 3.013842041535860439e+00
4.810000000000000000e+02 2.939204049774749805e+00
4.820000000000000000e+02 2.945250789683252268e+00
4.830000000000000000e+02 2.982920572547668847e+00
4.840000000000000000e+02 3.161738133038386689e+00
4.850000000000000000e+02 3.333340468330698858e+00
4.860000000000000000e+02 3.646836432959775554e+00
4.870000000000000000e+02 3.415701609461060606e+00
4.880000000000000000e+02 3.546426238800004516e+00
4.890000000000000000e+02 3.686773735163847654e+00
4.900000000000000000e+02 3.642286140542009942e+00
4.910000000000000000e+02 3.311907912144528510e+00
4.920000000000000000e+02 3.333657735937177513e+00
4.930000000000000000e+02 3.074927732508872857e+00
4.940000000000000000e+02 3.149157673595359697e+00
4.950000000000000000e+02 3.035686802251448491e+00
4.960000000000000000e+02 3.052220454825175011e+00
4.970000000000000000e+02 3.055028430534131534e+00
4.980000000000000000e+02 3.081223535752549925e+00
4.990000000000000000e+02 3.161519701412772054e+00
5.000000000000000000e+02 3.106236185354823487e+00
5.010000000000000000e+02 2.912916829189540646e+00
5.020000000000000000e+02 2.867337678181077543e+00
5.030000000000000000e+02 3.122400163715455257e+00
5.040000000000000000e+02 3.408468144725709692e+00
5.050000000000000000e+02 3.698337972865877177e+00
5.060000000000000000e+02 4.136720065642717437e+00
5.070000000000000000e+02 3.991816308375492728e+00
5.080000000000000000e+02 3.739522057021990697e+00
5.090000000000000000e+02 3.490613581177859803e+00
5.100000000000000000e+02 3.572358681400637170e+00
5.110000000000000000e+02 3.533038056753913914e+00
5.120000000000000000e+02 3.673263933229331091e+00
5.130000000000000000e+02 3.749016140730428326e+00
5.140000000000000000e+02 4.052482425182257764e+00
5.150000000000000000e+02 4.298695426646368389e+00
5.160000000000000000e+02 4.201875195466557855e+00
5.170000000000000000e+02 4.101594274330432555e+00
5.180000000000000000e+02 3.808281946279277630e+00
5.190000000000000000e+02 3.498719153309098218e+00
5.200000000000000000e+02 3.427235788104362246e+00
5.210000000000000000e+02 3.462469688632446640e+00
5.220000000000000000e+02 3.406799915899783038e+00
5.230000000000000000e+02 3.431599757573680076e+00
5.240000000000000000e+02 3.477416539404120766e+00
5.250000000000000000e+02 3.410822615108804357e+00
5.260000000000000000e+02 3.500408743656772348e+00
5.270000000000000000e+02 3.387101946644172301e+00
5.280000000000000000e+02 3.578195057022897974e+00
5.290000000000000000e+02 3.626672739477241780e+00
5.300000000000000000e+02 3.989514263237671887e+00
5.310000000000000000e+02 4.724928371033761287e+00
5.320000000000000000e+02 3.973183825610002717e+00
5.330000000000000000e+02 3.558220909460266590e+00
5.340000000000000000e+02 3.556983213634152818e+00
5.350000000000000000e+02 3.432525231917321840e+00
5.360000000000000000e+02 3.497784080890481206e+00
5.370000000000000000e+02 3.562289203112396052e+00
5.380000000000000000e+02 3.619035491748798794e+00
5.390000000000000000e+02 3.775474135277516297e+00
5.400000000000000000e+02 3.710658709744083072e+00
5.410000000000000000e+02 3.841177420463925518e+00
5.420000000000000000e+02 3.802741921556516136e+00
5.430000000000000000e+02 4.044699117149913370e+00
5.440000000000000000e+02 4.825047294619732696e+00
5.450000000000000000e+02 4.902996656179597679e+00
5.460000000000000000e+02 5.193502602026331516e+00
5.470000000000000000e+02 4.707920813776776292e+00
5.480000000000000000e+02 4.374908222635882638e+00
5.490000000000000000e+02 4.122206695153019851e+00
5.500000000000000000e+02 3.656275865868286790e+00
5.510000000000000000e+02 3.664099860203949177e+00
5.520000000000000000e+02 3.539615400925330668e+00
5.530000000000000000e+02 3.340920616094758433e+00
5.540000000000000000e+02 3.192658387878514858e+00
5.550000000000000000e+02 3.166254553484772583e+00
5.560000000000000000e+02 2.976159277506371659e+00
5.570000000000000000e+02 2.956498886398830628e+00
5.580000000000000000e+02 2.787743646389598151e+00
5.590000000000000000e+02 2.783009378176329651e+00
5.600000000000000000e+02 2.687476729232941786e+00
5.610000000000000000e+02 2.754984550207919991e+00
5.620000000000000000e+02 2.797407512394281426e+00
5.630000000000000000e+02 2.905426254840496547e+00
5.640000000000000000e+02 3.316945378520573140e+00
5.650000000000000000e+02 3.979290798967832554e+00
5.660000000000000000e+02 4.092347977773888701e+00
5.670000000000000000e+02 4.531751377222656529e+00
5.680000000000000000e+02 5.551824001081486770e+00
5.690000000000000000e+02 5.972185356206760609e+00
5.700000000000000000e+02 6.063614127036117907e+00
5.710000000000000000e+02 5.634321382170512038e+00
5.720000000000000000e+02 4.932549026780521650e+00
5.730000000000000000e+02 4.159316369876752795e+00
5.740000000000000000e+02 2.975636350648267481e+00
5.750000000000000000e+02 2.855542078533539030e+00
5.760000000000000000e+02 2.716497463684428570e+00
5.770000000000000000e+02 2.477435923546271290e+00
5.780000000000000000e+02 2.458266552272073469e+00
5.790000000000000000e+02 2.367959071261807491e+00
5.800000000000000000e+02 2.273162847086241722e+00
5.810000000000000000e+02 2.453131801220647557e+00
5.820000000000000000e+02 2.490921031166445143e+00
5.830000000000000000e+02 2.439816039671509174e+00
5.840000000000000000e+02 2.466091790937256167e+00
5.850000000000000000e+02 2.516726994493663216e+00
5.860000000000000000e+02 2.581121937309407421e+00
5.870000000000000000e+02 2.671931829109954304e+00
5.880000000000000000e+02 2.818130228078422839e+00
5.890000000000000000e+02 2.949458720290352609e+00
5.900000000000000000e+02 3.135515096940364899e+00
5.910000000000000000e+02 3.263123892589300468e+00
5.920000000000000000e+02 3.507368032720622697e+00
5.930000000000000000e+02 3.731974457292508429e+00
5.940000000000000000e+02 4.192215149921950434e+00
5.950000000000000000e+02 4.405528972511946861e+00
5.960000000000000000e+02 5.602171429775427036e+00
5.970000000000000000e+02 6.791179246241261680e+00
5.980000000000000000e+02 7.999239576529629581e+00
5.990000000000000000e+02 8.831611379229784120e+00
6.000000000000000000e+02 8.002540324122314530e+00
6.010000000000000000e+02 7.026870825467582016e+00
6.020000000000000000e+02 6.060664836453948823e+00
6.030000000000000000e+02 4.474545533611627768e+00
6.040000000000000000e+02 3.619949733737196418e+00
6.050000000000000000e+02 3.545404801317669108e+00
6.060000000000000000e+02 3.366189924193995431e+00
6.070000000000000000e+02 3.415582909948529533e+00
6.080000000000000000e+02 3.280898954468248530e+00
6.090000000000000000e+02 3.382644721601241855e+00
6.100000000000000000e+02 3.268700126832372543e+00
6.110000000000000000e+02 3.462888359643825353e+00
6.120000000000000000e+02 3.380461424830070616e+00
6.130000000000000000e+02 3.484839898738609332e+00
6.140000000000000000e+02 3.452545577604179794e+00
6.150000000000000000e+02 3.674105479083970227e+00
6.160000000000000000e+02 3.571928360098453492e+00
6.170000000000000000e+02 3.327525193955899852e+00
6.180000000000000000e+02 3.334986427199315706e+00
6.190000000000000000e+02 3.368747645923615419e+00
6.200000000000000000e+02 3.224391612919843997e+00
6.210000000000000000e+02 3.049423586996139246e+00
6.220000000000000000e+02 2.890518711042507682e+00
6.230000000000000000e+02 2.951433052406457147e+00
6.240000000000000000e+02 2.851252330035467075e+00
6.250000000000000000e+02 2.954829131915613250e+00
6.260000000000000000e+02 2.969574319697117826e+00
6.270000000000000000e+02 3.025326111870993095e+00
6.280000000000000000e+02 3.132784223916776689e+00
6.290000000000000000e+02 3.109552979219172730e+00
6.300000000000000000e+02 3.249635452629569876e+00
6.310000000000000000e+02 3.201371993355184298e+00
6.320000000000000000e+02 3.469909121882355674e+00
6.330000000000000000e+02 3.502331074135284439e+00
6.340000000000000000e+02 3.833392351743015070e+00
6.350000000000000000e+02 3.819851028921895431e+00
6.360000000000000000e+02 3.751613699825664394e+00
6.370000000000000000e+02 3.547992016800201931e+00
6.380000000000000000e+02 3.295890602498198430e+00
6.390000000000000000e+02 3.179922471432180764e+00
6.400000000000000000e+02 2.980863617769547780e+00
6.410000000000000000e+02 2.977334410426068612e+00
6.420000000000000000e+02 2.826228827194940507e+00
6.430000000000000000e+02 2.831999183583350899e+00
6.440000000000000000e+02 2.792257155761904031e+00
6.450000000000000000e+02 2.826973892099617469e+00
6.460000000000000000e+02 2.884445197015091278e+00
6.470000000000000000e+02 2.957587815497534578e+00
6.480000000000000000e+02 3.015026590824309238e+00
6.490000000000000000e+02 3.007573808130825643e+00
6.500000000000000000e+02 2.930341537187800771e+00
6.510000000000000000e+02 2.776628194400685423e+00
6.520000000000000000e+02 2.636434683862605599e+00
6.530000000000000000e+02 2.566161412891341254e+00
6.540000000000000000e+02 2.523794937853073073e+00
6.550000000000000000e+02 2.536688582370939749e+00
6.560000000000000000e+02 2.678936247697314865e+00
6.570000000000000000e+02 2.831491827118968629e+00
6.580000000000000000e+02 2.914348922421794441e+00
6.590000000000000000e+02 3.316322813958003657e+00
6.600000000000000000e+02 3.445849671089449728e+00
6.610000000000000000e+02 3.562554033982060719e+00
6.620000000000000000e+02 3.706729734043625601e+00
6.630000000000000000e+02 3.269042895658257120e+00
6.640000000000000000e+02 3.110183069537058920e+00
6.650000000000000000e+02 2.918682794582887929e+00
6.660000000000000000e+02 2.851340406851314402e+00
6.670000000000000000e+02 2.732263932598739675e+00
6.680000000000000000e+02 2.646827590783003004e+00
6.690000000000000000e+02 2.607692067657289225e+00
6.700000000000000000e+02 2.612364977622939399e+00
6.710000000000000000e+02 2.780265986566463621e+00
6.720000000000000000e+02 3.173637735707449892e+00
6.730000000000000000e+02 3.744890560693978188e+00
6.740000000000000000e+02 4.171658251556085162e+00
6.750000000000000000e+02 3.796981861077564968e+00
6.760000000000000000e+02 3.240195047795945360e+00
6.770000000000000000e+02 2.930691777149782240e+00
6.780000000000000000e+02 2.730857741593035737e+00
6.790000000000000000e+02 2.628212971699185108e+00
6.800000000000000000e+02 2.644614624435228212e+00
6.810000000000000000e+02 2.699586279137587752e+00
6.820000000000000000e+02 2.731841972176654920e+00
6.830000000000000000e+02 2.877434076061581525e+00
6.840000000000000000e+02 2.929017863648055719e+00
6.850000000000000000e+02 3.011619364494033668e+00
6.860000000000000000e+02 3.175276830122246707e+00
6.870000000000000000e+02 3.185380578025928333e+00
6.880000000000000000e+02 3.498506655469192150e+00
6.890000000000000000e+02 3.649829748501082438e+00
6.900000000000000000e+02 3.793604698778613393e+00
6.910000000000000000e+02 3.732459628025679876e+00
6.920000000000000000e+02 3.512884593164911085e+00
6.930000000000000000e+02 3.255644013810838455e+00
6.940000000000000000e+02 3.229309753494932878e+00
6.950000000000000000e+02 3.070953000333960681e+00
6.960000000000000000e+02 2.958727633970899884e+00
6.970000000000000000e+02 2.788038999386744266e+00
6.980000000000000000e+02 2.741306289217421810e+00
6.990000000000000000e+02 2.727532770117796712e+00
7.000000000000000000e+02 2.768259130455340333e+00
7.010000000000000000e+02 2.917041898628141450e+00
7.020000000000000000e+02 3.008757758993374942e+00
7.030000000000000000e+02 3.193999112394071194e+00
7.040000000000000000e+02 3.388435432972787265e+00
7.050000000000000000e+02 3.655046060383532414e+00
7.060000000000000000e+02 3.769871029383628613e+00
7.070000000000000000e+02 4.015131634071237521e+00
7.080000000000000000e+02 3.857819247905278193e+00
7.090000000000000000e+02 3.799240299429190060e+00
7.100000000000000000e+02 3.612868758408224412e+00
7.110000000000000000e+02 3.367724655601838535e+00
7.120000000000000000e+02 3.302754439533846398e+00
7.130000000000000000e+02 3.111918344849919915e+00
7.140000000000000000e+02 3.131764016313062449e+00
7.150000000000000000e+02 3.052445822106607753e+00
7.160000000000000000e+02 3.069343288730792985e+00
7.170000000000000000e+02 3.034392995146832028e+00
7.180000000000000000e+02 3.015178138127856400e+00
7.190000000000000000e+02 3.091536820354844561e+00
7.200000000000000000e+02 3.202910837396480748e+00
7.210000000000000000e+02 3.504051565807889457e+00
7.220000000000000000e+02 3.702049451851144202e+00
7.230000000000000000e+02 3.753060463254199064e+00
7.240000000000000000e+02 3.597403279090840567e+00
7.250000000000000000e+02 3.321864054074345596e+00
7.260000000000000000e+02 3.283149215090229944e+00
7.270000000000000000e+02 3.344661605380876868e+00
7.280000000000000000e+02 3.525013103893972044e+00
7.290000000000000000e+02 3.397265064685381919e+00
7.300000000000000000e+02 3.415406234122090101e+00
7.310000000000000000e+02 3.417950335456161337e+00
7.320000000000000000e+02 3.428739057371540166e+00
7.330000000000000000e+02 3.495558464461938630e+00
7.340000000000000000e+02 3.462988747866026173e+00
7.350000000000000000e+02 3.633469980366474061e+00
7.360000000000000000e+02 3.548603059388887537e+00
7.370000000000000000e+02 3.634468496086163736e+00
7.380000000000000000e+02 3.627236649500374721e+00
7.390000000000000000e+02 3.584247976209252062e+00
7.400000000000000000e+02 3.574237012364433586e+00
7.410000000000000000e+02 3.559792008349958792e+00
7.420000000000000000e+02 3.513051188323115248e+00
7.430000000000000000e+02 3.228570027638367090e+00
7.440000000000000000e+02 3.214326635673316446e+00
7.450000000000000000e+02 3.048608751939753336e+00
7.460000000000000000e+02 3.109052805013232668e+00
7.470000000000000000e+02 3.239051523508900132e+00
7.480000000000000000e+02 3.312074279516491693e+00
7.490000000000000000e+02 3.350211590450736576e+00
7.500000000000000000e+02 3.335332617360059704e+00
7.510000000000000000e+02 3.278405505557322908e+00
7.520000000000000000e+02 3.326694071459426638e+00
7.530000000000000000e+02 3.537163960156110232e+00
7.540000000000000000e+02 3.686808840182222546e+00
7.550000000000000000e+02 4.054470163672458050e+00
7.560000000000000000e+02 4.238371145782134697e+00
7.570000000000000000e+02 4.553894721730274320e+00
7.580000000000000000e+02 4.862161158733827371e+00
7.590000000000000000e+02 5.404338955009518664e+00
7.600000000000000000e+02 5.258103822299094787e+00
7.610000000000000000e+02 5.742447775172206725e+00
7.620000000000000000e+02 5.945538268624623868e+00
7.630000000000000000e+02 6.382339213737482808e+00
7.640000000000000000e+02 6.809606817060251061e+00
7.650000000000000000e+02 6.670938247172014002e+00
7.660000000000000000e+02 6.116878778687061313e+00
7.670000000000000000e+02 6.385381159744348167e+00
7.680000000000000000e+02 5.891524894296455983e+00
7.690000000000000000e+02 5.316167035728210699e+00
7.700000000000000000e+02 5.176344915441940309e+00
7.710000000000000000e+02 5.457627685921226934e+00
7.720000000000000000e+02 5.140804981710177302e+00
7.730000000000000000e+02 4.635539525532354155e+00
7.740000000000000000e+02 4.215144886677600233e+00
7.750000000000000000e+02 4.184667345926949444e+00
7.760000000000000000e+02 3.857116281816840520e+00
7.770000000000000000e+02 3.712797065427663856e+00
7.780000000000000000e+02 3.497756867584718599e+00
7.790000000000000000e+02 3.459780742883280080e+00
7.800000000000000000e+02 3.425466882201047003e+00
7.810000000000000000e+02 3.377037321626006339e+00
7.820000000000000000e+02 3.448907236037989765e+00
7.830000000000000000e+02 3.459194351645945353e+00
7.840000000000000000e+02 3.591482183079320656e+00
7.850000000000000000e+02 3.410585420435999993e+00
7.860000000000000000e+02 3.547085912567718324e+00
7.870000000000000000e+02 3.512069467346598195e+00
7.880000000000000000e+02 4.088207694776678558e+00
7.890000000000000000e+02 3.989261652722951634e+00
7.900000000000000000e+02 4.004446354746712622e+00
7.910000000000000000e+02 4.307098257699075283e+00
7.920000000000000000e+02 4.135112948470006877e+00
7.930000000000000000e+02 4.149180042508924693e+00
7.940000000000000000e+02 4.406002192634388415e+00
7.950000000000000000e+02 4.158490301040753678e+00
7.960000000000000000e+02 4.440214648467383896e+00
7.970000000000000000e+02 4.251725169619089861e+00
7.980000000000000000e+02 4.398781153147909961e+00
7.990000000000000000e+02 4.385832975486423813e+00
8.000000000000000000e+02 4.648356488655274177e+00
8.010000000000000000e+02 5.004696368991331745e+00
8.020000000000000000e+02 5.291254263375293476e+00
8.030000000000000000e+02 5.421931716203972407e+00
8.040000000000000000e+02 6.017604515225623452e+00
8.050000000000000000e+02 6.150382654721168407e+00
8.060000000000000000e+02 5.680836322186286758e+00
8.070000000000000000e+02 5.302161926701431049e+00
8.080000000000000000e+02 4.762780797369728703e+00
8.090000000000000000e+02 4.593702141312153486e+00
8.100000000000000000e+02 4.984255278098422615e+00
8.110000000000000000e+02 4.870604934760666360e+00
8.120000000000000000e+02 5.017840419263552398e+00
8.130000000000000000e+02 4.902759429464164320e+00
8.140000000000000000e+02 4.649941768571436818e+00
8.150000000000000000e+02 4.739295359552969877e+00
8.160000000000000000e+02 4.568708245970922732e+00
8.170000000000000000e+02 4.509819926820576086e+00
8.180000000000000000e+02 4.383763697443711749e+00
8.190000000000000000e+02 4.550151375347608607e+00
8.200000000000000000e+02 4.537527139173147539e+00
8.210000000000000000e+02 4.947456267298449895e+00
8.220000000000000000e+02 4.995974777410435941e+00
8.230000000000000000e+02 5.460034065572371809e+00
8.240000000000000000e+02 5.496751036702148596e+00
8.250000000000000000e+02 6.011010071859703707e+00
8.260000000000000000e+02 5.834618237168198718e+00
8.270000000000000000e+02 6.037407922675574135e+00
8.280000000000000000e+02 5.681004566045222859e+00
8.290000000000000000e+02 5.803118023125251490e+00
8.300000000000000000e+02 6.271028864155972826e+00
8.310000000000000000e+02 6.467156302550834290e+00
8.320000000000000000e+02 6.476899983148866724e+00
8.330000000000000000e+02 6.174433138031177215e+00
8.340000000000000000e+02 6.379843437703737408e+00
8.350000000000000000e+02 6.853715516649267592e+00
8.360000000000000000e+02 7.915617696867710329e+00
8.370000000000000000e+02 8.913379011090498238e+00
8.380000000000000000e+02 9.402737362775377861e+00
8.390000000000000000e+02 9.389414335440461556e+00
8.400000000000000000e+02 9.263425869070220031e+00
8.410000000000000000e+02 8.752977738907278038e+00
8.420000000000000000e+02 9.237199526227545476e+00
8.430000000000000000e+02 8.834175020044984450e+00
8.440000000000000000e+02 8.599280183082296247e+00
8.450000000000000000e+02 8.898100216121489936e+00
8.460000000000000000e+02 8.752766338079840835e+00
8.470000000000000000e+02 8.961633092345453022e+00
8.480000000000000000e+02 9.831731737718870434e+00
8.490000000000000000e+02 1.004214913708361934e+01
8.500000000000000000e+02 1.030290619736593349e+01
8.510000000000000000e+02 9.944939069340511750e+00
8.520000000000000000e+02 9.706709193153963966e+00
8.530000000000000000e+02 9.823723030420525859e+00
8.540000000000000000e+02 9.844562615066648092e+00
8.550000000000000000e+02 1.032550603244855658e+01
8.560000000000000000e+02 9.467975627602875477e+00
8.570000000000000000e+02 7.949870700235059928e+00
8.580000000000000000e+02 8.148370880940895233e+00
8.590000000000000000e+02 9.149372085101459717e+00
8.600000000000000000e+02 8.201631635638875650e+00
8.610000000000000000e+02 8.174132719780708101e+00
8.620000000000000000e+02 7.531425089998502465e+00
8.630000000000000000e+02 7.574560840574051213e+00
8.640000000000000000e+02 6.938345252863780566e+00
8.650000000000000000e+02 6.656100638622890919e+00
8.660000000000000000e+02 7.666729313452273153e+00
8.670000000000000000e+02 6.342066590841684004e+00
8.680000000000000000e+02 5.743534358067332590e+00
8.690000000000000000e+02 4.749115049298024971e+00
8.700000000000000000e+02 4.696229531606284979e+00
8.710000000000000000e+02 4.477550601007366460e+00
8.720000000000000000e+02 4.523357958604688811e+00
8.730000000000000000e+02 4.547756802953935029e+00
8.740000000000000000e+02 4.898173191328682563e+00
8.750000000000000000e+02 5.420303835323502462e+00
8.760000000000000000e+02 5.411042562340734108e+00
8.770000000000000000e+02 5.196870606141769322e+00
8.780000000000000000e+02 5.466574072468441514e+00
8.790000000000000000e+02 5.196341494841209219e+00
8.800000000000000000e+02 5.181262645066969874e+00
8.810000000000000000e+02 5.045353327966775048e+00
8.820000000000000000e+02 4.845250808435953793e+00
8.830000000000000000e+02 4.838671116376118242e+00
8.840000000000000000e+02 4.636439965503307725e+00
8.850000000000000000e+02 4.686090000159764735e+00
8.860000000000000000e+02 4.284204936776590422e+00
8.870000000000000000e+02 4.455738086720179680e+00
8.880000000000000000e+02 4.243478303593589906e+00
8.890000000000000000e+02 3.981820868715052697e+00
8.900000000000000000e+02 4.125781440995959670e+00
8.910000000000000000e+02 3.611230948136064267e+00
8.920000000000000000e+02 3.878831770091618836e+00
8.930000000000000000e+02 4.128232588344816101e+00
8.940000000000000000e+02 3.855095218953231040e+00
8.950000000000000000e+02 3.995882379598111989e+00
8.960000000000000000e+02 3.875704993841607937e+00
8.970000000000000000e+02 3.924923822004202201e+00
8.980000000000000000e+02 3.960333349007493009e+00
8.990000000000000000e+02 4.083286764650440936e+00
9.000000000000000000e+02 4.252491476870638110e+00
9.010000000000000000e+02 4.424441296872487328e+00
9.020000000000000000e+02 4.556489934065638181e+00
9.030000000000000000e+02 4.398429676984907388e+00
9.040000000000000000e+02 4.823117498553439297e+00
9.050000000000000000e+02 4.750272770959676372e+00
9.060000000000000000e+02 5.155837776193693323e+00
9.070000000000000000e+02 5.091705264751710480e+00
9.080000000000000000e+02 4.718273748146444291e+00
9.090000000000000000e+02 4.930486829557546358e+00
9.100000000000000000e+02 4.970120198586391425e+00
9.110000000000000000e+02 5.175369412581004802e+00
9.120000000000000000e+02 5.263898430918008131e+00
9.130000000000000000e+02 5.286295088397847231e+00
9.140000000000000000e+02 4.864841250926108529e+00
9.150000000000000000e+02 4.072741091908595124e+00
9.160000000000000000e+02 4.521061366609390397e+00
9.170000000000000000e+02 4.134016184796889704e+00
9.180000000000000000e+02 4.143840626727597787e+00
9.190000000000000000e+02 3.882138622595733057e+00
9.200000000000000000e+02 3.945574078041939714e+00
9.210000000000000000e+02 3.909271481789946101e+00
9.220000000000000000e+02 3.869900480067791637e+00
9.230000000000000000e+02 3.927552609311599330e+00
9.240000000000000000e+02 3.860223010281653266e+00
9.250000000000000000e+02 3.982651295727758001e+00
9.260000000000000000e+02 3.883791299038739098e+00
9.270000000000000000e+02 4.157356403355512597e+00
9.280000000000000000e+02 4.084530368461689598e+00
9.290000000000000000e+02 4.479838605876478752e+00
9.300000000000000000e+02 4.093783506447039144e+00
9.310000000000000000e+02 3.809283604672631718e+00
9.320000000000000000e+02 3.786706098224891015e+00
9.330000000000000000e+02 3.803028855661324759e+00
9.340000000000000000e+02 4.070126261116706168e+00
9.350000000000000000e+02 4.076477592922016946e+00
9.360000000000000000e+02 3.999602396448703967e+00
9.370000000000000000e+02 4.230169580230407789e+00
9.380000000000000000e+02 4.247113445811986132e+00
9.390000000000000000e+02 4.370094093080044040e+00
9.400000000000000000e+02 4.334609295127492601e+00
9.410000000000000000e+02 4.080963900277377654e+00
9.420000000000000000e+02 3.991141931242770724e+00
9.430000000000000000e+02 3.683729641449579262e+00
9.440000000000000000e+02 3.722522893544442102e+00
9.450000000000000000e+02 3.509616292491133827e+00
9.460000000000000000e+02 3.532491284900816986e+00
9.470000000000000000e+02 3.371328642263784481e+00
9.480000000000000000e+02 3.426809782384444780e+00
9.490000000000000000e+02 3.451273699073371226e+00
9.500000000000000000e+02 3.515905682676669919e+00
9.510000000000000000e+02 3.747144740007387398e+00
9.520000000000000000e+02 3.770833336924055423e+00
9.530000000000000000e+02 3.917290337940193989e+00
9.540000000000000000e+02 3.677806154244268377e+00
9.550000000000000000e+02 3.734158730302286067e+00
9.560000000000000000e+02 3.869722884676228158e+00
9.570000000000000000e+02 3.499297513322502606e+00
9.580000000000000000e+02 3.221293859804447823e+00
9.590000000000000000e+02 2.791453348455609884e+00
9.600000000000000000e+02 2.673690723919516010e+00
9.610000000000000000e+02 3.076971723617303756e+00
9.620000000000000000e+02 3.246892593804048044e+00
9.630000000000000000e+02 3.656380229401993365e+00
9.640000000000000000e+02 3.147991744471489550e+00
9.650000000000000000e+02 2.924626633917566387e+00
9.660000000000000000e+02 3.527309082314597610e+00
9.670000000000000000e+02 3.745210761367788077e+00
9.680000000000000000e+02 3.395596044051571560e+00
9.690000000000000000e+02 3.607817265067794210e+00
9.700000000000000000e+02 4.278567332417619440e+00
9.710000000000000000e+02 4.354540182721886588e+00
9.720000000000000000e+02 4.177074189661034609e+00
9.730000000000000000e+02 4.660548620683818477e+00
9.740000000000000000e+02 5.260913097256827875e+00
9.750000000000000000e+02 5.225511707208911005e+00
9.760000000000000000e+02 5.257155907054693600e+00
9.770000000000000000e+02 5.967110642233527606e+00
9.780000000000000000e+02 6.344295415294245011e+00
9.790000000000000000e+02 6.263828842894115567e+00
9.800000000000000000e+02 6.581865410513013437e+00
9.810000000000000000e+02 7.297859262900820987e+00
9.820000000000000000e+02 7.538905339105459014e+00
9.830000000000000000e+02 7.467706079475357583e+00
9.840000000000000000e+02 7.920685128515211559e+00
9.850000000000000000e+02 8.671359917744755563e+00
9.860000000000000000e+02 8.721976648443654057e+00
9.870000000000000000e+02 8.512442896647975488e+00
9.880000000000000000e+02 9.114105156589896950e+00
9.890000000000000000e+02 9.735553262580671330e+00
9.900000000000000000e+02 9.835799071938646776e+00
9.910000000000000000e+02 9.891243475774638583e+00
9.920000000000000000e+02 1.073704258985937265e+01
9.930000000000000000e+02 1.214681944694557103e+01
9.940000000000000000e+02 1.251280528811829207e+01
9.950000000000000000e+02 1.320890911334046258e+01
9.960000000000000000e+02 1.456333380665185651e+01
9.970000000000000000e+02 1.449696279785465691e+01
9.980000000000000000e+02 1.496977877485690733e+01
9.990000000000000000e+02 1.471937892878427157e+01
1.000000000000000000e+03 1.469580875904568629e+01
1.001000000000000000e+03 1.512297173616509660e+01
1.002000000000000000e+03 1.531622173055437308e+01
1.003000000000000000e+03 1.472513118320031644e+01
1.004000000000000000e+03 1.454974494185685607e+01
1.005000000000000000e+03 1.457290605861637012e+01
1.006000000000000000e+03 1.437197045727364397e+01
1.007000000000000000e+03 1.432781072473454920e+01
1.008000000000000000e+03 1.523949858638850863e+01
1.009000000000000000e+03 1.480075741068788098e+01
1.010000000000000000e+03 1.465340772833724969e+01
1.011000000000000000e+03 1.405801926614267927e+01
1.012000000000000000e+03 1.432756856787506550e+01
1.013000000000000000e+03 1.475836302735053707e+01
1.014000000000000000e+03 1.364115698135952037e+01
1.015000000000000000e+03 1.293283458254414775e+01
1.016000000000000000e+03 1.247827952137934204e+01
1.017000000000000000e+03 1.212218914778911127e+01
1.018000000000000000e+03 1.235467574498326826e+01
1.000000000000000000e+00 6.580089782587065450e+00
2.000000000000000000e+00 4.783436610188013027e+00
3.000000000000000000e+00 3.206106294643409793e+00
4.000000000000000000e+00 2.911924659968595730e+00
5.000000000000000000e+00 2.656034797232152300e+00
6.000000000000000000e+00 2.805128825271994142e+00
7.000000000000000000e+00 2.885199431512651014e+00
8.000000000000000000e+00 2.617902334477367532e+00
9.000000000000000000e+00 2.543383900066663816e+00
1.000000000000000000e+01 2.650524590336311714e+00
1.100000000000000000e+01 2.522289964502347548e+00
1.200000000000000000e+01 2.353508637136757731e+00
1.300000000000000000e+01 2.318379322257674957e+00
1.400000000000000000e+01 2.185982889218198721e+00
1.500000000000000000e+01 2.237473315799659801e+00
1.600000000000000000e+01 2.311829573471261501e+00
1.700000000000000000e+01 2.289702962700347122e+00
1.800000000000000000e+01 2.298562578145621593e+00
1.900000000000000000e+01 2.434930896165210523e+00
2.000000000000000000e+01 2.501259151089463728e+00
2.100000000000000000e+01 2.634428894202283988e+00
2.200000000000000000e+01 2.802405541573532499e+00
2.300000000000000000e+01 2.556547636246291777e+00
2.400000000000000000e+01 2.616699968918527297e+00
2.500000000000000000e+01 2.584369148877870614e+00
2.600000000000000000e+01 2.884300819522761294e+00
2.700000000000000000e+01 4.070010002226454482e+00
2.800000000000000000e+01 4.018204564367796827e+00
2.900000000000000000e+01 4.320480300362166126e+00
3.000000000000000000e+01 4.789111396123691300e+00
3.100000000000000000e+01 4.271570079059640257e+00
3.200000000000000000e+01 4.509557531706943401e+00
3.300000000000000000e+01 4.763017015868721060e+00
3.400000000000000000e+01 3.969964643121330461e+00
3.500000000000000000e+01 3.552625641156391012e+00
3.600000000000000000e+01 3.250727977755889508e+00
3.700000000000000000e+01 2.850449356085404062e+00
3.800000000000000000e+01 2.616154748840280320e+00
3.900000000000000000e+01 2.807722470953509575e+00
4.000000000000000000e+01 2.898545746329542094e+00
4.100000000000000000e+01 3.005406335113898209e+00
4.200000000000000000e+01 3.547363800645800147e+00
4.300000000000000000e+01 4.237730000781231965e+00
4.400000000000000000e+01 4.889799170251609262e+00
4.500000000000000000e+01 4.675762168005705988e+00
4.600000000000000000e+01 4.304021619248948660e+00
4.700000000000000000e+01 5.796661797486923895e+00
4.800000000000000000e+01 5.461076514588909525e+00
4.900000000000000000e+01 4.263991701087049613e+00
5.000000000000000000e+01 4.709355099413708778e+00
5.100000000000000000e+01 5.480231328722741324e+00
5.200000000000000000e+01 5.303133754049595971e+00
5.300000000000000000e+01 5.463595011306091820e+00
5.400000000000000000e+01 5.630978309947669125e+00
5.500000000000000000e+01 4.856874698951461511e+00
5.600000000000000000e+01 3.623806174875920050e+00
5.700000000000000000e+01 3.111971547055732756e+00
5.800000000000000000e+01 2.740157997522640443e+00
5.900000000000000000e+01 2.407588415449716912e+00
6.000000000000000000e+01 2.476071087968969575e+00
6.100000000000000000e+01 2.391072568239445584e+00
6.200000000000000000e+01 2.563538741703172974e+00
6.300000000000000000e+01 2.570049007217777959e+00
6.400000000000000000e+01 2.671896759337165861e+00
6.500000000000000000e+01 2.646622129720085592e+00
6.600000000000000000e+01 2.653454113615255405e+00
6.700000000000000000e+01 2.738537092757811209e+00
6.800000000000000000e+01 2.874867033769128888e+00
6.900000000000000000e+01 2.735515549165995264e+00
7.000000000000000000e+01 2.812791754059067006e+00
7.100000000000000000e+01 3.007792466668150588e+00
7.200000000000000000e+01 2.976966318840723602e+00
7.300000000000000000e+01 2.946969823897465091e+00
7.400000000000000000e+01 3.440686858816739413e+00
7.500000000000000000e+01 3.723739767658106992e+00
7.600000000000000000e+01 4.012553022605179542e+00
7.700000000000000000e+01 4.379493373347157714e+00
7.800000000000000000e+01 3.967069995266037097e+00
7.900000000000000000e+01 3.187815893582352622e+00
8.000000000000000000e+01 2.714624594535256730e+00
8.100000000000000000e+01 2.542296694688965353e+00
8.200000000000000000e+01 2.424498129637431276e+00
8.300000000000000000e+01 2.350080435317370320e+00
8.400000000000000000e+01 2.476750662605438968e+00
8.500000000000000000e+01 2.392216246872907792e+00
8.600000000000000000e+01 2.329002007542917863e+00
8.700000000000000000e+01 2.300399194578498729e+00
8.800000000000000000e+01 2.270216657166508334e+00
8.900000000000000000e+01 2.268965604651744794e+00
9.000000000000000000e+01 2.153535439549198127e+00
9.100000000000000000e+01 2.231639747651821715e+00
9.200000000000000000e+01 2.144589696782874366e+00
9.300000000000000000e+01 2.276654734766532684e+00
9.400000000000000000e+01 2.236154760477853998e+00
9.500000000000000000e+01 2.449494268165343769e+00
9.600000000000000000e+01 2.528060089820268530e+00
9.700000000000000000e+01 2.445337918791368192e+00
9.800000000000000000e+01 2.363500837941330701e+00
9.900000000000000000e+01 2.245238032922946658e+00
1.000000000000000000e+02 2.276996710714008554e+00
1.010000000000000000e+02 2.351695291048069514e+00
1.020000000000000000e+02 2.298931799004537258e+00
1.030000000000000000e+02 2.441574354617745524e+00
1.040000000000000000e+02 2.351951623960778726e+00
1.050000000000000000e+02 2.516702602658108301e+00
1.060000000000000000e+02 2.696587375193427949e+00
1.070000000000000000e+02 2.685062275529590536e+00
1.080000000000000000e+02 2.904985957223565674e+00
1.090000000000000000e+02 2.991656437395683099e+00
1.100000000000000000e+02 2.747882637980495257e+00
1.110000000000000000e+02 2.760877619883586931e+00
1.120000000000000000e+02 2.739201123884572819e+00
1.130000000000000000e+02 2.732092226877221641e+00
1.140000000000000000e+02 2.840996444629714013e+00
1.150000000000000000e+02 2.848371824143138387e+00
1.160000000000000000e+02 3.001808830646449877e+00
1.170000000000000000e+02 2.930976931752594883e+00
1.180000000000000000e+02 3.181161125228573638e+00
1.190000000000000000e+02 3.210202930776036023e+00
1.200000000000000000e+02 3.470698698688738038e+00
1.210000000000000000e+02 3.506654348064505822e+00
1.220000000000000000e+02 3.811578049321383777e+00
1.230000000000000000e+02 3.851317534934940667e+00
1.240000000000000000e+02 3.754394150127931429e+00
1.250000000000000000e+02 4.074232175743165207e+00
1.260000000000000000e+02 4.231361477153614992e+00
1.270000000000000000e+02 3.931122619466615120e+00
1.280000000000000000e+02 3.936007630806028779e+00
1.290000000000000000e+02 4.301624349324825403e+00
1.300000000000000000e+02 4.266546543436051664e+00
1.310000000000000000e+02 4.056309443265145198e+00
1.320000000000000000e+02 4.289544466048510252e+00
1.330000000000000000e+02 4.556477584202808018e+00
1.340000000000000000e+02 4.528581755278167087e+00
1.350000000000000000e+02 4.540657657202276098e+00
1.360000000000000000e+02 4.548865899718149919e+00
1.370000000000000000e+02 4.483982346882998016e+00
1.380000000000000000e+02 4.575350768544909741e+00
1.390000000000000000e+02 4.924203734340776961e+00
1.400000000000000000e+02 4.747438810955596722e+00
1.410000000000000000e+02 4.608722482613361926e+00
1.420000000000000000e+02 4.859189660496718410e+00
1.430000000000000000e+02 4.196714154359480808e+00
1.440000000000000000e+02 4.386459178652114765e+00
1.450000000000000000e+02 4.397109254140264767e+00
1.460000000000000000e+02 3.315380976418396131e+00
1.470000000000000000e+02 3.228051133768199854e+00
1.480000000000000000e+02 3.006286328247561812e+00
1.490000000000000000e+02 3.052050718620554992e+00
1.500000000000000000e+02 3.013732922316986418e+00
1.510000000000000000e+02 3.103262373930303575e+00
1.520000000000000000e+02 3.048215269967783136e+00
1.530000000000000000e+02 3.137922788952872466e+00
1.540000000000000000e+02 3.051735525710927988e+00
1.550000000000000000e+02 3.180169321821681994e+00
1.560000000000000000e+02 3.082170127560508455e+00
1.570000000000000000e+02 3.128364060024052762e+00
1.580000000000000000e+02 2.955430866317045435e+00
1.590000000000000000e+02 2.917374093868505547e+00
1.600000000000000000e+02 3.099810571503011758e+00
1.610000000000000000e+02 2.867614467353050145e+00
1.620000000000000000e+02 3.067459846354569031e+00
1.630000000000000000e+02 3.125099436038982326e+00
1.640000000000000000e+02 3.268946474992830975e+00
1.650000000000000000e+02 3.818729086630111347e+00
1.660000000000000000e+02 3.696257918525523323e+00
1.670000000000000000e+02 4.056001655069434442e+00
1.680000000000000000e+02 4.882358468448929401e+00
1.690000000000000000e+02 5.136396609141188563e+00
1.700000000000000000e+02 6.046780318724947811e+00
1.710000000000000000e+02 7.130961889123838660e+00
1.720000000000000000e+02 7.500297985206135998e+00
1.730000000000000000e+02 7.490480837182697194e+00
1.740000000000000000e+02 6.934113009806308625e+00
1.750000000000000000e+02 5.927822085716528910e+00
1.760000000000000000e+02 5.381705250495295800e+00
1.770000000000000000e+02 4.746127964469439853e+00
1.780000000000000000e+02 5.035592197641588719e+00
1.790000000000000000e+02 5.918752984866731737e+00
1.800000000000000000e+02 5.596088918966922954e+00
1.810000000000000000e+02 5.123038568738794929e+00
1.820000000000000000e+02 4.792872019653281690e+00
1.830000000000000000e+02 4.601902258027328330e+00
1.840000000000000000e+02 4.171168081298683106e+00
1.850000000000000000e+02 4.055289264089574353e+00
1.860000000000000000e+02 4.077332795172460500e+00
1.870000000000000000e+02 3.752397762749560606e+00
1.880000000000000000e+02 3.243871238942204638e+00
1.890000000000000000e+02 2.960986647394090454e+00
1.900000000000000000e+02 2.946514142638196443e+00
1.910000000000000000e+02 3.105761175254857509e+00
1.920000000000000000e+02 3.046935047995501744e+00
1.930000000000000000e+02 3.283919144607370999e+00
1.940000000000000000e+02 3.260223780058897347e+00
1.950000000000000000e+02 3.030012745622613135e+00
1.960000000000000000e+02 2.960781317087921582e+00
1.970000000000000000e+02 3.155283213891512339e+00
1.980000000000000000e+02 3.303789988573885505e+00
1.990000000000000000e+02 3.711803121531459304e+00
2.000000000000000000e+02 3.871907262485143608e+00
2.010000000000000000e+02 4.229496145374894489e+00
2.020000000000000000e+02 3.982292295845200503e+00
2.030000000000000000e+02 3.791596938368168246e+00
2.040000000000000000e+02 4.119328019698320631e+00
2.050000000000000000e+02 4.234210060193623448e+00
2.060000000000000000e+02 3.933413616424945580e+00
2.070000000000000000e+02 3.900358514633206042e+00
2.080000000000000000e+02 4.225390178517352879e+00
2.090000000000000000e+02 4.188259241578340841e+00
2.100000000000000000e+02 3.923622668893018695e+00
2.110000000000000000e+02 4.073709287589932337e+00
2.120000000000000000e+02 3.902217685829951321e+00
2.130000000000000000e+02 3.751497169599469661e+00
2.140000000000000000e+02 3.721282846983590353e+00
2.150000000000000000e+02 3.529899943732603962e+00
2.160000000000000000e+02 3.273275099968215862e+00
2.170000000000000000e+02 3.349386439696814932e+00
2.180000000000000000e+02 3.333267929771920546e+00
2.190000000000000000e+02 3.104934125503892250e+00
2.200000000000000000e+02 2.892036943341479205e+00
2.210000000000000000e+02 2.668883643915893167e+00
2.220000000000000000e+02 2.621805874010309623e+00
2.230000000000000000e+02 2.393846332127028909e+00
2.240000000000000000e+02 2.403945280590902733e+00
2.250000000000000000e+02 2.544064013324347506e+00
2.260000000000000000e+02 2.436182615602012103e+00
2.270000000000000000e+02 2.256335420874405528e+00
2.280000000000000000e+02 2.428603750862913913e+00
2.290000000000000000e+02 2.535355950059122510e+00
2.300000000000000000e+02 2.311277826391378909e+00
2.310000000000000000e+02 2.250025858136643908e+00
2.320000000000000000e+02 2.432498174552813808e+00
2.330000000000000000e+02 2.254529553846412959e+00
2.340000000000000000e+02 2.662817992699118896e+00
2.350000000000000000e+02 2.676450329688327745e+00
2.360000000000000000e+02 2.663810168021965907e+00
2.370000000000000000e+02 2.750082224963857236e+00
2.380000000000000000e+02 2.548200760576412094e+00
2.390000000000000000e+02 2.538201509577223014e+00
2.400000000000000000e+02 2.529378801392637044e+00
2.410000000000000000e+02 2.657544399601846408e+00
2.420000000000000000e+02 2.566163377026690728e+00
2.430000000000000000e+02 2.516453396213486737e+00
2.440000000000000000e+02 2.525733753750153632e+00
2.450000000000000000e+02 2.637160408580842663e+00
2.460000000000000000e+02 2.631687963338023462e+00
2.470000000000000000e+02 2.804872541825311316e+00
2.480000000000000000e+02 2.807257221959052362e+00
2.490000000000000000e+02 3.086847953192973559e+00
2.500000000000000000e+02 3.130744154636602605e+00
2.510000000000000000e+02 3.264357453551639310e+00
2.520000000000000000e+02 3.131198033882572673e+00
2.530000000000000000e+02 2.899102298039715642e+00
2.540000000000000000e+02 2.668268426809996985e+00
2.550000000000000000e+02 2.462447963125621975e+00
2.560000000000000000e+02 2.185721981637290146e+00
2.570000000000000000e+02 1.969237677963508126e+00
2.580000000000000000e+02 1.973451652801724743e+00
2.590000000000000000e+02 2.180377554074116375e+00
2.600000000000000000e+02 2.305948953441656180e+00
2.610000000000000000e+02 2.169588919619223510e+00
2.620000000000000000e+02 2.363262909007829204e+00
2.630000000000000000e+02 2.528498695699247456e+00
2.640000000000000000e+02 2.399815489985271277e+00
2.650000000000000000e+02 2.237275177943065962e+00
2.660000000000000000e+02 2.080086414840467413e+00
2.670000000000000000e+02 2.100702786637020036e+00
2.680000000000000000e+02 1.996077271392213470e+00
2.690000000000000000e+02 2.020102570257040320e+00
2.700000000000000000e+02 2.051208218756827240e+00
2.710000000000000000e+02 2.047435050121888089e+00
2.720000000000000000e+02 2.219892766954420615e+00
2.730000000000000000e+02 2.409113756088079317e+00
2.740000000000000000e+02 2.624011064790082060e+00
2.750000000000000000e+02 2.848139901546204555e+00
2.760000000000000000e+02 3.170217994075998469e+00
2.770000000000000000e+02 3.472770429180163543e+00
2.780000000000000000e+02 3.678387886691923736e+00
2.790000000000000000e+02 3.349555942150669541e+00
2.800000000000000000e+02 3.720579485063459035e+00
2.810000000000000000e+02 3.245470526778353459e+00
2.820000000000000000e+02 3.122706744339518448e+00
2.830000000000000000e+02 3.205076042149765492e+00
2.840000000000000000e+02 3.140933537571378942e+00
2.850000000000000000e+02 2.917206667245311191e+00
2.860000000000000000e+02 2.602046373596800244e+00
2.870000000000000000e+02 2.250303110671376672e+00
2.880000000000000000e+02 2.120635878553337239e+00
2.890000000000000000e+02 2.106033458689478000e+00
2.900000000000000000e+02 1.966536300048840280e+00
2.910000000000000000e+02 1.802924123991932470e+00
2.920000000000000000e+02 1.864925079208807901e+00
2.930000000000000000e+02 1.651520232758199036e+00
2.940000000000000000e+02 1.697659183146244199e+00
2.950000000000000000e+02 1.930341708687365987e+00
2.960000000000000000e+02 1.851402464733769460e+00
2.970000000000000000e+02 1.709577167986912505e+00
2.980000000000000000e+02 1.902504309004661831e+00
2.990000000000000000e+02 2.057263163703739739e+00
3.000000000000000000e+02 1.934779531283230325e+00
3.010000000000000000e+02 1.906108788122987452e+00
3.020000000000000000e+02 2.127717923522461252e+00
3.030000000000000000e+02 2.199638656362449041e+00
3.040000000000000000e+02 2.269517951004071499e+00
3.050000000000000000e+02 2.383869806298719585e+00
3.060000000000000000e+02 2.458202643795488029e+00
3.070000000000000000e+02 2.680827042623791900e+00
3.080000000000000000e+02 2.760048306859954614e+00
3.090000000000000000e+02 3.080346304431825999e+00
3.100000000000000000e+02 3.147995310198318020e+00
3.110000000000000000e+02 3.394443116100681834e+00
3.120000000000000000e+02 3.468718078692398343e+00
3.130000000000000000e+02 3.420846968797409460e+00
3.140000000000000000e+02 3.109910552929481931e+00
3.150000000000000000e+02 3.037971051694088320e+00
3.160000000000000000e+02 2.979559981654588796e+00
3.170000000000000000e+02 2.809845556711392245e+00
3.180000000000000000e+02 2.682377103713542876e+00
3.190000000000000000e+02 2.694562167917506912e+00
3.200000000000000000e+02 2.557806663047506479e+00
3.210000000000000000e+02 2.368104373426565878e+00
3.220000000000000000e+02 2.390156169706776801e+00
3.230000000000000000e+02 2.371491477334927378e+00
3.240000000000000000e+02 2.136144994404135300e+00
3.250000000000000000e+02 2.075353194473633422e+00
3.260000000000000000e+02 2.093557848190405579e+00
3.270000000000000000e+02 2.187037537510761798e+00
3.280000000000000000e+02 2.331810824741848975e+00
3.290000000000000000e+02 2.576477104933617035e+00
3.300000000000000000e+02 2.809428629568094582e+00
3.310000000000000000e+02 3.135152408544377156e+00
3.320000000000000000e+02 3.355237092590062975e+00
3.330000000000000000e+02 3.552768222452356461e+00
3.340000000000000000e+02 3.922467126652199099e+00
3.350000000000000000e+02 4.403974449732064755e+00
3.360000000000000000e+02 4.139690905124555620e+00
3.370000000000000000e+02 4.209053035859334102e+00
3.380000000000000000e+02 4.241112518770518314e+00
3.390000000000000000e+02 3.962533640842029747e+00
3.400000000000000000e+02 3.743061801268186883e+00
3.410000000000000000e+02 3.878714619195309243e+00
3.420000000000000000e+02 3.775088565418331488e+00
3.430000000000000000e+02 3.442336130241997694e+00
3.440000000000000000e+02 3.235215877113068572e+00
3.450000000000000000e+02 3.285005232276507758e+00
3.460000000000000000e+02 3.194938411786641286e+00
3.470000000000000000e+02 2.902062149647202549e+00
3.480000000000000000e+02 2.810596950055482601e+00
3.490000000000000000e+02 2.859627470916661363e+00
3.500000000000000000e+02 2.707252816192527778e+00
3.510000000000000000e+02 2.468731586924492127e+00
3.520000000000000000e+02 2.541935555353165288e+00
3.530000000000000000e+02 2.614606329784594063e+00
3.540000000000000000e+02 2.346116315928760798e+00
3.550000000000000000e+02 2.185181857026836649e+00
3.560000000000000000e+02 1.943825581628542132e+00
3.570000000000000000e+02 1.846364671615141173e+00
3.580000000000000000e+02 1.750110697038934404e+00
3.590000000000000000e+02 1.690048634744575784e+00
3.600000000000000000e+02 1.795257051044450991e+00
3.610000000000000000e+02 1.840651835625413346e+00
3.620000000000000000e+02 1.715534902082745505e+00
3.630000000000000000e+02 1.827695499402088863e+00
3.640000000000000000e+02 1.869364513774729675e+00
3.650000000000000000e+02 1.897680852574702870e+00
3.660000000000000000e+02 1.794996326057581415e+00
3.670000000000000000e+02 1.765194540804497558e+00
3.680000000000000000e+02 1.735417574658781881e+00
3.690000000000000000e+02 1.851266452896950021e+00
3.700000000000000000e+02 1.943283044005975402e+00
3.710000000000000000e+02 2.204554302030564461e+00
3.720000000000000000e+02 2.336721121317914207e+00
3.730000000000000000e+02 2.636925274982695466e+00
3.740000000000000000e+02 2.619677549336380640e+00
3.750000000000000000e+02 2.840708607912824757e+00
3.760000000000000000e+02 3.171122656255364713e+00
3.770000000000000000e+02 3.350898756154670810e+00
3.780000000000000000e+02 3.109377583452765048e+00
3.790000000000000000e+02 2.698129246676975068e+00
3.800000000000000000e+02 2.520945114651129693e+00
3.810000000000000000e+02 2.286252785294708989e+00
3.820000000000000000e+02 2.077547054451632125e+00
3.830000000000000000e+02 2.075150535796846718e+00
3.840000000000000000e+02 1.922515179222995751e+00
3.850000000000000000e+02 2.040879840621027785e+00
3.860000000000000000e+02 2.282061548267706019e+00
3.870000000000000000e+02 2.428750212668769670e+00
3.880000000000000000e+02 2.648972489533409469e+00
3.890000000000000000e+02 2.712914966944751427e+00
3.900000000000000000e+02 3.091222402358775767e+00
3.910000000000000000e+02 2.996434169084635890e+00
3.920000000000000000e+02 2.990433661452921665e+00
3.930000000000000000e+02 2.938852931116722189e+00
3.940000000000000000e+02 2.727159249390241236e+00
3.950000000000000000e+02 2.551311953564163737e+00
3.960000000000000000e+02 2.421886790350848528e+00
3.970000000000000000e+02 2.215492336997661571e+00
3.980000000000000000e+02 2.214260127957456525e+00
3.990000000000000000e+02 2.008529708069401565e+00
4.000000000000000000e+02 2.066045813703545786e+00
4.010000000000000000e+02 1.975266785559198324e+00
4.020000000000000000e+02 2.124541211180563050e+00
4.030000000000000000e+02 2.131177732269895042e+00
4.040000000000000000e+02 2.172521499503258902e+00
4.050000000000000000e+02 2.071802223328288672e+00
4.060000000000000000e+02 2.105732760966952721e+00
4.070000000000000000e+02 2.185894793739108888e+00
4.080000000000000000e+02 2.435059164659352238e+00
4.090000000000000000e+02 2.761412527058791255e+00
4.100000000000000000e+02 2.590972889025367820e+00
4.110000000000000000e+02 2.178622493236380908e+00
4.120000000000000000e+02 2.038415071885852914e+00
4.130000000000000000e+02 2.001434518949333441e+00
4.140000000000000000e+02 1.864588264533683981e+00
4.150000000000000000e+02 1.886837080752981954e+00
4.160000000000000000e+02 1.862981463585864361e+00
4.170000000000000000e+02 2.091809539897198533e+00
4.180000000000000000e+02 1.967918194559780343e+00
4.190000000000000000e+02 1.905285055534353900e+00
4.200000000000000000e+02 2.496500474990626994e+00
4.210000000000000000e+02 2.432571963578254781e+00
4.220000000000000000e+02 2.488044245602448079e+00
4.230000000000000000e+02 2.279478177276604178e+00
4.240000000000000000e+02 2.183764822411897288e+00
4.250000000000000000e+02 2.168923249109990792e+00
4.260000000000000000e+02 2.076640671815193073e+00
4.270000000000000000e+02 1.993831443082428656e+00
4.280000000000000000e+02 2.089384014444580551e+00
4.290000000000000000e+02 2.020691157058731147e+00
4.300000000000000000e+02 2.157836307040388757e+00
4.310000000000000000e+02 2.115614330629171480e+00
4.320000000000000000e+02 2.355855409419467694e+00
4.330000000000000000e+02 2.385005439332464672e+00
4.340000000000000000e+02 2.905991534805876686e+00
4.350000000000000000e+02 2.703228598328621057e+00
4.360000000000000000e+02 3.014076984609697529e+00
4.370000000000000000e+02 2.913671827948768112e+00
4.380000000000000000e+02 3.486558558727654855e+00
4.390000000000000000e+02 4.073524468299871693e+00
4.400000000000000000e+02 4.058011963562482727e+00
4.410000000000000000e+02 4.278136082277369745e+00
4.420000000000000000e+02 4.012769701103136910e+00
4.430000000000000000e+02 4.345310259280071641e+00
4.440000000000000000e+02 4.310483105109670809e+00
4.450000000000000000e+02 4.015478754376483828e+00
4.460000000000000000e+02 4.188545563134865368e+00
4.470000000000000000e+02 3.991139357833433099e+00
4.480000000000000000e+02 3.866258825840268365e+00
4.490000000000000000e+02 4.804025227408539322e+00
4.500000000000000000e+02 4.578476350062335776e+00
4.510000000000000000e+02 4.688646475648193146e+00
4.520000000000000000e+02 4.375612436567180907e+00
4.530000000000000000e+02 3.725236110414778423e+00
4.540000000000000000e+02 3.240084198958418593e+00
4.550000000000000000e+02 2.751879741041882266e+00
4.560000000000000000e+02 2.688835360991388868e+00
4.570000000000000000e+02 2.595902905848791686e+00
4.580000000000000000e+02 2.812899733888110543e+00
4.590000000000000000e+02 2.895297049448933180e+00
4.600000000000000000e+02 3.076610661566652194e+00
4.610000000000000000e+02 3.338306340715162523e+00
4.620000000000000000e+02 3.911820563074547952e+00
4.630000000000000000e+02 4.303634367826152385e+00
4.640000000000000000e+02 5.015300512247375941e+00
4.650000000000000000e+02 5.600632057209664616e+00
4.660000000000000000e+02 4.981268584902609042e+00
4.670000000000000000e+02 5.025781617303898052e+00
4.680000000000000000e+02 4.893627908670887372e+00
4.690000000000000000e+02 4.700299219629924252e+00
4.700000000000000000e+02 4.898303009920256024e+00
4.710000000000000000e+02 4.705902967501659262e+00
4.720000000000000000e+02 5.287194365573565591e+00
4.730000000000000000e+02 5.629125908769291087e+00
4.740000000000000000e+02 5.820961427394892418e+00
4.750000000000000000e+02 6.238376409249984711e+00
4.760000000000000000e+02 7.225161859785731444e+00
4.770000000000000000e+02 6.816201254022822731e+00
4.780000000000000000e+02 6.763788757583220956e+00
4.790000000000000000e+02 7.270020851196667522e+00
4.800000000000000000e+02 7.974910851869476680e+00
4.810000000000000000e+02 7.165536789933707240e+00
4.820000000000000000e+02 5.888449154276240272e+00
4.830000000000000000e+02 4.936510975749301089e+00
4.840000000000000000e+02 4.425590474718363865e+00
4.850000000000000000e+02 4.124424385569986029e+00
4.860000000000000000e+02 3.661439839026933374e+00
4.870000000000000000e+02 3.751687180407478728e+00
4.880000000000000000e+02 3.609034171561923188e+00
4.890000000000000000e+02 4.036706973863211978e+00
4.900000000000000000e+02 4.425931460287356956e+00
4.910000000000000000e+02 4.385999756073455380e+00
4.920000000000000000e+02 4.076919304026674240e+00
4.930000000000000000e+02 3.392532707707377249e+00
4.940000000000000000e+02 3.407951487334433427e+00
4.950000000000000000e+02 3.176297592529791380e+00
4.960000000000000000e+02 3.097527332349921281e+00
4.970000000000000000e+02 2.961118361993315684e+00
4.980000000000000000e+02 2.970280039665091909e+00
4.990000000000000000e+02 3.092918924062087349e+00
5.000000000000000000e+02 3.347677838878808210e+00
5.010000000000000000e+02 3.478636244744087058e+00
5.020000000000000000e+02 3.620500251787377000e+00
5.030000000000000000e+02 3.840566477784379984e+00
5.040000000000000000e+02 3.691486292036814110e+00
5.050000000000000000e+02 3.283063271537880023e+00
5.060000000000000000e+02 3.168665025232272114e+00
5.070000000000000000e+02 3.098776978387973724e+00
5.080000000000000000e+02 2.887258329821543068e+00
5.090000000000000000e+02 3.152926993599774352e+00
5.100000000000000000e+02 3.011270041743079773e+00
5.110000000000000000e+02 3.231743952359865446e+00
5.120000000000000000e+02 3.122704129982964094e+00
5.130000000000000000e+02 3.069864918975091062e+00
5.140000000000000000e+02 2.831464648105433302e+00
5.150000000000000000e+02 2.580702950407687712e+00
5.160000000000000000e+02 2.414039469315597763e+00
5.170000000000000000e+02 2.434782616336155225e+00
5.180000000000000000e+02 2.584346922759090059e+00
5.190000000000000000e+02 2.989915390334928258e+00
5.200000000000000000e+02 2.994923940129623041e+00
5.210000000000000000e+02 2.703265060490723570e+00
5.220000000000000000e+02 2.583251857891215586e+00
5.230000000000000000e+02 2.319331928849044822e+00
5.240000000000000000e+02 2.337238734476355440e+00
5.250000000000000000e+02 2.637525943272314599e+00
5.260000000000000000e+02 2.877240547691954475e+00
5.270000000000000000e+02 2.717615912046033699e+00
5.280000000000000000e+02 2.178190483425205048e+00
5.290000000000000000e+02 2.755442802670816427e+00
5.300000000000000000e+02 2.770868589972813822e+00
5.310000000000000000e+02 2.694693505526924771e+00
5.320000000000000000e+02 2.717456942170120904e+00
5.330000000000000000e+02 2.550938579842019216e+00
5.340000000000000000e+02 2.424002475540953050e+00
5.350000000000000000e+02 2.670837969702447801e+00
5.360000000000000000e+02 1.934137766468390751e+00
5.370000000000000000e+02 1.936883398311150195e+00
5.380000000000000000e+02 1.854705595076434843e+00
5.390000000000000000e+02 1.808927006879891053e+00
5.400000000000000000e+02 1.811648866474397490e+00
5.410000000000000000e+02 1.893997180669978464e+00
5.420000000000000000e+02 1.977262859161649011e+00
5.430000000000000000e+02 2.206409049120035437e+00
5.440000000000000000e+02 2.213491711868295742e+00
5.450000000000000000e+02 2.141656506109449243e+00
5.460000000000000000e+02 2.172188270939011456e+00
5.470000000000000000e+02 1.990276492726324564e+00
5.480000000000000000e+02 1.967418388878163338e+00
5.490000000000000000e+02 1.875128788644831124e+00
5.500000000000000000e+02 1.813454620836792763e+00
5.510000000000000000e+02 1.933289463687575038e+00
5.520000000000000000e+02 1.994243594036358980e+00
5.530000000000000000e+02 1.927508771437592472e+00
5.540000000000000000e+02 2.115356481212675277e+00
5.550000000000000000e+02 2.261321742090117493e+00
5.560000000000000000e+02 2.273121014596319878e+00
5.570000000000000000e+02 2.088249874328895306e+00
5.580000000000000000e+02 1.968487251426555451e+00
5.590000000000000000e+02 2.052365649624902755e+00
5.600000000000000000e+02 2.130334762685095473e+00
5.610000000000000000e+02 2.053215781906534865e+00
5.620000000000000000e+02 2.143301066499874175e+00
5.630000000000000000e+02 2.074561483408960072e+00
5.640000000000000000e+02 2.206570523338991396e+00
5.650000000000000000e+02 2.185215819520720526e+00
5.660000000000000000e+02 2.110698272066275916e+00
5.670000000000000000e+02 2.453395711302154503e+00
5.680000000000000000e+02 2.627002502682746599e+00
5.690000000000000000e+02 2.909639579391529729e+00
5.700000000000000000e+02 3.023853038744076294e+00
5.710000000000000000e+02 3.399788728518313707e+00
5.720000000000000000e+02 3.371035540495360916e+00
5.730000000000000000e+02 3.122958643438702442e+00
5.740000000000000000e+02 2.944393079749079156e+00
5.750000000000000000e+02 2.602786540966231854e+00
5.760000000000000000e+02 2.718034887237931851e+00
5.770000000000000000e+02 3.138940109544592794e+00
5.780000000000000000e+02 3.155724317815289393e+00
5.790000000000000000e+02 3.266943335091667233e+00
5.800000000000000000e+02 2.982046187926060021e+00
5.810000000000000000e+02 2.653171249981054913e+00
5.820000000000000000e+02 2.589338659185592029e+00
5.830000000000000000e+02 2.330867249842564437e+00
5.840000000000000000e+02 2.314679038641688891e+00
5.850000000000000000e+02 2.403861781158588062e+00
5.860000000000000000e+02 2.556675874328067088e+00
5.870000000000000000e+02 2.835952843977163962e+00
5.880000000000000000e+02 3.276441351961068005e+00
5.890000000000000000e+02 3.209734150405120445e+00
5.900000000000000000e+02 3.524012809462593321e+00
5.910000000000000000e+02 3.812229916392330775e+00
5.920000000000000000e+02 3.536954144434989900e+00
5.930000000000000000e+02 3.609905979045859858e+00
5.940000000000000000e+02 3.526869998630970837e+00
5.950000000000000000e+02 3.755671676111107082e+00
5.960000000000000000e+02 3.631450380523165045e+00
5.970000000000000000e+02 3.798621678015662084e+00
5.980000000000000000e+02 3.704554479933802824e+00
5.990000000000000000e+02 3.795327004241332070e+00
6.000000000000000000e+02 4.013772940433634417e+00
6.010000000000000000e+02 3.674836822653988921e+00
6.020000000000000000e+02 3.803348600434372173e+00
6.030000000000000000e+02 3.668596907614945390e+00
6.040000000000000000e+02 3.225073157869572160e+00
6.050000000000000000e+02 3.546504940677080331e+00
6.060000000000000000e+02 3.272796914219435305e+00
6.070000000000000000e+02 3.159067926283265049e+00
6.080000000000000000e+02 3.212023049261846008e+00
6.090000000000000000e+02 3.143760840664037826e+00
6.100000000000000000e+02 2.997398639582797841e+00
6.110000000000000000e+02 3.004465968513921226e+00
6.120000000000000000e+02 2.953092641870180390e+00
6.130000000000000000e+02 2.842270552637528702e+00
6.140000000000000000e+02 2.857507616195323674e+00
6.150000000000000000e+02 2.943035594953677059e+00
6.160000000000000000e+02 2.927088121301975487e+00
6.170000000000000000e+02 2.890638049847682911e+00
6.180000000000000000e+02 3.034604607393254216e+00
6.190000000000000000e+02 3.161395413358035977e+00
6.200000000000000000e+02 3.149197425446132126e+00
6.210000000000000000e+02 3.127105668890774126e+00
6.220000000000000000e+02 3.067487284522492974e+00
6.230000000000000000e+02 2.964666756790135249e+00
6.240000000000000000e+02 2.917567474948175921e+00
6.250000000000000000e+02 2.814287147036031111e+00
6.260000000000000000e+02 2.910250404459331808e+00
6.270000000000000000e+02 3.015221101427172812e+00
6.280000000000000000e+02 2.968474941882510709e+00
6.290000000000000000e+02 2.970662474238694006e+00
6.300000000000000000e+02 2.840695574075883911e+00
6.310000000000000000e+02 2.786337953378082322e+00
6.320000000000000000e+02 2.931279707067746987e+00
6.330000000000000000e+02 2.895018299374461535e+00
6.340000000000000000e+02 2.803948853462827184e+00
6.350000000000000000e+02 2.908506291712882330e+00
6.360000000000000000e+02 3.138138824148456685e+00
6.370000000000000000e+02 3.240406961315425605e+00
6.380000000000000000e+02 3.389003074206626831e+00
6.390000000000000000e+02 3.364203758902074348e+00
6.400000000000000000e+02 3.582148977692030556e+00
6.410000000000000000e+02 3.644828014944331507e+00
6.420000000000000000e+02 3.890826410928780010e+00
6.430000000000000000e+02 4.187882360919295444e+00
6.440000000000000000e+02 4.480376633258736696e+00
6.450000000000000000e+02 4.543948174911229820e+00
6.460000000000000000e+02 5.270751954971545139e+00
6.470000000000000000e+02 6.608178537494680427e+00
6.480000000000000000e+02 6.570036764928667061e+00
6.490000000000000000e+02 6.743789049751763187e+00
6.500000000000000000e+02 6.681295983418938711e+00
6.510000000000000000e+02 5.321606532471987450e+00
6.520000000000000000e+02 4.473455136016795564e+00
6.530000000000000000e+02 4.016176795595877813e+00
6.540000000000000000e+02 3.781575760123757846e+00
6.550000000000000000e+02 3.454978371580484264e+00
6.560000000000000000e+02 3.448211842382281844e+00
6.570000000000000000e+02 3.331443728526836789e+00
6.580000000000000000e+02 3.374136768514958806e+00
6.590000000000000000e+02 3.304283117665262282e+00
6.600000000000000000e+02 3.468824847961566427e+00
6.610000000000000000e+02 3.589392728037390068e+00
6.620000000000000000e+02 3.599156041328833489e+00
6.630000000000000000e+02 3.513239418055536412e+00
6.640000000000000000e+02 3.482368116475611508e+00
6.650000000000000000e+02 3.379488452752799077e+00
6.660000000000000000e+02 3.486658413668840772e+00
6.670000000000000000e+02 3.451944055846741133e+00
6.680000000000000000e+02 3.638325409814088474e+00
6.690000000000000000e+02 3.589048180278789246e+00
6.700000000000000000e+02 3.884289682061326410e+00
6.710000000000000000e+02 3.974428639685077425e+00
6.720000000000000000e+02 4.343692226911283427e+00
6.730000000000000000e+02 4.910718842615408697e+00
6.740000000000000000e+02 4.608598844274856887e+00
6.750000000000000000e+02 4.484556289782564598e+00
6.760000000000000000e+02 3.852937469431014783e+00
6.770000000000000000e+02 3.632031743675709023e+00
6.780000000000000000e+02 3.603697068331791709e+00
6.790000000000000000e+02 3.409213225329995822e+00
6.800000000000000000e+02 3.576809305434920816e+00
6.810000000000000000e+02 3.433808305290797058e+00
6.820000000000000000e+02 3.626942490732493418e+00
6.830000000000000000e+02 3.711099519420253401e+00
6.840000000000000000e+02 3.741577431374940588e+00
6.850000000000000000e+02 3.594937331246930601e+00
6.860000000000000000e+02 3.631617785152981615e+00
6.870000000000000000e+02 3.650011253328427685e+00
6.880000000000000000e+02 3.680058931223718410e+00
6.890000000000000000e+02 3.623497173708134067e+00
6.900000000000000000e+02 3.619138663135948786e+00
6.910000000000000000e+02 3.383151197843916158e+00
6.920000000000000000e+02 3.863380593195175461e+00
6.930000000000000000e+02 3.728561953714722765e+00
6.940000000000000000e+02 3.872329557236514841e+00
6.950000000000000000e+02 3.468539182439059676e+00
6.960000000000000000e+02 2.963494766469344288e+00
6.970000000000000000e+02 3.382829435696727227e+00
6.980000000000000000e+02 3.434103070488972342e+00
6.990000000000000000e+02 2.986689247848032025e+00
7.000000000000000000e+02 3.080278834017406986e+00
7.010000000000000000e+02 3.536276142934179578e+00
7.020000000000000000e+02 3.443015575544579931e+00
7.030000000000000000e+02 3.351002054092728333e+00
7.040000000000000000e+02 3.799473686602939271e+00
7.050000000000000000e+02 4.083031699029571193e+00
7.060000000000000000e+02 4.046526962775848446e+00
7.070000000000000000e+02 4.275107340352930052e+00
7.080000000000000000e+02 4.712190077394852850e+00
7.090000000000000000e+02 4.877612623599873132e+00
7.100000000000000000e+02 5.027652229284035990e+00
7.110000000000000000e+02 5.438882573476830906e+00
7.120000000000000000e+02 5.774351185710012047e+00
7.130000000000000000e+02 5.950486797108611725e+00
7.140000000000000000e+02 6.293336564224098595e+00
7.150000000000000000e+02 6.734975118413944806e+00
7.160000000000000000e+02 6.992518569570771447e+00
7.170000000000000000e+02 7.240682231964380655e+00
7.180000000000000000e+02 7.597753315162759868e+00
7.190000000000000000e+02 8.063678582763017744e+00
7.200000000000000000e+02 8.397573219050460835e+00
7.210000000000000000e+02 8.658477066962641189e+00
7.220000000000000000e+02 9.048374569078076135e+00
7.230000000000000000e+02 9.449854547022447093e+00
7.240000000000000000e+02 9.820560472758232962e+00
7.250000000000000000e+02 1.007285725361399820e+01
7.260000000000000000e+02 1.050237426307183242e+01
7.270000000000000000e+02 1.095664336840779640e+01
7.280000000000000000e+02 1.127323464387864504e+01
7.290000000000000000e+02 1.158169553698948739e+01
7.300000000000000000e+02 1.197061805590326244e+01
7.310000000000000000e+02 1.244799714731245643e+01
7.320000000000000000e+02 1.264841960750733385e+01
7.330000000000000000e+02 1.305786024793795086e+01
7.340000000000000000e+02 1.348919377857675173e+01
7.350000000000000000e+02 1.376717626346504808e+01
7.360000000000000000e+02 1.409960035403798528e+01
7.370000000000000000e+02 1.454692494326899777e+01
7.380000000000000000e+02 1.494520475012101990e+01
7.390000000000000000e+02 1.520347491851586952e+01
7.400000000000000000e+02 1.558162458105288906e+01
7.410000000000000000e+02 1.592128557826898216e+01
7.420000000000000000e+02 1.568181698035647287e+01
7.430000000000000000e+02 1.606732317929623477e+01
7.440000000000000000e+02 1.571948602689378660e+01
7.450000000000000000e+02 1.590336813954153428e+01
7.460000000000000000e+02 1.678561110363103026e+01
7.470000000000000000e+02 1.702798209323892564e+01
7.480000000000000000e+02 1.685442199566910659e+01
7.490000000000000000e+02 1.678256681078241996e+01
7.500000000000000000e+02 1.600354175378868504e+01
7.510000000000000000e+02 1.606535806304268021e+01
7.520000000000000000e+02 1.527313146759361651e+01
7.530000000000000000e+02 1.447568282276000140e+01
7.540000000000000000e+02 1.412001548977029408e+01
7.550000000000000000e+02 1.336787694464958598e+01
7.560000000000000000e+02 1.299348918592108681e+01
7.570000000000000000e+02 1.256623287559244062e+01
7.580000000000000000e+02 1.209615600096421772e+01
7.590000000000000000e+02 1.149007855485313634e+01
7.600000000000000000e+02 1.147999976847830972e+01
7.610000000000000000e+02 1.112893476307131380e+01
7.620000000000000000e+02 1.155970500951872282e+01
