# Residue RMSF(Ang)
1.000000000000000000e+00 3.562086192958555220e+00
2.000000000000000000e+00 3.556061388622852704e+00
3.000000000000000000e+00 3.228355607193726051e+00
4.000000000000000000e+00 3.410099814761542003e+00
5.000000000000000000e+00 3.372835377459035833e+00
6.000000000000000000e+00 3.671670027308684414e+00
7.000000000000000000e+00 3.960287102286195182e+00
8.000000000000000000e+00 3.465703901946914911e+00
9.000000000000000000e+00 3.606456739548844936e+00
1.000000000000000000e+01 3.414212663256388058e+00
1.100000000000000000e+01 3.455311277470752174e+00
1.200000000000000000e+01 3.480731858918027832e+00
1.300000000000000000e+01 3.610741124535989055e+00
1.400000000000000000e+01 3.763304029432648523e+00
1.500000000000000000e+01 3.564150467968915326e+00
1.600000000000000000e+01 3.314517140123406147e+00
1.700000000000000000e+01 3.304495287513290691e+00
1.800000000000000000e+01 2.928803565321322910e+00
1.900000000000000000e+01 3.088345406835804052e+00
2.000000000000000000e+01 2.860474554905480193e+00
2.100000000000000000e+01 2.688511679096086571e+00
2.200000000000000000e+01 2.835930866377546877e+00
2.300000000000000000e+01 3.012413872718858077e+00
2.400000000000000000e+01 3.234630456525952713e+00
2.500000000000000000e+01 3.504647800996036455e+00
2.600000000000000000e+01 3.924323334952346531e+00
2.700000000000000000e+01 4.001029123284524758e+00
2.800000000000000000e+01 4.296707920844434092e+00
2.900000000000000000e+01 4.629776924115522441e+00
3.000000000000000000e+01 4.909926949959223741e+00
3.100000000000000000e+01 4.766935982416486972e+00
3.200000000000000000e+01 4.861691039390923841e+00
3.300000000000000000e+01 4.467204775570417397e+00
3.400000000000000000e+01 4.125995171393077143e+00
3.500000000000000000e+01 3.955841987743352384e+00
3.600000000000000000e+01 3.577796661132323308e+00
3.700000000000000000e+01 3.495327952761547063e+00
3.800000000000000000e+01 3.300181417577263687e+00
3.900000000000000000e+01 3.210698041646398604e+00
4.000000000000000000e+01 3.225927825060547427e+00
4.100000000000000000e+01 3.179144355266674271e+00
4.200000000000000000e+01 3.278497251822521719e+00
4.300000000000000000e+01 3.588352790192825381e+00
4.400000000000000000e+01 3.958812767998588278e+00
4.500000000000000000e+01 4.385176092957652649e+00
4.600000000000000000e+01 5.059013161193881558e+00
4.700000000000000000e+01 5.160436389116521028e+00
4.800000000000000000e+01 5.183719529446291219e+00
4.900000000000000000e+01 4.714522980686966847e+00
5.000000000000000000e+01 4.262597855965899463e+00
5.100000000000000000e+01 3.994210588107931059e+00
5.200000000000000000e+01 3.692304491699816893e+00
5.300000000000000000e+01 3.787139823437560171e+00
5.400000000000000000e+01 3.567743421226821532e+00
5.500000000000000000e+01 3.699186520740644024e+00
5.600000000000000000e+01 3.657762415072531414e+00
5.700000000000000000e+01 3.795328529946851326e+00
5.800000000000000000e+01 3.891368222774904240e+00
5.900000000000000000e+01 3.861450460163418974e+00
6.000000000000000000e+01 4.111400564874036156e+00
6.100000000000000000e+01 3.958473628164608904e+00
6.200000000000000000e+01 4.508750567720027469e+00
6.300000000000000000e+01 4.628762272595873917e+00
6.400000000000000000e+01 4.291789610697152924e+00
6.500000000000000000e+01 4.171285550451542257e+00
6.600000000000000000e+01 4.582423564833502105e+00
6.700000000000000000e+01 4.101575074426137668e+00
6.800000000000000000e+01 4.315396059726979594e+00
6.900000000000000000e+01 4.285100427754677810e+00
7.000000000000000000e+01 4.296575729114577413e+00
7.100000000000000000e+01 4.601369355600406941e+00
7.200000000000000000e+01 4.410162863924045773e+00
7.300000000000000000e+01 4.653646738203870648e+00
7.400000000000000000e+01 4.739991021243803004e+00
7.500000000000000000e+01 4.637998985473984703e+00
7.600000000000000000e+01 5.446909889334300203e+00
7.700000000000000000e+01 5.821188627678388627e+00
7.800000000000000000e+01 5.401135917612533532e+00
7.900000000000000000e+01 6.018403225150592561e+00
8.000000000000000000e+01 6.143876582292723931e+00
8.100000000000000000e+01 6.601997813483806432e+00
8.200000000000000000e+01 6.195231705857621840e+00
8.300000000000000000e+01 5.567354412916800221e+00
8.400000000000000000e+01 5.102062715585612196e+00
8.500000000000000000e+01 4.748774804984672748e+00
8.600000000000000000e+01 4.536687669842208948e+00
8.700000000000000000e+01 4.291310842039717244e+00
8.800000000000000000e+01 4.130989169602705680e+00
8.900000000000000000e+01 4.104846296977132880e+00
9.000000000000000000e+01 3.858797487063808429e+00
9.100000000000000000e+01 3.502784448282165286e+00
9.200000000000000000e+01 3.504074960176264408e+00
9.300000000000000000e+01 3.264246758627614486e+00
9.400000000000000000e+01 3.465462005435596016e+00
9.500000000000000000e+01 3.307730974517990585e+00
9.600000000000000000e+01 3.011128822380107373e+00
9.700000000000000000e+01 3.111257471398233054e+00
9.800000000000000000e+01 3.307274870170459291e+00
9.900000000000000000e+01 3.452195368600909475e+00
1.000000000000000000e+02 3.745044632549517694e+00
1.010000000000000000e+02 3.983033680958406819e+00
1.020000000000000000e+02 4.329266759589441627e+00
1.030000000000000000e+02 4.497267173965201259e+00
1.040000000000000000e+02 4.257630529599932601e+00
1.050000000000000000e+02 3.980335568091158294e+00
1.060000000000000000e+02 3.813507870461484206e+00
1.070000000000000000e+02 3.622638959513851731e+00
1.080000000000000000e+02 3.533778271444492969e+00
1.090000000000000000e+02 3.460597905736729984e+00
1.100000000000000000e+02 3.324572854539090017e+00
1.110000000000000000e+02 3.347084894259551469e+00
1.120000000000000000e+02 3.654563721864756420e+00
1.130000000000000000e+02 3.817762161555520617e+00
1.140000000000000000e+02 4.077516844289456266e+00
1.150000000000000000e+02 4.302360365936590547e+00
1.160000000000000000e+02 4.394051284062751250e+00
1.170000000000000000e+02 4.800520834025079786e+00
1.180000000000000000e+02 4.765694450690121542e+00
1.190000000000000000e+02 4.578396762991023827e+00
1.200000000000000000e+02 4.565608623216489192e+00
1.210000000000000000e+02 4.300774045409405666e+00
1.220000000000000000e+02 4.102266485986088007e+00
1.230000000000000000e+02 3.886951359345387935e+00
1.240000000000000000e+02 3.575352694596565684e+00
1.250000000000000000e+02 3.745614323127940626e+00
1.260000000000000000e+02 3.656164505903763295e+00
1.270000000000000000e+02 3.869990274738939640e+00
1.280000000000000000e+02 3.881935851833093309e+00
1.290000000000000000e+02 4.073785177807580205e+00
1.300000000000000000e+02 4.158054594312913466e+00
1.310000000000000000e+02 4.338315433306835445e+00
1.320000000000000000e+02 4.598817515932004163e+00
1.330000000000000000e+02 4.711588408380309012e+00
1.340000000000000000e+02 5.277815740749047357e+00
1.350000000000000000e+02 4.823974384262482040e+00
1.360000000000000000e+02 4.559901286064385495e+00
1.370000000000000000e+02 4.607808967014939583e+00
1.380000000000000000e+02 4.452318015509851179e+00
1.390000000000000000e+02 4.295657056421752884e+00
1.400000000000000000e+02 4.246287648476681831e+00
1.410000000000000000e+02 4.080241726748370823e+00
1.420000000000000000e+02 4.048580645990127458e+00
1.430000000000000000e+02 4.243182778207752470e+00
1.440000000000000000e+02 4.541491955370533518e+00
1.450000000000000000e+02 5.034897539321946169e+00
1.460000000000000000e+02 5.546300631922439273e+00
1.470000000000000000e+02 6.800625150996594037e+00
1.480000000000000000e+02 6.928435922665203250e+00
1.490000000000000000e+02 6.778952326860443023e+00
1.500000000000000000e+02 6.899925962624402942e+00
1.510000000000000000e+02 6.333494658230280017e+00
1.520000000000000000e+02 4.685544440379069364e+00
1.530000000000000000e+02 4.169685360594971968e+00
1.540000000000000000e+02 3.747456958078171585e+00
1.550000000000000000e+02 3.637630049878572081e+00
1.560000000000000000e+02 3.401293452487204050e+00
1.570000000000000000e+02 3.540931004227835466e+00
1.580000000000000000e+02 3.461452494429619886e+00
1.590000000000000000e+02 3.135946867502370949e+00
1.600000000000000000e+02 3.137848549760692052e+00
1.610000000000000000e+02 3.371467769870404751e+00
1.620000000000000000e+02 3.515010653868785528e+00
1.630000000000000000e+02 3.907091098171398436e+00
1.640000000000000000e+02 4.178138900342473150e+00
1.650000000000000000e+02 4.512638787635019355e+00
1.660000000000000000e+02 4.594681748254693332e+00
1.670000000000000000e+02 4.417424553131787945e+00
1.680000000000000000e+02 4.233668352688734871e+00
1.690000000000000000e+02 4.018048658815307483e+00
1.700000000000000000e+02 3.781935487160950071e+00
1.710000000000000000e+02 3.622361038262166044e+00
1.720000000000000000e+02 3.418958401549613946e+00
1.730000000000000000e+02 3.418636664478841958e+00
1.740000000000000000e+02 3.235867027435857857e+00
1.750000000000000000e+02 3.351845450318451380e+00
1.760000000000000000e+02 3.636879377273063429e+00
1.770000000000000000e+02 3.843476951392248875e+00
1.780000000000000000e+02 3.602127566993083896e+00
1.790000000000000000e+02 3.365417112449493597e+00
1.800000000000000000e+02 3.489007568458133424e+00
1.810000000000000000e+02 3.441106959748050365e+00
1.820000000000000000e+02 3.626085496602164060e+00
1.830000000000000000e+02 3.678190281647415016e+00
1.840000000000000000e+02 3.978130022740185012e+00
1.850000000000000000e+02 4.166311571573684702e+00
1.860000000000000000e+02 4.376635056774373034e+00
1.870000000000000000e+02 4.573316171819077347e+00
1.880000000000000000e+02 4.542395601944267725e+00
1.890000000000000000e+02 4.890661648139485784e+00
1.900000000000000000e+02 4.916194335249097769e+00
1.910000000000000000e+02 4.673804026346576102e+00
1.920000000000000000e+02 4.873962601178642551e+00
1.930000000000000000e+02 5.178763308445549995e+00
1.940000000000000000e+02 5.118775583890017522e+00
1.950000000000000000e+02 5.091215546249817869e+00
1.960000000000000000e+02 5.848471288271283264e+00
1.970000000000000000e+02 6.573464614372040771e+00
1.980000000000000000e+02 7.592113828103213002e+00
1.990000000000000000e+02 9.027927563652124121e+00
2.000000000000000000e+02 8.890030739483057332e+00
2.010000000000000000e+02 8.051449410806828411e+00
2.020000000000000000e+02 7.177854933692789707e+00
2.030000000000000000e+02 6.423989506081737133e+00
2.040000000000000000e+02 5.870001027295371543e+00
2.050000000000000000e+02 5.314353941490353783e+00
2.060000000000000000e+02 5.049063927132088736e+00
2.070000000000000000e+02 4.622044662355547118e+00
2.080000000000000000e+02 4.514637796138392112e+00
2.090000000000000000e+02 4.236577038394744754e+00
2.100000000000000000e+02 4.089643142390229968e+00
2.110000000000000000e+02 4.472604435383051857e+00
2.120000000000000000e+02 4.422127335055512809e+00
2.130000000000000000e+02 4.775657560119629608e+00
2.140000000000000000e+02 4.341063968474515811e+00
2.150000000000000000e+02 4.697341780949440881e+00
2.160000000000000000e+02 4.295191236013574887e+00
2.170000000000000000e+02 4.505384012194929788e+00
2.180000000000000000e+02 3.946151998513030001e+00
2.190000000000000000e+02 3.308624334669065359e+00
2.200000000000000000e+02 3.174051557480370711e+00
2.210000000000000000e+02 3.119492609074720146e+00
2.220000000000000000e+02 3.285507054192514431e+00
2.230000000000000000e+02 3.248237307946627350e+00
2.240000000000000000e+02 2.931650742134945808e+00
2.250000000000000000e+02 2.926334198091746330e+00
2.260000000000000000e+02 3.196140393603375873e+00
2.270000000000000000e+02 3.191911898673238657e+00
2.280000000000000000e+02 3.422833437235270004e+00
2.290000000000000000e+02 3.453992607595175901e+00
2.300000000000000000e+02 3.963681442986032533e+00
2.310000000000000000e+02 4.302467756801816812e+00
2.320000000000000000e+02 4.899057203546398398e+00
2.330000000000000000e+02 4.850521874923527044e+00
2.340000000000000000e+02 5.189930269745455682e+00
2.350000000000000000e+02 4.681422573994071357e+00
2.360000000000000000e+02 4.388722915531985791e+00
2.370000000000000000e+02 4.020688130026814910e+00
2.380000000000000000e+02 3.870208348653417119e+00
2.390000000000000000e+02 3.621309413072595351e+00
2.400000000000000000e+02 3.363806543132206617e+00
2.410000000000000000e+02 3.200420836238439204e+00
2.420000000000000000e+02 2.959388329784066851e+00
2.430000000000000000e+02 3.012902433728031237e+00
2.440000000000000000e+02 2.735566042087949512e+00
2.450000000000000000e+02 2.872864877741386103e+00
2.460000000000000000e+02 3.199972066911969559e+00
2.470000000000000000e+02 3.442139162823582232e+00
2.480000000000000000e+02 3.290189286187864326e+00
2.490000000000000000e+02 2.876385667588821526e+00
2.500000000000000000e+02 2.917199120000959045e+00
2.510000000000000000e+02 2.868711985547391485e+00
2.520000000000000000e+02 3.115357256608418890e+00
2.530000000000000000e+02 3.147742739730523098e+00
2.540000000000000000e+02 3.480571585845391169e+00
2.550000000000000000e+02 3.653180316601842836e+00
2.560000000000000000e+02 3.930536594107975734e+00
2.570000000000000000e+02 4.238347593612583175e+00
2.580000000000000000e+02 4.237695107159780150e+00
2.590000000000000000e+02 4.534385670665099788e+00
2.600000000000000000e+02 4.864108774453684170e+00
2.610000000000000000e+02 4.373923257514079843e+00
2.620000000000000000e+02 4.445586212594599296e+00
2.630000000000000000e+02 4.197534887589291941e+00
2.640000000000000000e+02 4.407878351422390928e+00
2.650000000000000000e+02 3.943947366499977569e+00
2.660000000000000000e+02 3.628599028813000782e+00
2.670000000000000000e+02 3.388149012716181741e+00
2.680000000000000000e+02 3.211120512221031120e+00
2.690000000000000000e+02 2.887198366265831595e+00
2.700000000000000000e+02 2.885149891053199411e+00
2.710000000000000000e+02 2.667986548993484419e+00
2.720000000000000000e+02 2.684933100284402574e+00
2.730000000000000000e+02 2.434700046094760317e+00
2.740000000000000000e+02 2.201232302667723406e+00
2.750000000000000000e+02 2.252498868613209027e+00
2.760000000000000000e+02 2.422263873120954258e+00
2.770000000000000000e+02 2.553310781889249981e+00
2.780000000000000000e+02 2.339157461312273423e+00
2.790000000000000000e+02 2.376876257959055661e+00
2.800000000000000000e+02 2.570816412969234577e+00
2.810000000000000000e+02 2.631598531892558324e+00
2.820000000000000000e+02 2.856862605351752293e+00
2.830000000000000000e+02 2.896845285642653867e+00
2.840000000000000000e+02 3.103337610867146434e+00
2.850000000000000000e+02 2.775585902454875242e+00
2.860000000000000000e+02 3.027270574895334576e+00
2.870000000000000000e+02 3.713854572363516571e+00
2.880000000000000000e+02 4.053981893483224574e+00
2.890000000000000000e+02 4.919169195364512248e+00
2.900000000000000000e+02 4.221164848031198957e+00
2.910000000000000000e+02 3.403543937051938695e+00
2.920000000000000000e+02 2.976732845275643857e+00
2.930000000000000000e+02 2.853538095033765654e+00
2.940000000000000000e+02 2.503922335845190972e+00
2.950000000000000000e+02 2.416996507711473452e+00
2.960000000000000000e+02 2.139463686452125035e+00
2.970000000000000000e+02 2.059478926081553141e+00
2.980000000000000000e+02 1.819862125438209688e+00
2.990000000000000000e+02 1.848826733832284575e+00
3.000000000000000000e+02 1.944108939578697903e+00
3.010000000000000000e+02 1.932451715696849703e+00
3.020000000000000000e+02 2.000330773285672770e+00
3.030000000000000000e+02 2.246315211035999404e+00
3.040000000000000000e+02 2.174246289018018086e+00
3.050000000000000000e+02 2.796211858001754980e+00
3.060000000000000000e+02 2.961446287543414879e+00
3.070000000000000000e+02 2.847938307786130885e+00
3.080000000000000000e+02 2.333992967528696560e+00
3.090000000000000000e+02 2.064621376280295628e+00
3.100000000000000000e+02 1.717680647952995798e+00
3.110000000000000000e+02 1.641459001180432642e+00
3.120000000000000000e+02 1.551459029263460465e+00
3.130000000000000000e+02 1.694183942216989980e+00
3.140000000000000000e+02 1.884775186118601509e+00
3.150000000000000000e+02 2.051068273334072600e+00
3.160000000000000000e+02 2.390180607560949078e+00
3.170000000000000000e+02 2.610720215228507168e+00
3.180000000000000000e+02 2.946885646230161360e+00
3.190000000000000000e+02 3.063905748433031206e+00
3.200000000000000000e+02 3.963943952507304580e+00
3.210000000000000000e+02 3.989997460954742170e+00
3.220000000000000000e+02 4.428151909472516579e+00
3.230000000000000000e+02 4.228144867172428434e+00
3.240000000000000000e+02 4.433803388433095627e+00
3.250000000000000000e+02 4.055287089452023430e+00
3.260000000000000000e+02 3.577432790976318611e+00
3.270000000000000000e+02 3.355532277684437403e+00
3.280000000000000000e+02 3.063176933367394383e+00
3.290000000000000000e+02 2.761831465757794035e+00
3.300000000000000000e+02 2.404553359801312684e+00
3.310000000000000000e+02 2.025103334554087198e+00
3.320000000000000000e+02 1.834593014102080089e+00
3.330000000000000000e+02 1.615324084678320116e+00
3.340000000000000000e+02 1.613815807541265412e+00
3.350000000000000000e+02 1.520340109326959732e+00
3.360000000000000000e+02 1.602167397861860909e+00
3.370000000000000000e+02 1.557317255484114149e+00
3.380000000000000000e+02 1.613577023890939932e+00
3.390000000000000000e+02 1.540622237341630285e+00
3.400000000000000000e+02 1.581331431393860010e+00
3.410000000000000000e+02 1.843816979425450198e+00
3.420000000000000000e+02 1.871433442279580417e+00
3.430000000000000000e+02 2.070403374123989781e+00
3.440000000000000000e+02 2.184620322376227275e+00
3.450000000000000000e+02 2.385392967145081311e+00
3.460000000000000000e+02 2.603680225647445390e+00
3.470000000000000000e+02 2.816207022983527875e+00
3.480000000000000000e+02 3.023001600950628642e+00
3.490000000000000000e+02 3.821601512545337087e+00
3.500000000000000000e+02 4.834276247331293241e+00
3.510000000000000000e+02 6.669010552355982391e+00
3.520000000000000000e+02 6.312261889598718589e+00
3.530000000000000000e+02 5.435990247633171180e+00
3.540000000000000000e+02 3.639027763679162142e+00
3.550000000000000000e+02 3.265757898913893342e+00
3.560000000000000000e+02 2.973840560188321103e+00
3.570000000000000000e+02 2.822433299365322501e+00
3.580000000000000000e+02 2.510733425322377421e+00
3.590000000000000000e+02 2.202572881659704773e+00
3.600000000000000000e+02 1.960732613311152894e+00
3.610000000000000000e+02 1.818710163521140677e+00
3.620000000000000000e+02 1.605697619355706207e+00
3.630000000000000000e+02 1.717445760614335182e+00
3.640000000000000000e+02 1.644136222781946488e+00
3.650000000000000000e+02 1.530170786685956408e+00
3.660000000000000000e+02 1.621693402104783743e+00
3.670000000000000000e+02 1.841405753434633086e+00
3.680000000000000000e+02 1.970286022371481982e+00
3.690000000000000000e+02 1.773781052696995042e+00
3.700000000000000000e+02 1.888942304561777918e+00
3.710000000000000000e+02 1.727004823750377893e+00
3.720000000000000000e+02 1.680847530564858694e+00
3.730000000000000000e+02 1.821805322237372238e+00
3.740000000000000000e+02 1.779747128456440342e+00
3.750000000000000000e+02 2.159982568258664415e+00
3.760000000000000000e+02 2.385211889063176383e+00
3.770000000000000000e+02 2.761885949692055586e+00
3.780000000000000000e+02 3.032199856100096902e+00
3.790000000000000000e+02 3.316897310477132432e+00
3.800000000000000000e+02 3.602921976824799533e+00
3.810000000000000000e+02 3.490644783155396613e+00
3.820000000000000000e+02 3.359865013771964115e+00
3.830000000000000000e+02 2.817296268947788729e+00
3.840000000000000000e+02 2.435590580810542694e+00
3.850000000000000000e+02 2.157252977626219703e+00
3.860000000000000000e+02 2.054928740203364246e+00
3.870000000000000000e+02 1.914448315151766611e+00
3.880000000000000000e+02 2.192650184474205233e+00
3.890000000000000000e+02 2.070240088848219973e+00
3.900000000000000000e+02 1.882831740484364191e+00
3.910000000000000000e+02 2.022466575442184222e+00
3.920000000000000000e+02 2.019637971662084919e+00
3.930000000000000000e+02 2.101776540861473030e+00
3.940000000000000000e+02 2.604705083976980529e+00
3.950000000000000000e+02 2.728714061393078705e+00
3.960000000000000000e+02 2.626382019645133958e+00
3.970000000000000000e+02 2.891465151346940043e+00
3.980000000000000000e+02 2.936535793464007504e+00
3.990000000000000000e+02 2.908706305505673217e+00
4.000000000000000000e+02 2.509561636510611038e+00
4.010000000000000000e+02 2.146369471901776738e+00
4.020000000000000000e+02 2.236890864968574810e+00
4.030000000000000000e+02 2.064757735339108446e+00
4.040000000000000000e+02 2.046919637558469951e+00
4.050000000000000000e+02 2.061665542846885302e+00
4.060000000000000000e+02 2.062909217406538875e+00
4.070000000000000000e+02 2.452391218855137556e+00
4.080000000000000000e+02 2.544212498946679002e+00
4.090000000000000000e+02 2.866993317390622575e+00
4.100000000000000000e+02 3.157096265199321738e+00
4.110000000000000000e+02 3.487223568465226187e+00
4.120000000000000000e+02 4.470313304711289071e+00
4.130000000000000000e+02 6.325101817335200494e+00
4.140000000000000000e+02 5.969549696791380811e+00
4.150000000000000000e+02 6.472632518004605373e+00
4.160000000000000000e+02 3.937551686889602554e+00
4.170000000000000000e+02 3.689104815639187240e+00
4.180000000000000000e+02 2.906200828530478120e+00
4.190000000000000000e+02 3.863494560520567056e+00
4.200000000000000000e+02 3.764235194883152946e+00
4.210000000000000000e+02 3.604707433574679154e+00
4.220000000000000000e+02 3.073945647212540599e+00
4.230000000000000000e+02 2.963858035122330925e+00
4.240000000000000000e+02 2.590574212312025892e+00
4.250000000000000000e+02 2.587362310195552961e+00
4.260000000000000000e+02 2.442553288953003054e+00
4.270000000000000000e+02 2.614097425480286674e+00
4.280000000000000000e+02 2.547460945268781085e+00
4.290000000000000000e+02 2.779480260978556938e+00
4.300000000000000000e+02 3.035720268895067075e+00
4.310000000000000000e+02 2.956543681606199847e+00
4.320000000000000000e+02 2.961566197295925296e+00
4.330000000000000000e+02 2.980832553572209331e+00
4.340000000000000000e+02 3.190817165638051733e+00
4.350000000000000000e+02 3.195757903977373360e+00
4.360000000000000000e+02 3.599722404259114494e+00
4.370000000000000000e+02 3.516152521885914428e+00
4.380000000000000000e+02 3.579379904608019469e+00
4.390000000000000000e+02 3.656541779809687753e+00
4.400000000000000000e+02 3.628229035574186412e+00
4.410000000000000000e+02 3.640495540578885247e+00
4.420000000000000000e+02 3.622220050100767530e+00
4.430000000000000000e+02 3.619232926743088274e+00
4.440000000000000000e+02 3.584003005698222832e+00
4.450000000000000000e+02 3.490465180769799947e+00
4.460000000000000000e+02 3.437971465943348459e+00
4.470000000000000000e+02 3.266612612720021236e+00
4.480000000000000000e+02 3.282142659465297818e+00
4.490000000000000000e+02 3.199365037593276728e+00
4.500000000000000000e+02 3.374881330357704101e+00
4.510000000000000000e+02 3.291455919106839101e+00
4.520000000000000000e+02 3.054551486621272627e+00
4.530000000000000000e+02 3.009245572599670293e+00
4.540000000000000000e+02 3.020539135173799128e+00
4.550000000000000000e+02 3.070001930007245416e+00
4.560000000000000000e+02 3.635705520179529859e+00
4.570000000000000000e+02 4.217322317810256571e+00
4.580000000000000000e+02 4.595011695541003860e+00
4.590000000000000000e+02 4.199100567939821893e+00
4.600000000000000000e+02 4.640901725424336099e+00
4.610000000000000000e+02 4.390228777436973928e+00
4.620000000000000000e+02 4.640862670703853610e+00
4.630000000000000000e+02 4.279024256914143898e+00
4.640000000000000000e+02 4.840496082966259550e+00
4.650000000000000000e+02 5.200471007860666184e+00
4.660000000000000000e+02 4.761151661005002644e+00
4.670000000000000000e+02 4.884771284037964456e+00
4.680000000000000000e+02 4.364876764885884164e+00
4.690000000000000000e+02 4.306340106540812229e+00
4.700000000000000000e+02 3.823648349364292542e+00
4.710000000000000000e+02 3.700512421310591993e+00
4.720000000000000000e+02 3.557490204238082487e+00
4.730000000000000000e+02 3.430168295898565756e+00
4.740000000000000000e+02 3.487805462395993317e+00
4.750000000000000000e+02 3.387587364522380184e+00
4.760000000000000000e+02 3.563808850461089417e+00
4.770000000000000000e+02 3.584102476124325420e+00
4.780000000000000000e+02 3.787131795347722374e+00
4.790000000000000000e+02 3.852791473405507539e+00
4.800000000000000000e+02 3.892327879031530546e+00
4.810000000000000000e+02 3.898118741892911299e+00
4.820000000000000000e+02 3.784100585868170885e+00
4.830000000000000000e+02 3.604642731609070339e+00
4.840000000000000000e+02 3.931864317674641285e+00
4.850000000000000000e+02 4.293793930462704189e+00
4.860000000000000000e+02 4.672171663156716725e+00
4.870000000000000000e+02 4.486955573414013188e+00
4.880000000000000000e+02 4.871721542214569212e+00
4.890000000000000000e+02 5.148354910758947689e+00
4.900000000000000000e+02 4.861064316968707999e+00
4.910000000000000000e+02 4.500496394475142381e+00
4.920000000000000000e+02 4.324357253663152711e+00
4.930000000000000000e+02 3.947171638426568929e+00
4.940000000000000000e+02 3.859453178951605778e+00
4.950000000000000000e+02 3.635044675669581338e+00
4.960000000000000000e+02 3.459172372038468168e+00
4.970000000000000000e+02 3.297554523417264072e+00
4.980000000000000000e+02 3.067022011887755362e+00
4.990000000000000000e+02 2.925615618390041917e+00
5.000000000000000000e+02 2.692207236310143692e+00
5.010000000000000000e+02 2.638342720070447012e+00
5.020000000000000000e+02 2.366796055025052858e+00
5.030000000000000000e+02 2.463550610421758602e+00
5.040000000000000000e+02 2.923679236894082489e+00
5.050000000000000000e+02 3.280890040404077723e+00
5.060000000000000000e+02 3.513817045526016258e+00
5.070000000000000000e+02 3.527018628701422909e+00
5.080000000000000000e+02 3.337322830373064431e+00
5.090000000000000000e+02 2.974427557644348852e+00
5.100000000000000000e+02 2.869211541837453527e+00
5.110000000000000000e+02 2.988069011119690366e+00
5.120000000000000000e+02 3.242710128880493592e+00
5.130000000000000000e+02 3.462494379838679137e+00
5.140000000000000000e+02 3.673943502454727561e+00
5.150000000000000000e+02 3.975429260492949979e+00
5.160000000000000000e+02 3.916717357496126262e+00
5.170000000000000000e+02 3.680042842773525003e+00
5.180000000000000000e+02 3.545409892261278895e+00
5.190000000000000000e+02 3.260938347384948255e+00
5.200000000000000000e+02 3.426820973473633458e+00
5.210000000000000000e+02 3.686769657081110374e+00
5.220000000000000000e+02 3.786447706531161028e+00
5.230000000000000000e+02 3.954100295785690999e+00
5.240000000000000000e+02 4.101269006833812014e+00
5.250000000000000000e+02 4.124986408246640757e+00
5.260000000000000000e+02 4.366389569694662853e+00
5.270000000000000000e+02 4.353588205460186877e+00
5.280000000000000000e+02 4.754794843245011116e+00
5.290000000000000000e+02 4.715399393268801198e+00
5.300000000000000000e+02 4.958231777626475711e+00
5.310000000000000000e+02 5.268013592522563293e+00
5.320000000000000000e+02 5.198419274814138014e+00
5.330000000000000000e+02 4.559496541650061019e+00
5.340000000000000000e+02 4.413538462642050852e+00
5.350000000000000000e+02 4.103868505469045580e+00
5.360000000000000000e+02 4.007047582813842546e+00
5.370000000000000000e+02 3.889819541524831781e+00
5.380000000000000000e+02 3.764647005432976812e+00
5.390000000000000000e+02 3.686157041736512152e+00
5.400000000000000000e+02 3.376220262745874834e+00
5.410000000000000000e+02 3.288588597893026932e+00
5.420000000000000000e+02 3.215384641813132216e+00
5.430000000000000000e+02 3.438731405764325011e+00
5.440000000000000000e+02 3.482343996863059399e+00
5.450000000000000000e+02 3.643327374582804978e+00
5.460000000000000000e+02 3.812176281493502294e+00
5.470000000000000000e+02 3.949480039623337824e+00
5.480000000000000000e+02 3.509959675013917924e+00
5.490000000000000000e+02 3.133768889676955105e+00
5.500000000000000000e+02 2.738141937369967138e+00
5.510000000000000000e+02 2.627763859826411252e+00
5.520000000000000000e+02 2.449738916443573000e+00
5.530000000000000000e+02 2.410794934543183832e+00
5.540000000000000000e+02 2.488451990845431450e+00
5.550000000000000000e+02 2.591711576442722542e+00
5.560000000000000000e+02 2.612026760352013532e+00
5.570000000000000000e+02 2.780961179541616257e+00
5.580000000000000000e+02 2.847775999985286521e+00
5.590000000000000000e+02 3.111186536978509221e+00
5.600000000000000000e+02 3.141361287648545275e+00
5.610000000000000000e+02 3.474337699145867653e+00
5.620000000000000000e+02 3.521852741792300456e+00
5.630000000000000000e+02 3.735159546347078141e+00
5.640000000000000000e+02 4.131807863633399691e+00
5.650000000000000000e+02 4.719149958796053035e+00
5.660000000000000000e+02 5.417227351366014965e+00
5.670000000000000000e+02 4.839712981519054047e+00
5.680000000000000000e+02 5.722588868931525852e+00
5.690000000000000000e+02 6.141186551007264072e+00
5.700000000000000000e+02 6.258643419301303190e+00
5.710000000000000000e+02 5.735011363739951129e+00
5.720000000000000000e+02 4.827789300022110375e+00
5.730000000000000000e+02 4.153336856679240796e+00
5.740000000000000000e+02 3.828861495529634951e+00
5.750000000000000000e+02 3.797037514577446427e+00
5.760000000000000000e+02 3.705186741930619032e+00
5.770000000000000000e+02 3.548500436985486672e+00
5.780000000000000000e+02 3.497072978272733224e+00
5.790000000000000000e+02 3.413513201663074703e+00
5.800000000000000000e+02 3.072631826186650539e+00
5.810000000000000000e+02 3.177611047909786990e+00
5.820000000000000000e+02 2.977999161123654481e+00
5.830000000000000000e+02 2.939256570178793826e+00
5.840000000000000000e+02 2.928489769835838086e+00
5.850000000000000000e+02 2.951906825118938205e+00
5.860000000000000000e+02 2.929072201701667044e+00
5.870000000000000000e+02 2.765942368719600530e+00
5.880000000000000000e+02 2.756344463442687243e+00
5.890000000000000000e+02 2.641644684621469619e+00
5.900000000000000000e+02 2.797291467486162642e+00
5.910000000000000000e+02 2.607405433914874227e+00
5.920000000000000000e+02 2.866742104314024431e+00
5.930000000000000000e+02 2.944401011846811578e+00
5.940000000000000000e+02 3.501141308783167094e+00
5.950000000000000000e+02 3.693496716110112654e+00
5.960000000000000000e+02 4.727132465864719357e+00
5.970000000000000000e+02 6.107922678502237801e+00
5.980000000000000000e+02 7.802072585252957992e+00
5.990000000000000000e+02 1.004300556562487756e+01
6.000000000000000000e+02 8.854603142281487038e+00
6.010000000000000000e+02 7.439202158333975134e+00
6.020000000000000000e+02 5.284011580684600418e+00
6.030000000000000000e+02 3.743031420325412917e+00
6.040000000000000000e+02 3.276633087957207202e+00
6.050000000000000000e+02 3.334581624190579241e+00
6.060000000000000000e+02 3.185300854843306162e+00
6.070000000000000000e+02 3.267893205034331672e+00
6.080000000000000000e+02 3.133123018039293939e+00
6.090000000000000000e+02 3.250511915596068668e+00
6.100000000000000000e+02 3.206548893410683387e+00
6.110000000000000000e+02 3.350111205744643161e+00
6.120000000000000000e+02 3.381008815039016291e+00
6.130000000000000000e+02 3.647887813857102035e+00
6.140000000000000000e+02 3.619731323262349143e+00
6.150000000000000000e+02 3.955775527115530821e+00
6.160000000000000000e+02 3.893963382735441847e+00
6.170000000000000000e+02 3.615255131300024072e+00
6.180000000000000000e+02 3.651943182102726837e+00
6.190000000000000000e+02 3.690728652384457575e+00
6.200000000000000000e+02 3.471683269316457654e+00
6.210000000000000000e+02 3.168255217312153871e+00
6.220000000000000000e+02 2.974233200595292281e+00
6.230000000000000000e+02 3.063946565900995456e+00
6.240000000000000000e+02 2.874788703410973589e+00
6.250000000000000000e+02 2.961232451112179476e+00
6.260000000000000000e+02 2.822476618165185247e+00
6.270000000000000000e+02 2.900142255363864496e+00
6.280000000000000000e+02 2.824821581904161771e+00
6.290000000000000000e+02 2.786016574116916722e+00
6.300000000000000000e+02 2.911931559877978248e+00
6.310000000000000000e+02 2.850317794682665440e+00
6.320000000000000000e+02 3.063191692734110294e+00
6.330000000000000000e+02 3.112192622968229294e+00
6.340000000000000000e+02 3.403104531236119445e+00
6.350000000000000000e+02 3.398800276504882145e+00
6.360000000000000000e+02 3.241196361019790029e+00
6.370000000000000000e+02 2.947498723563789280e+00
6.380000000000000000e+02 2.858254432988777793e+00
6.390000000000000000e+02 2.696934999605701488e+00
6.400000000000000000e+02 2.549028934484435904e+00
6.410000000000000000e+02 2.558098291066983165e+00
6.420000000000000000e+02 2.515351107859145063e+00
6.430000000000000000e+02 2.554296549745268763e+00
6.440000000000000000e+02 2.682106008163750666e+00
6.450000000000000000e+02 2.760459086101128445e+00
6.460000000000000000e+02 2.954738969175586760e+00
6.470000000000000000e+02 2.993643820466764360e+00
6.480000000000000000e+02 3.124171628523776612e+00
6.490000000000000000e+02 3.147520396122722275e+00
6.500000000000000000e+02 3.108015615987727909e+00
6.510000000000000000e+02 2.860468893177301464e+00
6.520000000000000000e+02 2.589399952623764545e+00
6.530000000000000000e+02 2.396519352719875595e+00
6.540000000000000000e+02 2.285400153411353941e+00
6.550000000000000000e+02 2.130615564118854888e+00
6.560000000000000000e+02 2.124029629552911747e+00
6.570000000000000000e+02 2.269266387400211915e+00
6.580000000000000000e+02 2.246645169851527069e+00
6.590000000000000000e+02 2.597632817806378558e+00
6.600000000000000000e+02 2.784024951188986741e+00
6.610000000000000000e+02 2.793067905317458521e+00
6.620000000000000000e+02 2.777105323623011657e+00
6.630000000000000000e+02 2.478363625310808338e+00
6.640000000000000000e+02 2.224179459985731633e+00
6.650000000000000000e+02 2.017368739753989892e+00
6.660000000000000000e+02 2.012268731548966461e+00
6.670000000000000000e+02 1.927421388042373174e+00
6.680000000000000000e+02 2.061973875247075760e+00
6.690000000000000000e+02 2.207543948487395991e+00
6.700000000000000000e+02 2.361925720676789631e+00
6.710000000000000000e+02 2.632569022418106641e+00
6.720000000000000000e+02 3.075746355777681185e+00
6.730000000000000000e+02 3.669042650333381506e+00
6.740000000000000000e+02 4.240925976047909884e+00
6.750000000000000000e+02 3.939248279392860486e+00
6.760000000000000000e+02 3.403797161336879817e+00
6.770000000000000000e+02 2.952179938153356442e+00
6.780000000000000000e+02 2.706428502189117236e+00
6.790000000000000000e+02 2.440105718945652313e+00
6.800000000000000000e+02 2.362340709677252626e+00
6.810000000000000000e+02 2.206543877160850986e+00
6.820000000000000000e+02 2.169765847305457740e+00
6.830000000000000000e+02 2.276495131404869809e+00
6.840000000000000000e+02 2.240990475874172105e+00
6.850000000000000000e+02 2.342482760417181176e+00
6.860000000000000000e+02 2.519121182033699391e+00
6.870000000000000000e+02 2.560258638675418030e+00
6.880000000000000000e+02 2.730927527735488969e+00
6.890000000000000000e+02 2.974343155077120660e+00
6.900000000000000000e+02 3.152050451549814891e+00
6.910000000000000000e+02 2.949905767069864293e+00
6.920000000000000000e+02 2.909452891374749051e+00
6.930000000000000000e+02 2.665276052292825160e+00
6.940000000000000000e+02 2.657078977717182600e+00
6.950000000000000000e+02 2.454178761334700809e+00
6.960000000000000000e+02 2.498822039619850166e+00
6.970000000000000000e+02 2.436389406646995326e+00
6.980000000000000000e+02 2.466346345546586161e+00
6.990000000000000000e+02 2.623452162554346767e+00
7.000000000000000000e+02 2.751317075438878490e+00
7.010000000000000000e+02 3.051283048063213155e+00
7.020000000000000000e+02 3.158696748906011376e+00
7.030000000000000000e+02 3.504296843234135928e+00
7.040000000000000000e+02 3.754972719805001802e+00
7.050000000000000000e+02 4.109121645644618681e+00
7.060000000000000000e+02 4.409071324768352618e+00
7.070000000000000000e+02 4.588012216850261282e+00
7.080000000000000000e+02 4.358424737325838016e+00
7.090000000000000000e+02 4.336498449410766121e+00
7.100000000000000000e+02 4.048979086213187806e+00
7.110000000000000000e+02 3.700080235250536198e+00
7.120000000000000000e+02 3.590055455828433661e+00
7.130000000000000000e+02 3.285036913692358063e+00
7.140000000000000000e+02 3.293729008391998114e+00
7.150000000000000000e+02 3.066054321452083453e+00
7.160000000000000000e+02 3.014200818800508941e+00
7.170000000000000000e+02 3.029329933715262602e+00
7.180000000000000000e+02 3.040797915079072489e+00
7.190000000000000000e+02 2.959797485813695950e+00
7.200000000000000000e+02 3.119818307189704765e+00
7.210000000000000000e+02 3.488613505566893203e+00
7.220000000000000000e+02 3.935965193506805626e+00
7.230000000000000000e+02 3.820331348870821486e+00
7.240000000000000000e+02 3.733427059563785733e+00
7.250000000000000000e+02 4.796124327704885282e+00
7.260000000000000000e+02 4.121098980222877906e+00
7.270000000000000000e+02 3.698437937515955731e+00
7.280000000000000000e+02 3.718266621122600313e+00
7.290000000000000000e+02 3.527811312985639436e+00
7.300000000000000000e+02 3.444849179739377654e+00
7.310000000000000000e+02 3.630003737354403182e+00
7.320000000000000000e+02 3.610374174157582772e+00
7.330000000000000000e+02 3.773929175596688168e+00
7.340000000000000000e+02 3.756517760744825019e+00
7.350000000000000000e+02 4.055285823453773197e+00
7.360000000000000000e+02 3.978238217868554472e+00
7.370000000000000000e+02 4.106956403594793414e+00
7.380000000000000000e+02 4.133947471386608008e+00
7.390000000000000000e+02 4.029188301039305919e+00
7.400000000000000000e+02 4.118840628556302619e+00
7.410000000000000000e+02 4.134502464831718349e+00
7.420000000000000000e+02 4.184326748688700803e+00
7.430000000000000000e+02 4.150318321019968337e+00
7.440000000000000000e+02 4.223978972047254921e+00
7.450000000000000000e+02 4.223976902765219421e+00
7.460000000000000000e+02 4.339993389673590940e+00
7.470000000000000000e+02 4.465706604375642819e+00
7.480000000000000000e+02 4.738093393050796465e+00
7.490000000000000000e+02 4.858061883018934601e+00
7.500000000000000000e+02 5.022322431361271988e+00
7.510000000000000000e+02 5.105398403430656984e+00
7.520000000000000000e+02 5.289684287922532313e+00
7.530000000000000000e+02 5.357348419488358715e+00
7.540000000000000000e+02 5.640477707059221579e+00
7.550000000000000000e+02 5.887544180257044957e+00
7.560000000000000000e+02 6.174290284575792320e+00
7.570000000000000000e+02 6.218846519612424295e+00
7.580000000000000000e+02 6.642666680029384985e+00
7.590000000000000000e+02 7.092434050772947529e+00
7.600000000000000000e+02 6.829396818229045429e+00
7.610000000000000000e+02 7.260910577922676801e+00
7.620000000000000000e+02 7.217094869524242284e+00
7.630000000000000000e+02 7.451492270761206349e+00
7.640000000000000000e+02 7.527555199789915719e+00
7.650000000000000000e+02 7.479093797331530347e+00
7.660000000000000000e+02 7.102903665495642116e+00
7.670000000000000000e+02 7.622365641700554306e+00
7.680000000000000000e+02 7.172957504437111886e+00
7.690000000000000000e+02 6.488444958028496856e+00
7.700000000000000000e+02 6.602572737066069841e+00
7.710000000000000000e+02 6.696240959518988234e+00
7.720000000000000000e+02 6.087015761138928838e+00
7.730000000000000000e+02 5.801339155806806147e+00
7.740000000000000000e+02 5.489700323373742918e+00
7.750000000000000000e+02 5.169244896700289083e+00
7.760000000000000000e+02 4.959899733807147548e+00
7.770000000000000000e+02 4.689435369518249352e+00
7.780000000000000000e+02 4.541331073107506278e+00
7.790000000000000000e+02 4.254377802139303277e+00
7.800000000000000000e+02 4.166579502384751166e+00
7.810000000000000000e+02 3.941082111578735336e+00
7.820000000000000000e+02 3.922384884841603192e+00
7.830000000000000000e+02 3.852560708784932064e+00
7.840000000000000000e+02 3.877620224396694848e+00
7.850000000000000000e+02 3.782359643222458434e+00
7.860000000000000000e+02 3.693834572617803680e+00
7.870000000000000000e+02 3.484405772549180380e+00
7.880000000000000000e+02 3.764645349868696034e+00
7.890000000000000000e+02 3.902243947939060043e+00
7.900000000000000000e+02 4.226579078062361994e+00
7.910000000000000000e+02 4.407060719273994565e+00
7.920000000000000000e+02 4.556383448964646199e+00
7.930000000000000000e+02 4.536285689341707617e+00
7.940000000000000000e+02 4.719770818936617651e+00
7.950000000000000000e+02 4.645388732157536893e+00
7.960000000000000000e+02 4.995853813984219904e+00
7.970000000000000000e+02 4.995936278291178034e+00
7.980000000000000000e+02 5.332395309657419702e+00
7.990000000000000000e+02 5.508279824394490376e+00
8.000000000000000000e+02 5.722580981060827021e+00
8.010000000000000000e+02 5.883251965816390872e+00
8.020000000000000000e+02 6.317504574719561283e+00
8.030000000000000000e+02 6.607080684081523714e+00
8.040000000000000000e+02 7.157345596429000700e+00
8.050000000000000000e+02 6.940585334577817456e+00
8.060000000000000000e+02 6.626122115783196875e+00
8.070000000000000000e+02 6.181659754727158784e+00
8.080000000000000000e+02 6.024451734205047870e+00
8.090000000000000000e+02 5.543304794622499365e+00
8.100000000000000000e+02 5.532653581633610429e+00
8.110000000000000000e+02 5.209762093780526016e+00
8.120000000000000000e+02 5.210863088155577749e+00
8.130000000000000000e+02 5.016413021414000362e+00
8.140000000000000000e+02 4.686761422021638701e+00
8.150000000000000000e+02 4.434877168699653538e+00
8.160000000000000000e+02 4.251343865505329056e+00
8.170000000000000000e+02 4.062424895956541882e+00
8.180000000000000000e+02 3.981740095735575302e+00
8.190000000000000000e+02 4.144525717520675556e+00
8.200000000000000000e+02 4.284193110965841989e+00
8.210000000000000000e+02 4.530854336539456462e+00
8.220000000000000000e+02 4.690350047880163409e+00
8.230000000000000000e+02 5.123165136252702645e+00
8.240000000000000000e+02 5.488074453193951818e+00
8.250000000000000000e+02 6.042114146824337340e+00
8.260000000000000000e+02 5.834926667659194877e+00
8.270000000000000000e+02 5.744243182872383890e+00
8.280000000000000000e+02 5.491194016901836505e+00
8.290000000000000000e+02 5.615886707521891452e+00
8.300000000000000000e+02 5.888361844657103994e+00
8.310000000000000000e+02 5.969396879005183898e+00
8.320000000000000000e+02 5.798929073458140238e+00
8.330000000000000000e+02 5.880047198628048477e+00
8.340000000000000000e+02 6.110673243728210302e+00
8.350000000000000000e+02 7.340838107977520899e+00
8.360000000000000000e+02 7.930561492498383380e+00
8.370000000000000000e+02 9.193148457491517433e+00
8.380000000000000000e+02 1.011564110273020489e+01
8.390000000000000000e+02 1.071219072540682760e+01
8.400000000000000000e+02 9.646110454385784294e+00
8.410000000000000000e+02 9.641617469399369256e+00
8.420000000000000000e+02 9.415232254065427853e+00
8.430000000000000000e+02 9.253315966255536651e+00
8.440000000000000000e+02 9.110537307154814357e+00
8.450000000000000000e+02 8.628955166209756555e+00
8.460000000000000000e+02 7.962802697679485675e+00
8.470000000000000000e+02 8.215021098398468169e+00
8.480000000000000000e+02 7.986873371398454324e+00
8.490000000000000000e+02 8.149499746853196669e+00
8.500000000000000000e+02 8.954553065966297964e+00
8.510000000000000000e+02 9.270340374883755175e+00
8.520000000000000000e+02 8.736073029651084454e+00
8.530000000000000000e+02 8.406504139799309883e+00
8.540000000000000000e+02 8.805654073132350490e+00
8.550000000000000000e+02 8.769051871718273716e+00
8.560000000000000000e+02 9.037258272924745484e+00
8.570000000000000000e+02 8.856533858826994177e+00
8.580000000000000000e+02 9.317551803150712075e+00
8.590000000000000000e+02 9.334765721881305822e+00
8.600000000000000000e+02 8.802725065140130312e+00
8.610000000000000000e+02 9.173830699028084013e+00
8.620000000000000000e+02 8.351082034042631719e+00
8.630000000000000000e+02 7.734567859662869083e+00
8.640000000000000000e+02 8.035602851064135521e+00
8.650000000000000000e+02 7.444574108044420768e+00
8.660000000000000000e+02 7.679068511032246747e+00
8.670000000000000000e+02 7.181151917956114517e+00
8.680000000000000000e+02 7.125871967597195322e+00
8.690000000000000000e+02 6.653964145903661809e+00
8.700000000000000000e+02 6.445848584942072357e+00
8.710000000000000000e+02 6.166971406446354109e+00
8.720000000000000000e+02 5.986017307121052511e+00
8.730000000000000000e+02 5.790095363401371209e+00
8.740000000000000000e+02 5.977860936043948747e+00
8.750000000000000000e+02 6.505321974173057242e+00
8.760000000000000000e+02 6.669560579798127442e+00
8.770000000000000000e+02 6.390775923991282248e+00
8.780000000000000000e+02 6.377293298457926696e+00
8.790000000000000000e+02 6.005516248462615891e+00
8.800000000000000000e+02 5.777561142981869402e+00
8.810000000000000000e+02 5.683901319050156609e+00
8.820000000000000000e+02 5.131419664676500680e+00
8.830000000000000000e+02 5.015641197784781014e+00
8.840000000000000000e+02 4.656824677110154909e+00
8.850000000000000000e+02 4.631167890767838635e+00
8.860000000000000000e+02 4.327960543584196351e+00
8.870000000000000000e+02 4.278065671848566787e+00
8.880000000000000000e+02 4.073987781284333032e+00
8.890000000000000000e+02 4.032199165642464500e+00
8.900000000000000000e+02 4.341706390569877172e+00
8.910000000000000000e+02 3.975756234309314685e+00
8.920000000000000000e+02 3.621293554544179116e+00
8.930000000000000000e+02 3.760219050855608813e+00
8.940000000000000000e+02 3.765232168738900764e+00
8.950000000000000000e+02 3.885497906497104914e+00
8.960000000000000000e+02 3.948535707417887952e+00
8.970000000000000000e+02 4.157712419055700437e+00
8.980000000000000000e+02 4.282947287175817408e+00
8.990000000000000000e+02 4.570283989811406933e+00
9.000000000000000000e+02 4.781578056176573277e+00
9.010000000000000000e+02 5.069665640149502828e+00
9.020000000000000000e+02 5.362982297633455353e+00
9.030000000000000000e+02 5.574962897519810667e+00
9.040000000000000000e+02 5.915168107229341388e+00
9.050000000000000000e+02 6.410727482978529679e+00
9.060000000000000000e+02 6.927745334886405537e+00
9.070000000000000000e+02 7.323568257030266260e+00
9.080000000000000000e+02 7.389852586397090306e+00
9.090000000000000000e+02 7.845934462081388006e+00
9.100000000000000000e+02 8.285245670156069053e+00
9.110000000000000000e+02 8.220918711877439833e+00
9.120000000000000000e+02 8.736247338837172194e+00
9.130000000000000000e+02 8.572409377365245220e+00
9.140000000000000000e+02 7.998935926335734692e+00
9.150000000000000000e+02 7.696990341911043032e+00
9.160000000000000000e+02 6.943747818160943552e+00
9.170000000000000000e+02 6.326650086134024242e+00
9.180000000000000000e+02 5.928148033853751109e+00
9.190000000000000000e+02 5.726034636024431634e+00
9.200000000000000000e+02 5.494933302546400888e+00
9.210000000000000000e+02 5.379504130333077505e+00
9.220000000000000000e+02 5.176875681284975883e+00
9.230000000000000000e+02 5.075096311569422980e+00
9.240000000000000000e+02 4.869523963729486482e+00
9.250000000000000000e+02 4.877421690731382320e+00
9.260000000000000000e+02 4.617906321617651244e+00
9.270000000000000000e+02 4.786524195775672119e+00
9.280000000000000000e+02 4.650345255597130745e+00
9.290000000000000000e+02 4.923242202921999322e+00
9.300000000000000000e+02 4.823743019679239907e+00
9.310000000000000000e+02 4.542686798121621017e+00
9.320000000000000000e+02 4.559585082432779934e+00
9.330000000000000000e+02 4.590165043776254450e+00
9.340000000000000000e+02 5.050980312415840778e+00
9.350000000000000000e+02 4.952835433973464596e+00
9.360000000000000000e+02 4.686552031717838851e+00
9.370000000000000000e+02 4.956762454597592793e+00
9.380000000000000000e+02 4.783299284289560305e+00
9.390000000000000000e+02 5.065757667052385393e+00
9.400000000000000000e+02 5.147835977811619834e+00
9.410000000000000000e+02 4.832441534226839863e+00
9.420000000000000000e+02 4.844903456433020672e+00
9.430000000000000000e+02 4.693684319737260857e+00
9.440000000000000000e+02 4.810646227294106403e+00
9.450000000000000000e+02 4.768523941068274929e+00
9.460000000000000000e+02 4.988262344085152122e+00
9.470000000000000000e+02 4.908571575300508805e+00
9.480000000000000000e+02 5.178940631876715273e+00
9.490000000000000000e+02 5.177776974583603753e+00
9.500000000000000000e+02 5.425963414337870994e+00
9.510000000000000000e+02 5.573795227902457405e+00
9.520000000000000000e+02 5.832162562763009817e+00
9.530000000000000000e+02 6.113988544031915495e+00
9.540000000000000000e+02 6.148013507209638462e+00
9.550000000000000000e+02 6.429551641243367754e+00
9.560000000000000000e+02 6.147134971698273276e+00
9.570000000000000000e+02 5.995802344162033393e+00
9.580000000000000000e+02 5.703887449076380456e+00
9.590000000000000000e+02 5.344530765059169575e+00
9.600000000000000000e+02 4.894319416633764241e+00
9.610000000000000000e+02 4.843856520880005512e+00
9.620000000000000000e+02 4.663379079355810752e+00
9.630000000000000000e+02 5.072723893355823854e+00
9.640000000000000000e+02 4.976627047450186581e+00
9.650000000000000000e+02 4.375770997663641637e+00
9.660000000000000000e+02 4.764504778021080966e+00
9.670000000000000000e+02 5.376369377512413728e+00
9.680000000000000000e+02 4.945539766471815035e+00
9.690000000000000000e+02 4.650246259285467865e+00
9.700000000000000000e+02 5.516513938203809531e+00
9.710000000000000000e+02 5.875024766436211188e+00
9.720000000000000000e+02 5.250307703611331256e+00
9.730000000000000000e+02 5.579703354713721808e+00
9.740000000000000000e+02 6.515794474428662220e+00
9.750000000000000000e+02 6.370734392691789871e+00
9.760000000000000000e+02 6.015544972599795592e+00
9.770000000000000000e+02 6.893127544234020299e+00
9.780000000000000000e+02 7.451497820928851823e+00
9.790000000000000000e+02 6.972790869109039669e+00
9.800000000000000000e+02 7.147595081175443177e+00
9.810000000000000000e+02 8.107444006593343744e+00
9.820000000000000000e+02 8.224742762755431258e+00
9.830000000000000000e+02 7.776345869152650359e+00
9.840000000000000000e+02 8.377756156336863214e+00
9.850000000000000000e+02 9.235817006174604771e+00
9.860000000000000000e+02 9.045898911455251934e+00
9.870000000000000000e+02 8.746090081312175357e+00
9.880000000000000000e+02 9.616313345689142977e+00
9.890000000000000000e+02 1.017884020734608974e+01
9.900000000000000000e+02 1.009596704173707060e+01
9.910000000000000000e+02 1.050325438691291069e+01
9.920000000000000000e+02 1.085214372611884670e+01
9.930000000000000000e+02 1.282320773860632990e+01
9.940000000000000000e+02 1.356482281153671643e+01
9.950000000000000000e+02 1.418279536747984970e+01
9.960000000000000000e+02 1.590571339904690618e+01
9.970000000000000000e+02 1.627763044968572359e+01
9.980000000000000000e+02 1.694930881880547702e+01
9.990000000000000000e+02 1.772947864759730763e+01
1.000000000000000000e+03 1.946749847462205096e+01
1.001000000000000000e+03 2.047144945663235305e+01
1.002000000000000000e+03 2.153440126794714615e+01
1.003000000000000000e+03 2.051619520207530556e+01
1.004000000000000000e+03 2.011237626741313278e+01
1.005000000000000000e+03 2.129091688929946713e+01
1.006000000000000000e+03 2.025372879382133817e+01
1.007000000000000000e+03 1.845877151761963830e+01
1.008000000000000000e+03 1.709460508448757210e+01
1.009000000000000000e+03 1.750262041179397343e+01
1.010000000000000000e+03 1.707910553544937571e+01
1.011000000000000000e+03 1.692847738188005380e+01
1.012000000000000000e+03 1.725269466061128298e+01
1.013000000000000000e+03 1.706759449244587756e+01
1.014000000000000000e+03 1.734271177359461902e+01
1.015000000000000000e+03 1.809117025057627615e+01
1.016000000000000000e+03 1.911782408275275458e+01
1.017000000000000000e+03 2.019840322181287817e+01
1.018000000000000000e+03 2.154039780830186501e+01
1.000000000000000000e+00 5.984158294645425258e+00
2.000000000000000000e+00 4.143861845413666423e+00
3.000000000000000000e+00 2.894004784740186409e+00
4.000000000000000000e+00 2.524214073694552862e+00
5.000000000000000000e+00 2.515451365417271656e+00
6.000000000000000000e+00 2.563315116819990358e+00
7.000000000000000000e+00 2.379651357177456905e+00
8.000000000000000000e+00 2.268531156096796675e+00
9.000000000000000000e+00 2.422582984863019817e+00
1.000000000000000000e+01 2.590426082411134256e+00
1.100000000000000000e+01 2.856316674240469755e+00
1.200000000000000000e+01 2.593226830406587968e+00
1.300000000000000000e+01 2.605657841493118632e+00
1.400000000000000000e+01 2.522117632745866089e+00
1.500000000000000000e+01 2.471197251671401585e+00
1.600000000000000000e+01 2.498190981153047829e+00
1.700000000000000000e+01 2.545606188556662541e+00
1.800000000000000000e+01 2.478185414781286955e+00
1.900000000000000000e+01 2.466558735666716906e+00
2.000000000000000000e+01 2.611122262631540458e+00
2.100000000000000000e+01 2.820727193323689708e+00
2.200000000000000000e+01 2.864504049245406581e+00
2.300000000000000000e+01 2.688507813147297476e+00
2.400000000000000000e+01 2.804732273107767959e+00
2.500000000000000000e+01 2.754137599471266462e+00
2.600000000000000000e+01 3.109551268969231952e+00
2.700000000000000000e+01 3.295709899096784579e+00
2.800000000000000000e+01 3.521306481415825473e+00
2.900000000000000000e+01 3.999761246492780753e+00
3.000000000000000000e+01 4.189578361426425701e+00
3.100000000000000000e+01 3.564126760886139333e+00
3.200000000000000000e+01 3.653283068087326946e+00
3.300000000000000000e+01 3.950869083572270402e+00
3.400000000000000000e+01 4.121541327473864591e+00
3.500000000000000000e+01 3.464590674462122433e+00
3.600000000000000000e+01 3.162984771209071955e+00
3.700000000000000000e+01 2.768730834675488417e+00
3.800000000000000000e+01 2.630020205074739437e+00
3.900000000000000000e+01 2.781499243981300662e+00
4.000000000000000000e+01 2.896199095292601111e+00
4.100000000000000000e+01 3.153785092350768871e+00
4.200000000000000000e+01 3.553592613901026986e+00
4.300000000000000000e+01 3.847626081663306330e+00
4.400000000000000000e+01 4.591747910631100105e+00
4.500000000000000000e+01 5.223791574183591635e+00
4.600000000000000000e+01 4.549648504388327908e+00
4.700000000000000000e+01 4.748619126848810268e+00
4.800000000000000000e+01 4.955651778926685402e+00
4.900000000000000000e+01 3.903193694726513119e+00
5.000000000000000000e+01 4.749224895546745984e+00
5.100000000000000000e+01 5.940994987956806916e+00
5.200000000000000000e+01 6.194440521179235049e+00
5.300000000000000000e+01 6.754501495178756088e+00
5.400000000000000000e+01 6.959372638809981026e+00
5.500000000000000000e+01 5.916012896231629625e+00
5.600000000000000000e+01 4.628985960527360000e+00
5.700000000000000000e+01 4.270887681803755775e+00
5.800000000000000000e+01 3.872530735942509850e+00
5.900000000000000000e+01 4.121537533666683295e+00
6.000000000000000000e+01 3.633261850447591534e+00
6.100000000000000000e+01 3.317614947834593764e+00
6.200000000000000000e+01 3.516602405074870319e+00
6.300000000000000000e+01 3.536261951744089860e+00
6.400000000000000000e+01 3.567209372151591840e+00
6.500000000000000000e+01 3.698324412148304319e+00
6.600000000000000000e+01 3.861037162960203162e+00
6.700000000000000000e+01 4.130861730329620229e+00
6.800000000000000000e+01 4.600165126845292995e+00
6.900000000000000000e+01 4.280023478630084810e+00
7.000000000000000000e+01 4.146917940441244177e+00
7.100000000000000000e+01 4.212016992180891428e+00
7.200000000000000000e+01 4.041983648501610737e+00
7.300000000000000000e+01 3.918431405257261968e+00
7.400000000000000000e+01 4.467428411585424364e+00
7.500000000000000000e+01 5.692981264356791193e+00
7.600000000000000000e+01 5.849935069427091960e+00
7.700000000000000000e+01 4.994712053565151244e+00
7.800000000000000000e+01 4.295094837654396258e+00
7.900000000000000000e+01 3.522192184604415743e+00
8.000000000000000000e+01 3.442682908688873056e+00
8.100000000000000000e+01 3.422024768311093812e+00
8.200000000000000000e+01 3.312266074211615230e+00
8.300000000000000000e+01 3.343468297435655767e+00
8.400000000000000000e+01 3.732348945485612912e+00
8.500000000000000000e+01 3.452739379150679078e+00
8.600000000000000000e+01 3.188885396176433407e+00
8.700000000000000000e+01 3.049658673186320446e+00
8.800000000000000000e+01 3.024436674311503648e+00
8.900000000000000000e+01 2.983308975118557083e+00
9.000000000000000000e+01 2.872802949882770296e+00
9.100000000000000000e+01 2.930045895737223294e+00
9.200000000000000000e+01 2.769384882977030227e+00
9.300000000000000000e+01 2.955328711214399107e+00
9.400000000000000000e+01 2.777064536939835904e+00
9.500000000000000000e+01 3.290156175500957847e+00
9.600000000000000000e+01 3.362299653857609094e+00
9.700000000000000000e+01 3.265325042787924126e+00
9.800000000000000000e+01 3.339126740099644497e+00
9.900000000000000000e+01 3.151526747521833816e+00
1.000000000000000000e+02 3.151894238031526907e+00
1.010000000000000000e+02 3.237349990227516017e+00
1.020000000000000000e+02 3.185871051622872763e+00
1.030000000000000000e+02 3.337818743906618035e+00
1.040000000000000000e+02 3.236726464053525376e+00
1.050000000000000000e+02 3.516093122100525381e+00
1.060000000000000000e+02 3.894574205052173443e+00
1.070000000000000000e+02 3.867263549912661968e+00
1.080000000000000000e+02 4.065847495795892996e+00
1.090000000000000000e+02 4.093642864853289431e+00
1.100000000000000000e+02 3.791198013203736839e+00
1.110000000000000000e+02 3.710350980267454801e+00
1.120000000000000000e+02 3.567652111084789635e+00
1.130000000000000000e+02 3.448593530138146068e+00
1.140000000000000000e+02 3.492375639075024463e+00
1.150000000000000000e+02 3.399841284924605578e+00
1.160000000000000000e+02 3.591882446233352510e+00
1.170000000000000000e+02 3.487383438035497107e+00
1.180000000000000000e+02 3.769850101125550079e+00
1.190000000000000000e+02 3.834126008016176090e+00
1.200000000000000000e+02 4.030279414588929576e+00
1.210000000000000000e+02 4.085944007299319836e+00
1.220000000000000000e+02 4.529590988083058711e+00
1.230000000000000000e+02 4.536424848034819490e+00
1.240000000000000000e+02 4.366098708603309397e+00
1.250000000000000000e+02 4.754097879136028659e+00
1.260000000000000000e+02 5.017572057731831237e+00
1.270000000000000000e+02 4.647613671741726904e+00
1.280000000000000000e+02 4.476810856474898515e+00
1.290000000000000000e+02 4.934610683928332797e+00
1.300000000000000000e+02 4.885086041471549123e+00
1.310000000000000000e+02 4.479792971056050455e+00
1.320000000000000000e+02 4.642501270122314061e+00
1.330000000000000000e+02 4.890403077299751544e+00
1.340000000000000000e+02 4.597297002199052685e+00
1.350000000000000000e+02 4.431472494770308579e+00
1.360000000000000000e+02 4.716161214238508315e+00
1.370000000000000000e+02 4.410389628024462993e+00
1.380000000000000000e+02 3.991253463753268615e+00
1.390000000000000000e+02 4.496614993293893470e+00
1.400000000000000000e+02 4.924541070820726674e+00
1.410000000000000000e+02 4.706495200985271410e+00
1.420000000000000000e+02 4.637040223852587850e+00
1.430000000000000000e+02 5.304838002558136090e+00
1.440000000000000000e+02 5.100255502635951288e+00
1.450000000000000000e+02 4.420723134479538352e+00
1.460000000000000000e+02 4.312236805427470898e+00
1.470000000000000000e+02 4.579881885476192238e+00
1.480000000000000000e+02 4.216310778859209130e+00
1.490000000000000000e+02 4.011129956029421351e+00
1.500000000000000000e+02 3.821237192511825587e+00
1.510000000000000000e+02 3.815103526904948694e+00
1.520000000000000000e+02 3.691789927052247400e+00
1.530000000000000000e+02 3.769690959395923358e+00
1.540000000000000000e+02 3.637091783761624786e+00
1.550000000000000000e+02 3.741313099329639513e+00
1.560000000000000000e+02 3.701051215380293691e+00
1.570000000000000000e+02 3.641096102195128470e+00
1.580000000000000000e+02 3.228874639154892812e+00
1.590000000000000000e+02 3.176742874708140540e+00
1.600000000000000000e+02 3.381052081671668930e+00
1.610000000000000000e+02 3.300292072776893182e+00
1.620000000000000000e+02 3.494370536151575557e+00
1.630000000000000000e+02 3.413481196116639804e+00
1.640000000000000000e+02 3.595405882101797346e+00
1.650000000000000000e+02 4.179133907013284244e+00
1.660000000000000000e+02 4.375368987122132403e+00
1.670000000000000000e+02 4.449760401581180247e+00
1.680000000000000000e+02 5.101800087250436988e+00
1.690000000000000000e+02 5.634574251079464524e+00
1.700000000000000000e+02 5.774803075932612551e+00
1.710000000000000000e+02 6.590800275703949218e+00
1.720000000000000000e+02 7.049512243957292590e+00
1.730000000000000000e+02 7.570848430319049527e+00
1.740000000000000000e+02 7.561381325615094795e+00
1.750000000000000000e+02 6.200653598336407946e+00
1.760000000000000000e+02 5.584606750979935086e+00
1.770000000000000000e+02 5.238357722564285446e+00
1.780000000000000000e+02 5.705301396570579442e+00
1.790000000000000000e+02 6.075147960982512529e+00
1.800000000000000000e+02 5.827249954916023711e+00
1.810000000000000000e+02 5.920028114324341395e+00
1.820000000000000000e+02 5.638260654316406217e+00
1.830000000000000000e+02 5.409007588676792544e+00
1.840000000000000000e+02 5.116296120245882761e+00
1.850000000000000000e+02 5.090394391080073966e+00
1.860000000000000000e+02 4.792133220350105027e+00
1.870000000000000000e+02 4.352556105321245816e+00
1.880000000000000000e+02 4.122809489590259169e+00
1.890000000000000000e+02 3.535638548024559125e+00
1.900000000000000000e+02 3.397269477076640065e+00
1.910000000000000000e+02 3.669653702195099676e+00
1.920000000000000000e+02 3.593092000595729196e+00
1.930000000000000000e+02 3.939093976649832740e+00
1.940000000000000000e+02 3.897552146061154410e+00
1.950000000000000000e+02 3.672863733484695636e+00
1.960000000000000000e+02 3.599724627312482550e+00
1.970000000000000000e+02 3.896254484738547852e+00
1.980000000000000000e+02 4.119982213980284413e+00
1.990000000000000000e+02 4.241766642284652278e+00
2.000000000000000000e+02 4.347151104062213278e+00
2.010000000000000000e+02 4.479998995555879659e+00
2.020000000000000000e+02 4.354876682088504758e+00
2.030000000000000000e+02 4.313821533245336681e+00
2.040000000000000000e+02 4.606586345871997779e+00
2.050000000000000000e+02 4.657233557215920250e+00
2.060000000000000000e+02 4.468706379964688225e+00
2.070000000000000000e+02 4.595255137781237842e+00
2.080000000000000000e+02 4.981773728091553721e+00
2.090000000000000000e+02 4.903461721800543849e+00
2.100000000000000000e+02 4.790114405166395528e+00
2.110000000000000000e+02 4.894943148735453775e+00
2.120000000000000000e+02 4.572442810920437140e+00
2.130000000000000000e+02 4.152521576501325029e+00
2.140000000000000000e+02 4.068171564392251582e+00
2.150000000000000000e+02 3.782960251585806510e+00
2.160000000000000000e+02 3.911239577896265196e+00
2.170000000000000000e+02 3.668733530165912526e+00
2.180000000000000000e+02 3.643800157538093387e+00
2.190000000000000000e+02 3.306287909709908490e+00
2.200000000000000000e+02 3.198086955959235755e+00
2.210000000000000000e+02 3.135431748428366028e+00
2.220000000000000000e+02 3.214710476783496862e+00
2.230000000000000000e+02 2.745492761942897264e+00
2.240000000000000000e+02 2.790229053887200994e+00
2.250000000000000000e+02 3.046179797629084973e+00
2.260000000000000000e+02 2.783963233832121631e+00
2.270000000000000000e+02 2.496695262197476062e+00
2.280000000000000000e+02 2.782239592102384584e+00
2.290000000000000000e+02 2.927491112855567845e+00
2.300000000000000000e+02 2.609507323337092899e+00
2.310000000000000000e+02 2.562617375761156335e+00
2.320000000000000000e+02 2.929777857674938701e+00
2.330000000000000000e+02 2.886093283227960438e+00
2.340000000000000000e+02 3.180137468037127491e+00
2.350000000000000000e+02 3.395685430851589359e+00
2.360000000000000000e+02 3.310113228688129627e+00
2.370000000000000000e+02 3.337514313216603856e+00
2.380000000000000000e+02 3.140142732826590954e+00
2.390000000000000000e+02 3.268734694888622450e+00
2.400000000000000000e+02 3.173728696248418579e+00
2.410000000000000000e+02 3.254370064874690271e+00
2.420000000000000000e+02 3.290066904478693655e+00
2.430000000000000000e+02 3.169223954685248312e+00
2.440000000000000000e+02 3.014700037574693958e+00
2.450000000000000000e+02 3.129533228843253134e+00
2.460000000000000000e+02 3.063619001411560294e+00
2.470000000000000000e+02 3.349780339806969209e+00
2.480000000000000000e+02 3.361126681498799229e+00
2.490000000000000000e+02 3.632408425375496908e+00
2.500000000000000000e+02 3.592442279434933550e+00
2.510000000000000000e+02 3.644354993182509883e+00
2.520000000000000000e+02 3.333352387130081418e+00
2.530000000000000000e+02 3.259947650762075266e+00
2.540000000000000000e+02 2.919706698509767051e+00
2.550000000000000000e+02 2.780947416412810735e+00
2.560000000000000000e+02 2.508636951651171287e+00
2.570000000000000000e+02 2.128074763588137852e+00
2.580000000000000000e+02 2.179399325768249351e+00
2.590000000000000000e+02 2.476162704161889216e+00
2.600000000000000000e+02 2.463268000171346284e+00
2.610000000000000000e+02 2.444591356579564501e+00
2.620000000000000000e+02 2.757713427883584423e+00
2.630000000000000000e+02 2.835640739536714250e+00
2.640000000000000000e+02 2.684969986968454680e+00
2.650000000000000000e+02 2.468455962537515980e+00
2.660000000000000000e+02 2.399033853152369833e+00
2.670000000000000000e+02 2.249715003525005308e+00
2.680000000000000000e+02 1.989453076374861462e+00
2.690000000000000000e+02 1.998384798513589411e+00
2.700000000000000000e+02 2.024214968165579442e+00
2.710000000000000000e+02 2.151480056558239262e+00
2.720000000000000000e+02 2.526433579838058829e+00
2.730000000000000000e+02 2.843145995799585712e+00
2.740000000000000000e+02 3.121498625812291650e+00
2.750000000000000000e+02 3.889829978717834535e+00
2.760000000000000000e+02 4.247641424894580631e+00
2.770000000000000000e+02 5.092185930940252625e+00
2.780000000000000000e+02 5.809497146438240556e+00
2.790000000000000000e+02 6.187864747455163794e+00
2.800000000000000000e+02 6.257879008579168456e+00
2.810000000000000000e+02 5.590462908208018611e+00
2.820000000000000000e+02 5.601625593749984588e+00
2.830000000000000000e+02 5.150253841467995919e+00
2.840000000000000000e+02 5.081545644334273248e+00
2.850000000000000000e+02 4.587266323124751466e+00
2.860000000000000000e+02 2.616511360333428016e+00
2.870000000000000000e+02 2.342646586841387268e+00
2.880000000000000000e+02 2.162394604664072517e+00
2.890000000000000000e+02 2.211811445247796826e+00
2.900000000000000000e+02 2.110998031498534377e+00
2.910000000000000000e+02 1.982825117938141091e+00
2.920000000000000000e+02 2.055624190867294754e+00
2.930000000000000000e+02 1.799666443868674026e+00
2.940000000000000000e+02 1.804815756367050383e+00
2.950000000000000000e+02 2.036266882712219228e+00
2.960000000000000000e+02 1.972455961751936382e+00
2.970000000000000000e+02 1.802783252192518670e+00
2.980000000000000000e+02 1.999771226854081263e+00
2.990000000000000000e+02 2.214006535447200275e+00
3.000000000000000000e+02 2.042617699175832247e+00
3.010000000000000000e+02 2.002026175370844374e+00
3.020000000000000000e+02 2.276392297880602822e+00
3.030000000000000000e+02 2.349036820251551028e+00
3.040000000000000000e+02 2.610054209374996770e+00
3.050000000000000000e+02 2.783691474102304664e+00
3.060000000000000000e+02 2.872867475972767259e+00
3.070000000000000000e+02 3.217811860219514486e+00
3.080000000000000000e+02 3.333553686391276916e+00
3.090000000000000000e+02 3.701541109897770188e+00
3.100000000000000000e+02 3.674794522246619621e+00
3.110000000000000000e+02 3.930634834782113174e+00
3.120000000000000000e+02 4.134459388189241302e+00
3.130000000000000000e+02 3.947757977118579564e+00
3.140000000000000000e+02 3.603178130458354111e+00
3.150000000000000000e+02 3.631902490515566129e+00
3.160000000000000000e+02 3.595228657500932901e+00
3.170000000000000000e+02 3.303612498320688484e+00
3.180000000000000000e+02 3.174470148668238068e+00
3.190000000000000000e+02 3.302806987443391851e+00
3.200000000000000000e+02 3.153108914441743238e+00
3.210000000000000000e+02 2.885510592887279735e+00
3.220000000000000000e+02 2.924829314629795007e+00
3.230000000000000000e+02 2.930639361587128455e+00
3.240000000000000000e+02 2.541696897372113906e+00
3.250000000000000000e+02 2.428253364577716233e+00
3.260000000000000000e+02 2.519327501835465277e+00
3.270000000000000000e+02 2.760493073155349197e+00
3.280000000000000000e+02 2.901516953511096286e+00
3.290000000000000000e+02 3.240590049191138355e+00
3.300000000000000000e+02 3.512934995113931258e+00
3.310000000000000000e+02 4.057871618836977667e+00
3.320000000000000000e+02 4.106348733139348006e+00
3.330000000000000000e+02 4.221659528736385170e+00
3.340000000000000000e+02 4.591614588355560578e+00
3.350000000000000000e+02 5.097399202431234677e+00
3.360000000000000000e+02 5.057701018840756291e+00
3.370000000000000000e+02 4.748781369131893193e+00
3.380000000000000000e+02 4.370948580703578834e+00
3.390000000000000000e+02 4.271371568534075180e+00
3.400000000000000000e+02 4.168862401059389100e+00
3.410000000000000000e+02 4.093936352281621893e+00
3.420000000000000000e+02 4.296747243684730933e+00
3.430000000000000000e+02 4.230077121191794909e+00
3.440000000000000000e+02 3.890841871157657561e+00
3.450000000000000000e+02 4.051843101472019093e+00
3.460000000000000000e+02 4.065701284526118897e+00
3.470000000000000000e+02 3.723065229560932110e+00
3.480000000000000000e+02 3.584445075902432443e+00
3.490000000000000000e+02 3.768070206336596506e+00
3.500000000000000000e+02 3.599366361559307226e+00
3.510000000000000000e+02 3.205844025537012865e+00
3.520000000000000000e+02 3.303982700469776823e+00
3.530000000000000000e+02 3.463710321990553176e+00
3.540000000000000000e+02 3.091835668468063680e+00
3.550000000000000000e+02 2.931431797621011803e+00
3.560000000000000000e+02 2.704077148464242963e+00
3.570000000000000000e+02 2.592593789276487648e+00
3.580000000000000000e+02 2.432684656630474951e+00
3.590000000000000000e+02 2.243440867907047664e+00
3.600000000000000000e+02 2.135088933845829207e+00
3.610000000000000000e+02 2.026623697932761203e+00
3.620000000000000000e+02 2.030805967140946855e+00
3.630000000000000000e+02 2.040195723663503546e+00
3.640000000000000000e+02 2.004909752090822561e+00
3.650000000000000000e+02 2.164494106711355670e+00
3.660000000000000000e+02 2.232457328709960720e+00
3.670000000000000000e+02 2.432644458779992469e+00
3.680000000000000000e+02 2.505537754414920659e+00
3.690000000000000000e+02 2.701382831848582189e+00
3.700000000000000000e+02 2.862063069124928472e+00
3.710000000000000000e+02 3.134743345285267768e+00
3.720000000000000000e+02 3.266495870238628196e+00
3.730000000000000000e+02 3.696206964815393015e+00
3.740000000000000000e+02 3.884787638716395541e+00
3.750000000000000000e+02 4.713500512922388808e+00
3.760000000000000000e+02 5.175021244001529297e+00
3.770000000000000000e+02 4.734491501139953762e+00
3.780000000000000000e+02 4.288030540074364794e+00
3.790000000000000000e+02 3.829766465844329559e+00
3.800000000000000000e+02 3.669487989307883335e+00
3.810000000000000000e+02 3.432435099080990426e+00
3.820000000000000000e+02 2.975239926400274904e+00
3.830000000000000000e+02 2.977747748220168411e+00
3.840000000000000000e+02 2.839019743495907910e+00
3.850000000000000000e+02 3.087625091992660664e+00
3.860000000000000000e+02 3.319305928997326571e+00
3.870000000000000000e+02 3.462646199660911250e+00
3.880000000000000000e+02 3.804703462701586325e+00
3.890000000000000000e+02 3.794161425499219309e+00
3.900000000000000000e+02 4.225994582244833708e+00
3.910000000000000000e+02 4.188376344049330235e+00
3.920000000000000000e+02 4.200595642573134114e+00
3.930000000000000000e+02 4.066264566868225572e+00
3.940000000000000000e+02 3.780264860078494493e+00
3.950000000000000000e+02 3.521414060043468908e+00
3.960000000000000000e+02 3.426046245760468789e+00
3.970000000000000000e+02 3.097941972813090583e+00
3.980000000000000000e+02 3.067453236439256603e+00
3.990000000000000000e+02 2.828136613986125258e+00
4.000000000000000000e+02 2.740174420565008706e+00
4.010000000000000000e+02 2.621587626245764469e+00
4.020000000000000000e+02 2.868975549270663450e+00
4.030000000000000000e+02 2.675318489945377021e+00
4.040000000000000000e+02 2.628025948286844660e+00
4.050000000000000000e+02 2.625881721500567867e+00
4.060000000000000000e+02 2.654066662411820321e+00
4.070000000000000000e+02 2.545523714340343968e+00
4.080000000000000000e+02 2.923699836563145027e+00
4.090000000000000000e+02 3.569291762800916867e+00
4.100000000000000000e+02 3.045573906557868415e+00
4.110000000000000000e+02 2.625538822245601533e+00
4.120000000000000000e+02 2.339178834007515473e+00
4.130000000000000000e+02 2.384816237051782473e+00
4.140000000000000000e+02 2.253771525643321283e+00
4.150000000000000000e+02 2.286638953337410296e+00
4.160000000000000000e+02 2.404272653817205452e+00
4.170000000000000000e+02 2.543902985385615878e+00
4.180000000000000000e+02 2.531132820454440324e+00
4.190000000000000000e+02 2.544923710512877690e+00
4.200000000000000000e+02 2.795753494777735160e+00
4.210000000000000000e+02 2.706920604532730756e+00
4.220000000000000000e+02 2.657162506883773645e+00
4.230000000000000000e+02 2.620783145703335482e+00
4.240000000000000000e+02 2.658370112901058402e+00
4.250000000000000000e+02 2.697761348864332387e+00
4.260000000000000000e+02 2.581050031404687584e+00
4.270000000000000000e+02 2.576328319930016431e+00
4.280000000000000000e+02 2.646515987200308562e+00
4.290000000000000000e+02 2.550914894133475386e+00
4.300000000000000000e+02 2.740202015394176183e+00
4.310000000000000000e+02 2.658573133882189854e+00
4.320000000000000000e+02 2.907880366523538651e+00
4.330000000000000000e+02 2.975089486988126364e+00
4.340000000000000000e+02 3.242498247815413404e+00
4.350000000000000000e+02 2.963150927504130561e+00
4.360000000000000000e+02 3.217740331852573910e+00
4.370000000000000000e+02 3.140609958563032489e+00
4.380000000000000000e+02 3.086583474208761224e+00
4.390000000000000000e+02 3.729377296278011844e+00
4.400000000000000000e+02 3.622455832979776247e+00
4.410000000000000000e+02 4.146282788078006654e+00
4.420000000000000000e+02 3.701077592127647087e+00
4.430000000000000000e+02 3.460085146322167127e+00
4.440000000000000000e+02 3.995772548346875119e+00
4.450000000000000000e+02 3.701373991159771393e+00
4.460000000000000000e+02 3.881829569245532241e+00
4.470000000000000000e+02 3.521362383953134056e+00
4.480000000000000000e+02 3.211631393480102403e+00
4.490000000000000000e+02 3.333814293609095092e+00
4.500000000000000000e+02 3.079764094972559096e+00
4.510000000000000000e+02 2.870273315577338114e+00
4.520000000000000000e+02 2.788938833430838482e+00
4.530000000000000000e+02 2.620203384612013409e+00
4.540000000000000000e+02 2.782277994311907587e+00
4.550000000000000000e+02 3.175924239413140171e+00
4.560000000000000000e+02 3.202105783064403521e+00
4.570000000000000000e+02 3.652820706768645120e+00
4.580000000000000000e+02 4.021817824993996204e+00
4.590000000000000000e+02 3.570015773874325671e+00
4.600000000000000000e+02 3.147288527923636892e+00
4.610000000000000000e+02 2.825167538041036153e+00
4.620000000000000000e+02 2.693568016370833096e+00
4.630000000000000000e+02 2.559577099045616588e+00
4.640000000000000000e+02 2.637011938926988819e+00
4.650000000000000000e+02 2.890250200263423164e+00
4.660000000000000000e+02 3.054661965518410405e+00
4.670000000000000000e+02 3.415265596559991845e+00
4.680000000000000000e+02 3.705380900613111095e+00
4.690000000000000000e+02 3.842524370744742068e+00
4.700000000000000000e+02 3.784386163696393357e+00
4.710000000000000000e+02 3.304771115961472994e+00
4.720000000000000000e+02 3.653511178515249647e+00
4.730000000000000000e+02 3.471759918863392524e+00
4.740000000000000000e+02 3.567884774039189022e+00
4.750000000000000000e+02 3.970879034747331726e+00
4.760000000000000000e+02 4.433278326320862384e+00
4.770000000000000000e+02 5.081527597940274532e+00
4.780000000000000000e+02 5.599256909890756972e+00
4.790000000000000000e+02 5.201103458232880783e+00
4.800000000000000000e+02 6.486265463788201124e+00
4.810000000000000000e+02 5.444740716785727130e+00
4.820000000000000000e+02 4.694120308461681823e+00
4.830000000000000000e+02 4.065491965684922882e+00
4.840000000000000000e+02 3.718991514013358479e+00
4.850000000000000000e+02 2.833091320927675572e+00
4.860000000000000000e+02 2.456711436951099170e+00
4.870000000000000000e+02 3.002684549672290704e+00
4.880000000000000000e+02 3.566100385067484169e+00
4.890000000000000000e+02 3.404683847828161358e+00
4.900000000000000000e+02 2.993076742952067715e+00
4.910000000000000000e+02 2.944132543022849990e+00
4.920000000000000000e+02 2.669016799128738349e+00
4.930000000000000000e+02 2.541993171082095326e+00
4.940000000000000000e+02 2.456548565387510319e+00
4.950000000000000000e+02 2.248995079001120612e+00
4.960000000000000000e+02 2.290109702926381274e+00
4.970000000000000000e+02 2.132713555460914900e+00
4.980000000000000000e+02 2.052709151589124925e+00
4.990000000000000000e+02 2.141241231798045597e+00
5.000000000000000000e+02 2.295408665389230496e+00
5.010000000000000000e+02 2.298134374632498478e+00
5.020000000000000000e+02 2.388158900724563605e+00
5.030000000000000000e+02 2.484897796726863728e+00
5.040000000000000000e+02 2.472353443391147820e+00
5.050000000000000000e+02 2.417784617412678916e+00
5.060000000000000000e+02 2.260609286653127548e+00
5.070000000000000000e+02 2.215764291395797336e+00
5.080000000000000000e+02 2.057326059880699276e+00
5.090000000000000000e+02 2.065180603758097977e+00
5.100000000000000000e+02 2.077110779670035878e+00
5.110000000000000000e+02 2.231078334528657781e+00
5.120000000000000000e+02 2.315507329702323425e+00
5.130000000000000000e+02 2.248399558785130203e+00
5.140000000000000000e+02 2.243536649371594915e+00
5.150000000000000000e+02 2.179680948670160490e+00
5.160000000000000000e+02 2.032318506609357200e+00
5.170000000000000000e+02 2.032420781975961876e+00
5.180000000000000000e+02 2.049799965164551541e+00
5.190000000000000000e+02 2.182222320260049031e+00
5.200000000000000000e+02 2.146289221026135507e+00
5.210000000000000000e+02 2.021143400418532465e+00
5.220000000000000000e+02 2.016677043838053685e+00
5.230000000000000000e+02 1.972122335231773826e+00
5.240000000000000000e+02 1.846364374714015266e+00
5.250000000000000000e+02 1.865954261092276578e+00
5.260000000000000000e+02 2.378033236916462734e+00
5.270000000000000000e+02 2.674999191124393771e+00
5.280000000000000000e+02 2.104587979192684255e+00
5.290000000000000000e+02 1.955682109707445271e+00
5.300000000000000000e+02 1.945317517782406913e+00
5.310000000000000000e+02 2.017437900268221451e+00
5.320000000000000000e+02 2.210506201092675482e+00
5.330000000000000000e+02 2.435541816796810366e+00
5.340000000000000000e+02 2.315945198710610331e+00
5.350000000000000000e+02 2.233518228537696437e+00
5.360000000000000000e+02 2.032358379391221881e+00
5.370000000000000000e+02 2.193709528354211180e+00
5.380000000000000000e+02 2.181709518076921483e+00
5.390000000000000000e+02 2.062416654986029219e+00
5.400000000000000000e+02 1.940087219002190055e+00
5.410000000000000000e+02 1.969868231013015114e+00
5.420000000000000000e+02 2.001448082491483316e+00
5.430000000000000000e+02 1.965314737443939475e+00
5.440000000000000000e+02 2.042477547013110240e+00
5.450000000000000000e+02 2.155869830329781411e+00
5.460000000000000000e+02 2.062529378451926299e+00
5.470000000000000000e+02 1.945651044312782796e+00
5.480000000000000000e+02 1.932853607264337414e+00
5.490000000000000000e+02 1.942631314736785297e+00
5.500000000000000000e+02 1.973000140540330793e+00
5.510000000000000000e+02 2.208172189958371057e+00
5.520000000000000000e+02 2.425481517689007216e+00
5.530000000000000000e+02 2.209707386197014234e+00
5.540000000000000000e+02 2.268328571206074784e+00
5.550000000000000000e+02 2.386975157812692760e+00
5.560000000000000000e+02 2.351885176804247468e+00
5.570000000000000000e+02 2.227458021443869285e+00
5.580000000000000000e+02 2.132360670452508433e+00
5.590000000000000000e+02 2.394826865245316405e+00
5.600000000000000000e+02 2.474079864232142434e+00
5.610000000000000000e+02 2.503524671724275397e+00
5.620000000000000000e+02 2.617981587559615964e+00
5.630000000000000000e+02 2.765275990383509797e+00
5.640000000000000000e+02 2.934173657424552939e+00
5.650000000000000000e+02 3.214264017110658678e+00
5.660000000000000000e+02 3.289756741846067811e+00
5.670000000000000000e+02 3.267103020312636996e+00
5.680000000000000000e+02 3.506172902019796478e+00
5.690000000000000000e+02 3.770275762616008830e+00
5.700000000000000000e+02 4.207673520789493082e+00
5.710000000000000000e+02 4.085918829058559965e+00
5.720000000000000000e+02 3.967028702725746037e+00
5.730000000000000000e+02 3.577880238274800728e+00
5.740000000000000000e+02 3.434771718132148877e+00
5.750000000000000000e+02 3.544380083772862733e+00
5.760000000000000000e+02 3.843718196013948152e+00
5.770000000000000000e+02 3.782654683535255469e+00
5.780000000000000000e+02 3.866810719308105160e+00
5.790000000000000000e+02 3.689595234871670737e+00
5.800000000000000000e+02 3.322489676799320613e+00
5.810000000000000000e+02 3.050947418089186236e+00
5.820000000000000000e+02 2.897771090658662008e+00
5.830000000000000000e+02 2.780706962069161570e+00
5.840000000000000000e+02 2.951594529839793868e+00
5.850000000000000000e+02 3.133728281702032881e+00
5.860000000000000000e+02 3.326579841248417768e+00
5.870000000000000000e+02 3.508198162011960886e+00
5.880000000000000000e+02 3.960333302976607683e+00
5.890000000000000000e+02 4.116856565856743089e+00
5.900000000000000000e+02 4.740796327418407508e+00
5.910000000000000000e+02 5.124237085028135574e+00
5.920000000000000000e+02 4.877196868168951482e+00
5.930000000000000000e+02 4.847199555595961940e+00
5.940000000000000000e+02 4.842313873876724628e+00
5.950000000000000000e+02 4.879250325172456826e+00
5.960000000000000000e+02 5.000101190929362005e+00
5.970000000000000000e+02 4.754033368443751684e+00
5.980000000000000000e+02 4.548547184334100990e+00
5.990000000000000000e+02 4.594058829387235754e+00
6.000000000000000000e+02 4.743698511707711063e+00
6.010000000000000000e+02 4.835441101834716093e+00
6.020000000000000000e+02 5.221108046183803530e+00
6.030000000000000000e+02 5.331643954839990762e+00
6.040000000000000000e+02 5.061665075014500914e+00
6.050000000000000000e+02 5.277016640036253037e+00
6.060000000000000000e+02 5.201716162431937462e+00
6.070000000000000000e+02 5.088026533374168991e+00
6.080000000000000000e+02 5.189552175093855801e+00
6.090000000000000000e+02 5.057786624485365756e+00
6.100000000000000000e+02 4.917771870943754564e+00
6.110000000000000000e+02 5.046627855051884382e+00
6.120000000000000000e+02 5.143475066335262191e+00
6.130000000000000000e+02 5.085374515565021625e+00
6.140000000000000000e+02 5.140634838124985784e+00
6.150000000000000000e+02 5.323654558381623936e+00
6.160000000000000000e+02 5.355727289330709517e+00
6.170000000000000000e+02 5.353347513497274335e+00
6.180000000000000000e+02 5.521492082886347852e+00
6.190000000000000000e+02 5.729007168923049065e+00
6.200000000000000000e+02 5.730430428681321686e+00
6.210000000000000000e+02 5.712399369204926636e+00
6.220000000000000000e+02 5.597211884109666968e+00
6.230000000000000000e+02 5.439620518791337567e+00
6.240000000000000000e+02 5.373165629438429569e+00
6.250000000000000000e+02 5.207525943899659282e+00
6.260000000000000000e+02 5.430266297851005675e+00
6.270000000000000000e+02 5.616794132623671665e+00
6.280000000000000000e+02 5.444695746542417503e+00
6.290000000000000000e+02 5.423272656410515147e+00
6.300000000000000000e+02 4.973920403618000918e+00
6.310000000000000000e+02 4.922356697716185892e+00
6.320000000000000000e+02 5.008344288650733667e+00
6.330000000000000000e+02 4.886025851916825147e+00
6.340000000000000000e+02 4.736209453895578569e+00
6.350000000000000000e+02 4.916707876785110898e+00
6.360000000000000000e+02 5.108192798882589258e+00
6.370000000000000000e+02 5.233087772484041444e+00
6.380000000000000000e+02 5.658267736140542681e+00
6.390000000000000000e+02 5.758963964908513589e+00
6.400000000000000000e+02 6.120809231476443735e+00
6.410000000000000000e+02 6.301431797248419286e+00
6.420000000000000000e+02 6.493212420223123615e+00
6.430000000000000000e+02 6.739077467836437130e+00
6.440000000000000000e+02 6.671620413665369398e+00
6.450000000000000000e+02 6.456012633379670795e+00
6.460000000000000000e+02 6.697810751455815392e+00
6.470000000000000000e+02 6.943370995466239037e+00
6.480000000000000000e+02 6.895980902410679292e+00
6.490000000000000000e+02 6.971206331771864662e+00
6.500000000000000000e+02 6.929996555923099599e+00
6.510000000000000000e+02 6.602036151843679868e+00
6.520000000000000000e+02 6.143242315204858528e+00
6.530000000000000000e+02 5.785099663865281627e+00
6.540000000000000000e+02 5.797170187860819723e+00
6.550000000000000000e+02 5.523530757787102452e+00
6.560000000000000000e+02 5.562518547695630033e+00
6.570000000000000000e+02 5.484862636441114603e+00
6.580000000000000000e+02 5.679485476217706719e+00
6.590000000000000000e+02 5.655441073547508246e+00
6.600000000000000000e+02 5.786722505274184414e+00
6.610000000000000000e+02 5.936956041017252161e+00
6.620000000000000000e+02 5.938770093925763938e+00
6.630000000000000000e+02 5.962669552980959686e+00
6.640000000000000000e+02 5.854019641754457659e+00
6.650000000000000000e+02 5.743362496276482432e+00
6.660000000000000000e+02 5.781286715611243743e+00
6.670000000000000000e+02 5.689755042197919721e+00
6.680000000000000000e+02 5.733361207645315538e+00
6.690000000000000000e+02 5.497388833855922918e+00
6.700000000000000000e+02 5.818139987328712515e+00
6.710000000000000000e+02 6.252622465094169968e+00
6.720000000000000000e+02 6.412765817572213756e+00
6.730000000000000000e+02 7.121970272993895179e+00
6.740000000000000000e+02 6.640536011509557746e+00
6.750000000000000000e+02 5.691975988751637239e+00
6.760000000000000000e+02 5.638904125937351353e+00
6.770000000000000000e+02 5.363613565308788189e+00
6.780000000000000000e+02 5.658706166027967832e+00
6.790000000000000000e+02 5.556246244849273097e+00
6.800000000000000000e+02 5.884036547444538634e+00
6.810000000000000000e+02 5.853079223860557789e+00
6.820000000000000000e+02 6.127602482012161289e+00
6.830000000000000000e+02 6.347856518484535471e+00
6.840000000000000000e+02 6.390700780528027813e+00
6.850000000000000000e+02 6.114071487966851848e+00
6.860000000000000000e+02 6.256382338430548806e+00
6.870000000000000000e+02 6.274671593552842985e+00
6.880000000000000000e+02 6.371370275447915787e+00
6.890000000000000000e+02 6.502233525859765884e+00
6.900000000000000000e+02 6.268104954817215635e+00
6.910000000000000000e+02 5.790018728200709397e+00
6.920000000000000000e+02 6.386764185101559299e+00
6.930000000000000000e+02 6.201985852710227398e+00
6.940000000000000000e+02 6.217340968530642442e+00
6.950000000000000000e+02 5.485083491360718710e+00
6.960000000000000000e+02 4.999556197909461375e+00
6.970000000000000000e+02 5.363763935648926839e+00
6.980000000000000000e+02 5.335428644747083560e+00
6.990000000000000000e+02 4.619556688584341764e+00
7.000000000000000000e+02 4.592605517416066263e+00
7.010000000000000000e+02 5.034148899844406166e+00
7.020000000000000000e+02 4.866151531595244606e+00
7.030000000000000000e+02 4.353812441076254203e+00
7.040000000000000000e+02 4.683283670515686836e+00
7.050000000000000000e+02 5.129979011660410926e+00
7.060000000000000000e+02 4.943297825764466857e+00
7.070000000000000000e+02 4.844921207278941822e+00
7.080000000000000000e+02 5.283519275902837542e+00
7.090000000000000000e+02 5.817715437362559250e+00
7.100000000000000000e+02 5.815175164032079458e+00
7.110000000000000000e+02 6.006427043463028248e+00
7.120000000000000000e+02 6.605029869113988816e+00
7.130000000000000000e+02 7.006102818431457990e+00
7.140000000000000000e+02 7.108686297510002028e+00
7.150000000000000000e+02 7.462110826267808861e+00
7.160000000000000000e+02 8.073777425840317434e+00
7.170000000000000000e+02 8.431559605443416316e+00
7.180000000000000000e+02 8.615412614717952167e+00
7.190000000000000000e+02 9.127102419980419157e+00
7.200000000000000000e+02 9.729757077477655614e+00
7.210000000000000000e+02 9.993153848932529115e+00
7.220000000000000000e+02 1.022564728820547053e+01
7.230000000000000000e+02 1.079433518946394877e+01
7.240000000000000000e+02 1.142938500370406096e+01
7.250000000000000000e+02 1.161123474185051307e+01
7.260000000000000000e+02 1.185002504850017679e+01
7.270000000000000000e+02 1.263873559051528517e+01
7.280000000000000000e+02 1.310935809951152642e+01
7.290000000000000000e+02 1.326884926495755224e+01
7.300000000000000000e+02 1.373836279797287929e+01
7.310000000000000000e+02 1.457305490143038185e+01
7.320000000000000000e+02 1.480422981266942806e+01
7.330000000000000000e+02 1.516650729149427512e+01
7.340000000000000000e+02 1.587877006603150498e+01
7.350000000000000000e+02 1.640957979851685522e+01
7.360000000000000000e+02 1.672464244263013455e+01
7.370000000000000000e+02 1.717789909192218190e+01
7.380000000000000000e+02 1.792146061020341463e+01
7.390000000000000000e+02 1.825383978974833710e+01
7.400000000000000000e+02 1.873675690739706567e+01
7.410000000000000000e+02 1.909486568966551445e+01
7.420000000000000000e+02 1.856514217709511883e+01
7.430000000000000000e+02 1.922548624213569823e+01
7.440000000000000000e+02 1.871528354465915456e+01
7.450000000000000000e+02 1.874472555446493516e+01
7.460000000000000000e+02 1.999785822068886176e+01
7.470000000000000000e+02 2.042980078134985078e+01
7.480000000000000000e+02 2.026238258328114128e+01
7.490000000000000000e+02 2.036064877233649639e+01
7.500000000000000000e+02 1.958147121963922643e+01
7.510000000000000000e+02 1.990488036949386697e+01
7.520000000000000000e+02 1.904882064961439525e+01
7.530000000000000000e+02 1.735150752093006687e+01
7.540000000000000000e+02 1.667527883039177183e+01
7.550000000000000000e+02 1.563469440412943001e+01
7.560000000000000000e+02 1.470049533795859809e+01
7.570000000000000000e+02 1.393334673638489640e+01
7.580000000000000000e+02 1.339087950356030454e+01
7.590000000000000000e+02 1.288421925950252245e+01
7.600000000000000000e+02 1.291712938847169490e+01
7.610000000000000000e+02 1.237104304765827045e+01
7.620000000000000000e+02 1.261937124153417855e+01
