# Residue RMSF(Ang)
1.000000000000000000e+00 3.224431568734827280e+00
2.000000000000000000e+00 3.372332199316153467e+00
3.000000000000000000e+00 3.343584099220998862e+00
4.000000000000000000e+00 3.519443611344568179e+00
5.000000000000000000e+00 3.337434828761051797e+00
6.000000000000000000e+00 3.683616373785244313e+00
7.000000000000000000e+00 3.870915201944319151e+00
8.000000000000000000e+00 3.656365504382827147e+00
9.000000000000000000e+00 3.924597426765142671e+00
1.000000000000000000e+01 3.941957177765320619e+00
1.100000000000000000e+01 4.128781700092202911e+00
1.200000000000000000e+01 4.156711010247310156e+00
1.300000000000000000e+01 4.356722004930819736e+00
1.400000000000000000e+01 4.478240515564885449e+00
1.500000000000000000e+01 4.366414627549709770e+00
1.600000000000000000e+01 4.200094897605461064e+00
1.700000000000000000e+01 4.222182019650943197e+00
1.800000000000000000e+01 3.854761255712615409e+00
1.900000000000000000e+01 3.913288408925924777e+00
2.000000000000000000e+01 3.670498650451145206e+00
2.100000000000000000e+01 3.612714507265752495e+00
2.200000000000000000e+01 3.703846447880196013e+00
2.300000000000000000e+01 3.723510652030467938e+00
2.400000000000000000e+01 3.935456449926591826e+00
2.500000000000000000e+01 4.212381353786233795e+00
2.600000000000000000e+01 4.670434665940407903e+00
2.700000000000000000e+01 4.978914072324066353e+00
2.800000000000000000e+01 5.502378686131776497e+00
2.900000000000000000e+01 6.151150783381718057e+00
3.000000000000000000e+01 6.547068195754288666e+00
3.100000000000000000e+01 6.046937572342347522e+00
3.200000000000000000e+01 6.095411769103471933e+00
3.300000000000000000e+01 5.478190502493793801e+00
3.400000000000000000e+01 4.853826044401525763e+00
3.500000000000000000e+01 4.645270074045367181e+00
3.600000000000000000e+01 4.307737847638966500e+00
3.700000000000000000e+01 4.245686209763793073e+00
3.800000000000000000e+01 4.044504365060110906e+00
3.900000000000000000e+01 4.099119507038531118e+00
4.000000000000000000e+01 4.139492633601083327e+00
4.100000000000000000e+01 4.219243619251916932e+00
4.200000000000000000e+01 4.323654554699969843e+00
4.300000000000000000e+01 4.564565463718465388e+00
4.400000000000000000e+01 4.948255184966141584e+00
4.500000000000000000e+01 5.233977230926015523e+00
4.600000000000000000e+01 5.726135737052393537e+00
4.700000000000000000e+01 5.887966828363015992e+00
4.800000000000000000e+01 6.364562863436029616e+00
4.900000000000000000e+01 6.210427690528231182e+00
5.000000000000000000e+01 5.580912720123489379e+00
5.100000000000000000e+01 5.199268255843222164e+00
5.200000000000000000e+01 4.791213646647792146e+00
5.300000000000000000e+01 4.861055991470682791e+00
5.400000000000000000e+01 4.586068087328713183e+00
5.500000000000000000e+01 4.632298081460219485e+00
5.600000000000000000e+01 4.518135555264623626e+00
5.700000000000000000e+01 4.550714257334621315e+00
5.800000000000000000e+01 4.650939431426916570e+00
5.900000000000000000e+01 4.623876886769719974e+00
6.000000000000000000e+01 4.831592998664488547e+00
6.100000000000000000e+01 4.951533020991659484e+00
6.200000000000000000e+01 5.349373356824345116e+00
6.300000000000000000e+01 5.364403581526880238e+00
6.400000000000000000e+01 5.285895761636132839e+00
6.500000000000000000e+01 5.270358163720016975e+00
6.600000000000000000e+01 5.155440979599546836e+00
6.700000000000000000e+01 4.783778422773416139e+00
6.800000000000000000e+01 5.047470875169609350e+00
6.900000000000000000e+01 4.973683684000230976e+00
7.000000000000000000e+01 4.993250484610022966e+00
7.100000000000000000e+01 5.516488905573441848e+00
7.200000000000000000e+01 5.457998746289563385e+00
7.300000000000000000e+01 5.949969554147721773e+00
7.400000000000000000e+01 5.822129813975043255e+00
7.500000000000000000e+01 5.964294772098598152e+00
7.600000000000000000e+01 6.169197799683059813e+00
7.700000000000000000e+01 6.193964925719824599e+00
7.800000000000000000e+01 6.215363843150898404e+00
7.900000000000000000e+01 6.624971664995840115e+00
8.000000000000000000e+01 7.179766289284323477e+00
8.100000000000000000e+01 7.739385111000857798e+00
8.200000000000000000e+01 8.234742007441283818e+00
8.300000000000000000e+01 8.127359929930779714e+00
8.400000000000000000e+01 7.194283084902994396e+00
8.500000000000000000e+01 6.705153515565799971e+00
8.600000000000000000e+01 6.545052908643722134e+00
8.700000000000000000e+01 5.986923538469564932e+00
8.800000000000000000e+01 5.682000577907768246e+00
8.900000000000000000e+01 5.469117357871144947e+00
9.000000000000000000e+01 5.182797686368047607e+00
9.100000000000000000e+01 4.780955002315590008e+00
9.200000000000000000e+01 4.805723351473210059e+00
9.300000000000000000e+01 4.465265448640631796e+00
9.400000000000000000e+01 4.590953739497048325e+00
9.500000000000000000e+01 4.322114472085128334e+00
9.600000000000000000e+01 4.085974549919267673e+00
9.700000000000000000e+01 4.136481714604437698e+00
9.800000000000000000e+01 4.234628006114538046e+00
9.900000000000000000e+01 4.348366207845372422e+00
1.000000000000000000e+02 4.641219213886424555e+00
1.010000000000000000e+02 4.930637274983165064e+00
1.020000000000000000e+02 5.299201357482418828e+00
1.030000000000000000e+02 5.485541178682994179e+00
1.040000000000000000e+02 5.319770176088741920e+00
1.050000000000000000e+02 4.985171721062475747e+00
1.060000000000000000e+02 4.874053150036766091e+00
1.070000000000000000e+02 4.660111800073828192e+00
1.080000000000000000e+02 4.704258684330594242e+00
1.090000000000000000e+02 4.722179561663387481e+00
1.100000000000000000e+02 4.727916377450677388e+00
1.110000000000000000e+02 4.818643003903380517e+00
1.120000000000000000e+02 5.150504561100316181e+00
1.130000000000000000e+02 5.515385557052183252e+00
1.140000000000000000e+02 5.987297116456186785e+00
1.150000000000000000e+02 6.223334608971229365e+00
1.160000000000000000e+02 6.472374307444434649e+00
1.170000000000000000e+02 7.168738987956228215e+00
1.180000000000000000e+02 7.628648550403234196e+00
1.190000000000000000e+02 7.212671023889741129e+00
1.200000000000000000e+02 7.066893585660310784e+00
1.210000000000000000e+02 6.449307687855680982e+00
1.220000000000000000e+02 6.053857852314626697e+00
1.230000000000000000e+02 5.777111368131824243e+00
1.240000000000000000e+02 5.352415841134233077e+00
1.250000000000000000e+02 5.416092501897692202e+00
1.260000000000000000e+02 5.155204420640031593e+00
1.270000000000000000e+02 5.230670079208448620e+00
1.280000000000000000e+02 5.103432566618441690e+00
1.290000000000000000e+02 5.227683970941014557e+00
1.300000000000000000e+02 5.320731333860839740e+00
1.310000000000000000e+02 5.451635237616928364e+00
1.320000000000000000e+02 5.754990689132115200e+00
1.330000000000000000e+02 6.007660895313164495e+00
1.340000000000000000e+02 6.152979007085106922e+00
1.350000000000000000e+02 6.082000417693196326e+00
1.360000000000000000e+02 5.735171899630986836e+00
1.370000000000000000e+02 5.766433110978334220e+00
1.380000000000000000e+02 5.637203127734031760e+00
1.390000000000000000e+02 5.569882664618474699e+00
1.400000000000000000e+02 5.696579181489724419e+00
1.410000000000000000e+02 5.481781163594348527e+00
1.420000000000000000e+02 5.715850433029521227e+00
1.430000000000000000e+02 6.214409624295905488e+00
1.440000000000000000e+02 6.959782540138140128e+00
1.450000000000000000e+02 6.628635769093198959e+00
1.460000000000000000e+02 6.889782317667347833e+00
1.470000000000000000e+02 7.086456746961857789e+00
1.480000000000000000e+02 7.287692150276709135e+00
1.490000000000000000e+02 7.576023517947666264e+00
1.500000000000000000e+02 8.191100647510532795e+00
1.510000000000000000e+02 7.929560165636248215e+00
1.520000000000000000e+02 6.543494374937834479e+00
1.530000000000000000e+02 6.126888096383097171e+00
1.540000000000000000e+02 5.618623236080592775e+00
1.550000000000000000e+02 5.360665268159721109e+00
1.560000000000000000e+02 4.984627669021604035e+00
1.570000000000000000e+02 5.042313094898431380e+00
1.580000000000000000e+02 4.801188451438224369e+00
1.590000000000000000e+02 4.481118680966302392e+00
1.600000000000000000e+02 4.364846056987046197e+00
1.610000000000000000e+02 4.520923499053044026e+00
1.620000000000000000e+02 4.505807933960054967e+00
1.630000000000000000e+02 4.768050894400198025e+00
1.640000000000000000e+02 4.983172413000068524e+00
1.650000000000000000e+02 5.438761956679240228e+00
1.660000000000000000e+02 5.918639195927435814e+00
1.670000000000000000e+02 5.669295403273501677e+00
1.680000000000000000e+02 5.461204801766680994e+00
1.690000000000000000e+02 5.129186038119523339e+00
1.700000000000000000e+02 4.981377558836753039e+00
1.710000000000000000e+02 4.916883958400368293e+00
1.720000000000000000e+02 4.844701328550018893e+00
1.730000000000000000e+02 5.031856536373533473e+00
1.740000000000000000e+02 4.947555996236059350e+00
1.750000000000000000e+02 5.232628604878652112e+00
1.760000000000000000e+02 5.582097976449126087e+00
1.770000000000000000e+02 6.031263782125638961e+00
1.780000000000000000e+02 5.900496746147603666e+00
1.790000000000000000e+02 5.444641821636798440e+00
1.800000000000000000e+02 5.623113836268410104e+00
1.810000000000000000e+02 5.347237026427704265e+00
1.820000000000000000e+02 5.415516011448379352e+00
1.830000000000000000e+02 5.271717238638371938e+00
1.840000000000000000e+02 5.544688807806013919e+00
1.850000000000000000e+02 5.592200231915773756e+00
1.860000000000000000e+02 5.721010169094721931e+00
1.870000000000000000e+02 5.851560674653953242e+00
1.880000000000000000e+02 5.673242557609595949e+00
1.890000000000000000e+02 6.030313710012117134e+00
1.900000000000000000e+02 6.209319126939241151e+00
1.910000000000000000e+02 5.930040511167913309e+00
1.920000000000000000e+02 6.052842206885582499e+00
1.930000000000000000e+02 6.532851474136895931e+00
1.940000000000000000e+02 6.670673800132941977e+00
1.950000000000000000e+02 6.491040957852529658e+00
1.960000000000000000e+02 7.042634545728142292e+00
1.970000000000000000e+02 6.980892031557787369e+00
1.980000000000000000e+02 7.514411841140987036e+00
1.990000000000000000e+02 7.158485173462913131e+00
2.000000000000000000e+02 8.097785286129299820e+00
2.010000000000000000e+02 7.917141859178931540e+00
2.020000000000000000e+02 8.026172486624870928e+00
2.030000000000000000e+02 7.518841058213339146e+00
2.040000000000000000e+02 7.031603911761863834e+00
2.050000000000000000e+02 6.475961293384066231e+00
2.060000000000000000e+02 6.606966543869179809e+00
2.070000000000000000e+02 6.150056486332535322e+00
2.080000000000000000e+02 6.154979745266274449e+00
2.090000000000000000e+02 6.017654872760301643e+00
2.100000000000000000e+02 6.048022552623476322e+00
2.110000000000000000e+02 6.658821698073032813e+00
2.120000000000000000e+02 7.129112820580126630e+00
2.130000000000000000e+02 7.364989051895652672e+00
2.140000000000000000e+02 7.137129960258424610e+00
2.150000000000000000e+02 7.011212267370606099e+00
2.160000000000000000e+02 6.675147305652297192e+00
2.170000000000000000e+02 6.410132750267118595e+00
2.180000000000000000e+02 6.126811441255633817e+00
2.190000000000000000e+02 5.607235754631002322e+00
2.200000000000000000e+02 5.268765244769899603e+00
2.210000000000000000e+02 4.976419187915252174e+00
2.220000000000000000e+02 5.013823659017197620e+00
2.230000000000000000e+02 4.765874603437477042e+00
2.240000000000000000e+02 4.378325514444385114e+00
2.250000000000000000e+02 4.132142646465852387e+00
2.260000000000000000e+02 4.261709698489347886e+00
2.270000000000000000e+02 4.050749207504440008e+00
2.280000000000000000e+02 4.267259921956371826e+00
2.290000000000000000e+02 3.966613222624316482e+00
2.300000000000000000e+02 3.999074729426254304e+00
2.310000000000000000e+02 4.429656579376669789e+00
2.320000000000000000e+02 5.250193356532291133e+00
2.330000000000000000e+02 5.818721512337028834e+00
2.340000000000000000e+02 5.950039420925025802e+00
2.350000000000000000e+02 6.149599312400545692e+00
2.360000000000000000e+02 5.911323145762177766e+00
2.370000000000000000e+02 5.337202324518403707e+00
2.380000000000000000e+02 5.227655783355459995e+00
2.390000000000000000e+02 4.800293207417674957e+00
2.400000000000000000e+02 4.507217513457876912e+00
2.410000000000000000e+02 4.490295561142974456e+00
2.420000000000000000e+02 4.323338024723039297e+00
2.430000000000000000e+02 4.611939110805814757e+00
2.440000000000000000e+02 4.416103180538985207e+00
2.450000000000000000e+02 4.792114262074711029e+00
2.460000000000000000e+02 5.129370041150621340e+00
2.470000000000000000e+02 5.494149460834400145e+00
2.480000000000000000e+02 5.442362961813280720e+00
2.490000000000000000e+02 4.861345604194613479e+00
2.500000000000000000e+02 4.757978264717445782e+00
2.510000000000000000e+02 4.602031526607760270e+00
2.520000000000000000e+02 4.737499258755375031e+00
2.530000000000000000e+02 4.595808307623032718e+00
2.540000000000000000e+02 4.952679205803105944e+00
2.550000000000000000e+02 5.014951188154018524e+00
2.560000000000000000e+02 5.375059819173037212e+00
2.570000000000000000e+02 5.785856342678416198e+00
2.580000000000000000e+02 5.811022786280561903e+00
2.590000000000000000e+02 6.407287694812328738e+00
2.600000000000000000e+02 6.562377992619595979e+00
2.610000000000000000e+02 6.080449650019596142e+00
2.620000000000000000e+02 6.175325396100039832e+00
2.630000000000000000e+02 5.828155253171270367e+00
2.640000000000000000e+02 5.817144654988341657e+00
2.650000000000000000e+02 5.488975682270258005e+00
2.660000000000000000e+02 5.277295917970264760e+00
2.670000000000000000e+02 4.963507427226139690e+00
2.680000000000000000e+02 4.860360431994997121e+00
2.690000000000000000e+02 4.469356893346684068e+00
2.700000000000000000e+02 4.470948660237705319e+00
2.710000000000000000e+02 4.385629437578987933e+00
2.720000000000000000e+02 4.573038248461911870e+00
2.730000000000000000e+02 4.323882211651948637e+00
2.740000000000000000e+02 3.881842514205641415e+00
2.750000000000000000e+02 3.932668305647987861e+00
2.760000000000000000e+02 3.984866433789239437e+00
2.770000000000000000e+02 4.030474019279798092e+00
2.780000000000000000e+02 3.782966252320213218e+00
2.790000000000000000e+02 3.621322504246589080e+00
2.800000000000000000e+02 3.758272460393205172e+00
2.810000000000000000e+02 3.654302847918188490e+00
2.820000000000000000e+02 3.866937172026698288e+00
2.830000000000000000e+02 3.855781933052258470e+00
2.840000000000000000e+02 4.048365802506793898e+00
2.850000000000000000e+02 4.005190998758941134e+00
2.860000000000000000e+02 4.241592172472834932e+00
2.870000000000000000e+02 4.505051121656950208e+00
2.880000000000000000e+02 4.684498574835464169e+00
2.890000000000000000e+02 4.836077842616206546e+00
2.900000000000000000e+02 4.653432863384250773e+00
2.910000000000000000e+02 4.349737970561565525e+00
2.920000000000000000e+02 4.047807536704181253e+00
2.930000000000000000e+02 3.947038913236260438e+00
2.940000000000000000e+02 3.606023332030258377e+00
2.950000000000000000e+02 3.699216764959690096e+00
2.960000000000000000e+02 3.444622094271983848e+00
2.970000000000000000e+02 3.543395377757357245e+00
2.980000000000000000e+02 3.270971302675708348e+00
2.990000000000000000e+02 3.441885660731505148e+00
3.000000000000000000e+02 3.531086052636349226e+00
3.010000000000000000e+02 3.557834886642925909e+00
3.020000000000000000e+02 3.498379630535299434e+00
3.030000000000000000e+02 3.622440970966005924e+00
3.040000000000000000e+02 3.323195253250628589e+00
3.050000000000000000e+02 3.465296561282055876e+00
3.060000000000000000e+02 3.903084741105285804e+00
3.070000000000000000e+02 3.986528524825995401e+00
3.080000000000000000e+02 3.783807074310034935e+00
3.090000000000000000e+02 3.714004356143329133e+00
3.100000000000000000e+02 3.279267936708214481e+00
3.110000000000000000e+02 3.175715066579378298e+00
3.120000000000000000e+02 2.929265077801531003e+00
3.130000000000000000e+02 3.072081737122681400e+00
3.140000000000000000e+02 3.204142359062167156e+00
3.150000000000000000e+02 3.272361044769027671e+00
3.160000000000000000e+02 3.641743101420239270e+00
3.170000000000000000e+02 3.728541219558716424e+00
3.180000000000000000e+02 4.223815927049003882e+00
3.190000000000000000e+02 4.367323711263607855e+00
3.200000000000000000e+02 5.001370612400243054e+00
3.210000000000000000e+02 5.421345729490838927e+00
3.220000000000000000e+02 6.015737141524510889e+00
3.230000000000000000e+02 6.299277100682956210e+00
3.240000000000000000e+02 6.262380375491464868e+00
3.250000000000000000e+02 5.981112208327978408e+00
3.260000000000000000e+02 5.480294536947697637e+00
3.270000000000000000e+02 5.030223306974710873e+00
3.280000000000000000e+02 4.416103902384548086e+00
3.290000000000000000e+02 3.875195760430897973e+00
3.300000000000000000e+02 3.579111984146917891e+00
3.310000000000000000e+02 3.156620837584281247e+00
3.320000000000000000e+02 3.023015154261933901e+00
3.330000000000000000e+02 2.709472032100888939e+00
3.340000000000000000e+02 2.546909710268387084e+00
3.350000000000000000e+02 2.556721986228426946e+00
3.360000000000000000e+02 2.752284857240201443e+00
3.370000000000000000e+02 2.857314134459032928e+00
3.380000000000000000e+02 2.706606788068284253e+00
3.390000000000000000e+02 2.867392362500423619e+00
3.400000000000000000e+02 2.783844084823475118e+00
3.410000000000000000e+02 3.020902253634651480e+00
3.420000000000000000e+02 3.092810989321853832e+00
3.430000000000000000e+02 3.101534720628973396e+00
3.440000000000000000e+02 3.145455806318357972e+00
3.450000000000000000e+02 3.234036209898944136e+00
3.460000000000000000e+02 3.410309111555120065e+00
3.470000000000000000e+02 3.392637802971250061e+00
3.480000000000000000e+02 3.620077186762574950e+00
3.490000000000000000e+02 3.601162503433066320e+00
3.500000000000000000e+02 3.511073549558630713e+00
3.510000000000000000e+02 3.561545501412282100e+00
3.520000000000000000e+02 3.886801305099452097e+00
3.530000000000000000e+02 4.048174876324894811e+00
3.540000000000000000e+02 4.438746152461863659e+00
3.550000000000000000e+02 4.015223343214144869e+00
3.560000000000000000e+02 3.659179452897222351e+00
3.570000000000000000e+02 3.259197858670221049e+00
3.580000000000000000e+02 3.120995948890971317e+00
3.590000000000000000e+02 2.906528328213102697e+00
3.600000000000000000e+02 2.828454994449883131e+00
3.610000000000000000e+02 2.736487773971590709e+00
3.620000000000000000e+02 2.696457772898178895e+00
3.630000000000000000e+02 2.804233431639405971e+00
3.640000000000000000e+02 2.737530625144328766e+00
3.650000000000000000e+02 2.533698657863594494e+00
3.660000000000000000e+02 2.480098396173470388e+00
3.670000000000000000e+02 2.655478726212916474e+00
3.680000000000000000e+02 2.842819198847399864e+00
3.690000000000000000e+02 2.739138027360696892e+00
3.700000000000000000e+02 2.696607857242342643e+00
3.710000000000000000e+02 2.615149209360511762e+00
3.720000000000000000e+02 2.496605229013579841e+00
3.730000000000000000e+02 2.579424021643724085e+00
3.740000000000000000e+02 2.537594727233646985e+00
3.750000000000000000e+02 2.691772259750894403e+00
3.760000000000000000e+02 2.905004354073524642e+00
3.770000000000000000e+02 3.199815070220891400e+00
3.780000000000000000e+02 3.475832958554532670e+00
3.790000000000000000e+02 3.879923001403667193e+00
3.800000000000000000e+02 4.188659557542932177e+00
3.810000000000000000e+02 4.458885696889598016e+00
3.820000000000000000e+02 4.030946347295563115e+00
3.830000000000000000e+02 3.527860332739419125e+00
3.840000000000000000e+02 3.199185222664494344e+00
3.850000000000000000e+02 3.104804222873322583e+00
3.860000000000000000e+02 2.883976637958226785e+00
3.870000000000000000e+02 2.668226641156453471e+00
3.880000000000000000e+02 2.796106877689304326e+00
3.890000000000000000e+02 2.678913745794352153e+00
3.900000000000000000e+02 2.489691434455903352e+00
3.910000000000000000e+02 2.595559979404853834e+00
3.920000000000000000e+02 2.599957610133146968e+00
3.930000000000000000e+02 2.794111130142664212e+00
3.940000000000000000e+02 3.085841982393571659e+00
3.950000000000000000e+02 3.265584963553786135e+00
3.960000000000000000e+02 3.641723992009688438e+00
3.970000000000000000e+02 3.926346153262140870e+00
3.980000000000000000e+02 4.187974319351130958e+00
3.990000000000000000e+02 4.074416837634550426e+00
4.000000000000000000e+02 3.555157263166518256e+00
4.010000000000000000e+02 3.202902040167004749e+00
4.020000000000000000e+02 3.194215825819659127e+00
4.030000000000000000e+02 3.078864287688680257e+00
4.040000000000000000e+02 2.953586540385626069e+00
4.050000000000000000e+02 2.959073116147379334e+00
4.060000000000000000e+02 3.172525334246216300e+00
4.070000000000000000e+02 3.320020140549548859e+00
4.080000000000000000e+02 3.283345326055616908e+00
4.090000000000000000e+02 3.506721048138188745e+00
4.100000000000000000e+02 3.539913482366963571e+00
4.110000000000000000e+02 3.805976772910780515e+00
4.120000000000000000e+02 4.267584726528464323e+00
4.130000000000000000e+02 4.238789993600089900e+00
4.140000000000000000e+02 4.597410469789627641e+00
4.150000000000000000e+02 4.622126899557819080e+00
4.160000000000000000e+02 4.458382318909333897e+00
4.170000000000000000e+02 4.245579323787222137e+00
4.180000000000000000e+02 4.036085451786466827e+00
4.190000000000000000e+02 3.886835636248273218e+00
4.200000000000000000e+02 3.819970326151603146e+00
4.210000000000000000e+02 3.728185628213887881e+00
4.220000000000000000e+02 3.437881684868746568e+00
4.230000000000000000e+02 3.456738743405704195e+00
4.240000000000000000e+02 3.244330911944055096e+00
4.250000000000000000e+02 3.332414763937567859e+00
4.260000000000000000e+02 3.269532107035633128e+00
4.270000000000000000e+02 3.480513554129623710e+00
4.280000000000000000e+02 3.453892216834780537e+00
4.290000000000000000e+02 3.574381075569211141e+00
4.300000000000000000e+02 3.852612846928640700e+00
4.310000000000000000e+02 3.688215057112885109e+00
4.320000000000000000e+02 3.617673714637137827e+00
4.330000000000000000e+02 3.497726145242227247e+00
4.340000000000000000e+02 3.593269273430503397e+00
4.350000000000000000e+02 3.453231025722481196e+00
4.360000000000000000e+02 3.644816987253781448e+00
4.370000000000000000e+02 3.644691834997720647e+00
4.380000000000000000e+02 3.767500107127559339e+00
4.390000000000000000e+02 4.032187713894753500e+00
4.400000000000000000e+02 3.843280340937102579e+00
4.410000000000000000e+02 3.953343303421083643e+00
4.420000000000000000e+02 3.731350506296731595e+00
4.430000000000000000e+02 3.572267547846975422e+00
4.440000000000000000e+02 3.508674915203427780e+00
4.450000000000000000e+02 3.328375594433738538e+00
4.460000000000000000e+02 3.293212482288107257e+00
4.470000000000000000e+02 3.134262922431224840e+00
4.480000000000000000e+02 3.215570152059642695e+00
4.490000000000000000e+02 3.255656339522384091e+00
4.500000000000000000e+02 3.532403537989145192e+00
4.510000000000000000e+02 3.550688033532065191e+00
4.520000000000000000e+02 3.250668811462168240e+00
4.530000000000000000e+02 3.361691111139677446e+00
4.540000000000000000e+02 3.576847619374631915e+00
4.550000000000000000e+02 4.049905717882104739e+00
4.560000000000000000e+02 4.314441346072617200e+00
4.570000000000000000e+02 5.080347914777568086e+00
4.580000000000000000e+02 4.865650479058066580e+00
4.590000000000000000e+02 4.593182799019464468e+00
4.600000000000000000e+02 4.914767218705532237e+00
4.610000000000000000e+02 4.753692360800926053e+00
4.620000000000000000e+02 5.128821992128588469e+00
4.630000000000000000e+02 5.300004894574433578e+00
4.640000000000000000e+02 6.088887132580847350e+00
4.650000000000000000e+02 6.970170768737983913e+00
4.660000000000000000e+02 6.497864873108730954e+00
4.670000000000000000e+02 6.119457896295858568e+00
4.680000000000000000e+02 5.615618755270323170e+00
4.690000000000000000e+02 4.974461642353252167e+00
4.700000000000000000e+02 4.589333955747583182e+00
4.710000000000000000e+02 4.184242615278724209e+00
4.720000000000000000e+02 4.070048620306329745e+00
4.730000000000000000e+02 3.773132495093570071e+00
4.740000000000000000e+02 3.779862390700905017e+00
4.750000000000000000e+02 3.537986902818540891e+00
4.760000000000000000e+02 3.628949528541256520e+00
4.770000000000000000e+02 3.553358239976213806e+00
4.780000000000000000e+02 3.768609483588253983e+00
4.790000000000000000e+02 3.793011211891865742e+00
4.800000000000000000e+02 4.038731459923408096e+00
4.810000000000000000e+02 4.159316559886602427e+00
4.820000000000000000e+02 4.412982453787567039e+00
4.830000000000000000e+02 4.351960896215887331e+00
4.840000000000000000e+02 4.813199895456413913e+00
4.850000000000000000e+02 5.397683622414266580e+00
4.860000000000000000e+02 5.707486852438043101e+00
4.870000000000000000e+02 5.268379760941805046e+00
4.880000000000000000e+02 5.471297091119461165e+00
4.890000000000000000e+02 5.615348946135407360e+00
4.900000000000000000e+02 5.191695960863467185e+00
4.910000000000000000e+02 4.603021874449385820e+00
4.920000000000000000e+02 4.454605095513646695e+00
4.930000000000000000e+02 3.968378676446502329e+00
4.940000000000000000e+02 3.856746350231118559e+00
4.950000000000000000e+02 3.620833170611202245e+00
4.960000000000000000e+02 3.484278008464500420e+00
4.970000000000000000e+02 3.342454105163562783e+00
4.980000000000000000e+02 3.246337381074195783e+00
4.990000000000000000e+02 3.280000371407961968e+00
5.000000000000000000e+02 3.166830077437428947e+00
5.010000000000000000e+02 2.936305229066018097e+00
5.020000000000000000e+02 2.976989244707329174e+00
5.030000000000000000e+02 3.317945620461896894e+00
5.040000000000000000e+02 3.333456267592024513e+00
5.050000000000000000e+02 3.340486681597192309e+00
5.060000000000000000e+02 3.657199510466024872e+00
5.070000000000000000e+02 3.603986165511653628e+00
5.080000000000000000e+02 3.941122313059462812e+00
5.090000000000000000e+02 3.757049679320927815e+00
5.100000000000000000e+02 3.859688971624901654e+00
5.110000000000000000e+02 3.800259281137506662e+00
5.120000000000000000e+02 4.064727214576480563e+00
5.130000000000000000e+02 4.183908285591787291e+00
5.140000000000000000e+02 4.646510301002681587e+00
5.150000000000000000e+02 5.050386752807828117e+00
5.160000000000000000e+02 4.918929981122513340e+00
5.170000000000000000e+02 4.754105927660053688e+00
5.180000000000000000e+02 4.388409222973645107e+00
5.190000000000000000e+02 3.854543884795089248e+00
5.200000000000000000e+02 3.817802241003390940e+00
5.210000000000000000e+02 3.993628875754050345e+00
5.220000000000000000e+02 4.078435231029875041e+00
5.230000000000000000e+02 4.283952251140211942e+00
5.240000000000000000e+02 4.463516708899955887e+00
5.250000000000000000e+02 4.454055385421815672e+00
5.260000000000000000e+02 4.762651003685079765e+00
5.270000000000000000e+02 4.595634786901019453e+00
5.280000000000000000e+02 5.068555064897830142e+00
5.290000000000000000e+02 4.986650643698056662e+00
5.300000000000000000e+02 5.221863515123516208e+00
5.310000000000000000e+02 4.924708330750863006e+00
5.320000000000000000e+02 4.947685445611456956e+00
5.330000000000000000e+02 4.526811708654124189e+00
5.340000000000000000e+02 4.470515187218420117e+00
5.350000000000000000e+02 4.204406867091289079e+00
5.360000000000000000e+02 4.190239820232107171e+00
5.370000000000000000e+02 4.102596574338779334e+00
5.380000000000000000e+02 4.101621703220770243e+00
5.390000000000000000e+02 4.160283735144070683e+00
5.400000000000000000e+02 3.989056245385958821e+00
5.410000000000000000e+02 4.130823595220958211e+00
5.420000000000000000e+02 4.035926646852272981e+00
5.430000000000000000e+02 4.338158873088938883e+00
5.440000000000000000e+02 4.551814603397443371e+00
5.450000000000000000e+02 4.700206263807257479e+00
5.460000000000000000e+02 4.690782957834342959e+00
5.470000000000000000e+02 5.171812126801795806e+00
5.480000000000000000e+02 4.405278276556936490e+00
5.490000000000000000e+02 4.397596412118229381e+00
5.500000000000000000e+02 3.555757213261748984e+00
5.510000000000000000e+02 3.326055054853060522e+00
5.520000000000000000e+02 3.208078817270328731e+00
5.530000000000000000e+02 3.352913383058605756e+00
5.540000000000000000e+02 3.159439850864577348e+00
5.550000000000000000e+02 3.131688510020331329e+00
5.560000000000000000e+02 2.861343497028610017e+00
5.570000000000000000e+02 2.925047862926193343e+00
5.580000000000000000e+02 2.808598275628655383e+00
5.590000000000000000e+02 2.949554758888922379e+00
5.600000000000000000e+02 2.932770237384881185e+00
5.610000000000000000e+02 3.201217334789528746e+00
5.620000000000000000e+02 3.294170754458166872e+00
5.630000000000000000e+02 3.602790429947151818e+00
5.640000000000000000e+02 4.040861849793183858e+00
5.650000000000000000e+02 4.397494716265661019e+00
5.660000000000000000e+02 5.735624337467012168e+00
5.670000000000000000e+02 6.450360903844247318e+00
5.680000000000000000e+02 7.380181358361778798e+00
5.690000000000000000e+02 7.429970515984655854e+00
5.700000000000000000e+02 7.354288709330893958e+00
5.710000000000000000e+02 6.790703894404820140e+00
5.720000000000000000e+02 6.444348288377860889e+00
5.730000000000000000e+02 5.397552523188778650e+00
5.740000000000000000e+02 4.414420548388914511e+00
5.750000000000000000e+02 4.250732753674070885e+00
5.760000000000000000e+02 4.121204189628088876e+00
5.770000000000000000e+02 3.670039292513652462e+00
5.780000000000000000e+02 3.525083982308613972e+00
5.790000000000000000e+02 3.402494714084455030e+00
5.800000000000000000e+02 3.281956964282757738e+00
5.810000000000000000e+02 3.416377742362167069e+00
5.820000000000000000e+02 3.146044549191783446e+00
5.830000000000000000e+02 2.814346920889403414e+00
5.840000000000000000e+02 2.815877755445660657e+00
5.850000000000000000e+02 2.693195237901319761e+00
5.860000000000000000e+02 2.649296640113328660e+00
5.870000000000000000e+02 2.646181233800793731e+00
5.880000000000000000e+02 2.739865474647281918e+00
5.890000000000000000e+02 2.796874764072576625e+00
5.900000000000000000e+02 2.984547076488449857e+00
5.910000000000000000e+02 3.078449696675503500e+00
5.920000000000000000e+02 3.398066856501517741e+00
5.930000000000000000e+02 3.921151072211404909e+00
5.940000000000000000e+02 4.475705280095640504e+00
5.950000000000000000e+02 5.373806046220799715e+00
5.960000000000000000e+02 5.323202812480843704e+00
5.970000000000000000e+02 6.146011950156421655e+00
5.980000000000000000e+02 5.915013951836814776e+00
5.990000000000000000e+02 5.282151217658360487e+00
6.000000000000000000e+02 4.895801500791991501e+00
6.010000000000000000e+02 4.196412202192175478e+00
6.020000000000000000e+02 3.748235625008642380e+00
6.030000000000000000e+02 3.686532151020512238e+00
6.040000000000000000e+02 3.463577245670169003e+00
6.050000000000000000e+02 3.588376261082736551e+00
6.060000000000000000e+02 3.368570067002396140e+00
6.070000000000000000e+02 3.455687788680551265e+00
6.080000000000000000e+02 3.341184704214327894e+00
6.090000000000000000e+02 3.498649709546222120e+00
6.100000000000000000e+02 3.458166014602085614e+00
6.110000000000000000e+02 3.658443484434965587e+00
6.120000000000000000e+02 3.683971671033911210e+00
6.130000000000000000e+02 3.844978301934497633e+00
6.140000000000000000e+02 3.812436668163860620e+00
6.150000000000000000e+02 4.029464694804420155e+00
6.160000000000000000e+02 4.035879586628902338e+00
6.170000000000000000e+02 3.922205409776534424e+00
6.180000000000000000e+02 3.996596377717329673e+00
6.190000000000000000e+02 4.056299813649874686e+00
6.200000000000000000e+02 4.114002646622425985e+00
6.210000000000000000e+02 3.930246827162498846e+00
6.220000000000000000e+02 3.706143237356961162e+00
6.230000000000000000e+02 3.571669371987088670e+00
6.240000000000000000e+02 3.403299750879194008e+00
6.250000000000000000e+02 3.348868237623920496e+00
6.260000000000000000e+02 3.192825397513185948e+00
6.270000000000000000e+02 3.206258661169983704e+00
6.280000000000000000e+02 3.192818919348042961e+00
6.290000000000000000e+02 3.128950612874720871e+00
6.300000000000000000e+02 3.218953140265354840e+00
6.310000000000000000e+02 3.113487773941836956e+00
6.320000000000000000e+02 3.256530199932936576e+00
6.330000000000000000e+02 3.311854579588529912e+00
6.340000000000000000e+02 3.642088885600335058e+00
6.350000000000000000e+02 3.639095758601226471e+00
6.360000000000000000e+02 3.510560872638579522e+00
6.370000000000000000e+02 3.241502781446405024e+00
6.380000000000000000e+02 3.077645509499057574e+00
6.390000000000000000e+02 2.976910811395407030e+00
6.400000000000000000e+02 2.846141527935498683e+00
6.410000000000000000e+02 2.856669901261323030e+00
6.420000000000000000e+02 2.799029167419724740e+00
6.430000000000000000e+02 2.861819182533734018e+00
6.440000000000000000e+02 2.964495905560170730e+00
6.450000000000000000e+02 3.039189372055810967e+00
6.460000000000000000e+02 3.225124486320674055e+00
6.470000000000000000e+02 3.274834501289220601e+00
6.480000000000000000e+02 3.466173311201701690e+00
6.490000000000000000e+02 3.543220148497368882e+00
6.500000000000000000e+02 3.639381411809840206e+00
6.510000000000000000e+02 3.374229115801524959e+00
6.520000000000000000e+02 3.262344984831114125e+00
6.530000000000000000e+02 3.045323759901506833e+00
6.540000000000000000e+02 3.051697726387869292e+00
6.550000000000000000e+02 2.880655186782286936e+00
6.560000000000000000e+02 2.700556485672577445e+00
6.570000000000000000e+02 2.756708745928677651e+00
6.580000000000000000e+02 2.715153596606489916e+00
6.590000000000000000e+02 3.435099857330810025e+00
6.600000000000000000e+02 3.277161200635156924e+00
6.610000000000000000e+02 3.273144320461343071e+00
6.620000000000000000e+02 3.255432829150317620e+00
6.630000000000000000e+02 2.921520854496788111e+00
6.640000000000000000e+02 2.710560802539669467e+00
6.650000000000000000e+02 2.559646184278311143e+00
6.660000000000000000e+02 2.535700303402111278e+00
6.670000000000000000e+02 2.482791531089415749e+00
6.680000000000000000e+02 2.586062320787471780e+00
6.690000000000000000e+02 2.709848365857328467e+00
6.700000000000000000e+02 2.916631923679446015e+00
6.710000000000000000e+02 3.144034935017021137e+00
6.720000000000000000e+02 3.512533528401763139e+00
6.730000000000000000e+02 3.973934259103015343e+00
6.740000000000000000e+02 4.501384376488710259e+00
6.750000000000000000e+02 4.412355180936590848e+00
6.760000000000000000e+02 3.889933243891700254e+00
6.770000000000000000e+02 3.401452842759582929e+00
6.780000000000000000e+02 3.097339410220790956e+00
6.790000000000000000e+02 2.874499447448374490e+00
6.800000000000000000e+02 2.756621191571334339e+00
6.810000000000000000e+02 2.648283355275626860e+00
6.820000000000000000e+02 2.594124100534640931e+00
6.830000000000000000e+02 2.724175891602348631e+00
6.840000000000000000e+02 2.744980825202966823e+00
6.850000000000000000e+02 2.789980529967195366e+00
6.860000000000000000e+02 2.886139285787773012e+00
6.870000000000000000e+02 2.902543023881272610e+00
6.880000000000000000e+02 3.111446854831096509e+00
6.890000000000000000e+02 3.428899246125014955e+00
6.900000000000000000e+02 3.623256452338821987e+00
6.910000000000000000e+02 3.325440200597891582e+00
6.920000000000000000e+02 3.296019416375287836e+00
6.930000000000000000e+02 2.976880789853423970e+00
6.940000000000000000e+02 3.063352789420036970e+00
6.950000000000000000e+02 2.879064340291840551e+00
6.960000000000000000e+02 2.916958201519304072e+00
6.970000000000000000e+02 2.901516623637487857e+00
6.980000000000000000e+02 3.007494670825014538e+00
6.990000000000000000e+02 3.145417850417112415e+00
7.000000000000000000e+02 3.345242152445511596e+00
7.010000000000000000e+02 3.477267577926558495e+00
7.020000000000000000e+02 3.656024749569567245e+00
7.030000000000000000e+02 3.870810802425181496e+00
7.040000000000000000e+02 4.103512183964901361e+00
7.050000000000000000e+02 4.239212683567706641e+00
7.060000000000000000e+02 4.383663510529539842e+00
7.070000000000000000e+02 4.563593305850284665e+00
7.080000000000000000e+02 4.335131234199671724e+00
7.090000000000000000e+02 4.311418583353295197e+00
7.100000000000000000e+02 4.047959608725519409e+00
7.110000000000000000e+02 3.776154229093362069e+00
7.120000000000000000e+02 3.667924039752556542e+00
7.130000000000000000e+02 3.402227205591217274e+00
7.140000000000000000e+02 3.403234249432524283e+00
7.150000000000000000e+02 3.252326545340996411e+00
7.160000000000000000e+02 3.220475691511823335e+00
7.170000000000000000e+02 3.080213219171926031e+00
7.180000000000000000e+02 3.072649971018312165e+00
7.190000000000000000e+02 3.051621880478302629e+00
7.200000000000000000e+02 3.141004906168660682e+00
7.210000000000000000e+02 3.314563071358909152e+00
7.220000000000000000e+02 3.584155644738577617e+00
7.230000000000000000e+02 3.708972578233817430e+00
7.240000000000000000e+02 3.638312107666148432e+00
7.250000000000000000e+02 3.382488089256404873e+00
7.260000000000000000e+02 3.361259545017982742e+00
7.270000000000000000e+02 3.429814767881606219e+00
7.280000000000000000e+02 3.670250967698108546e+00
7.290000000000000000e+02 3.590275260826547576e+00
7.300000000000000000e+02 3.598519758239703048e+00
7.310000000000000000e+02 3.648011929896230132e+00
7.320000000000000000e+02 3.640471711423472367e+00
7.330000000000000000e+02 3.798850530080169818e+00
7.340000000000000000e+02 3.815576702111620921e+00
7.350000000000000000e+02 4.056898463975541880e+00
7.360000000000000000e+02 4.074460014359998716e+00
7.370000000000000000e+02 4.206202723587566972e+00
7.380000000000000000e+02 4.267681744518172948e+00
7.390000000000000000e+02 4.232783051538712371e+00
7.400000000000000000e+02 4.319904959341733353e+00
7.410000000000000000e+02 4.327457088958909459e+00
7.420000000000000000e+02 4.494811411097696663e+00
7.430000000000000000e+02 4.586437966796535370e+00
7.440000000000000000e+02 4.774977252406235273e+00
7.450000000000000000e+02 4.999418541522469006e+00
7.460000000000000000e+02 5.261348572452500427e+00
7.470000000000000000e+02 5.332786595656011208e+00
7.480000000000000000e+02 5.618378044090142076e+00
7.490000000000000000e+02 5.939728927953722426e+00
7.500000000000000000e+02 6.300224593518158223e+00
7.510000000000000000e+02 6.454231208001209197e+00
7.520000000000000000e+02 6.529598823832110988e+00
7.530000000000000000e+02 6.585190582225281197e+00
7.540000000000000000e+02 6.863282175982409861e+00
7.550000000000000000e+02 7.064367257627502283e+00
7.560000000000000000e+02 7.297624347701527014e+00
7.570000000000000000e+02 7.491266097057430962e+00
7.580000000000000000e+02 7.841043997233278162e+00
7.590000000000000000e+02 8.273750369326689835e+00
7.600000000000000000e+02 8.087147495123650387e+00
7.610000000000000000e+02 8.397064709319549181e+00
7.620000000000000000e+02 8.384031394427021056e+00
7.630000000000000000e+02 8.440049317516802319e+00
7.640000000000000000e+02 8.639653573632399386e+00
7.650000000000000000e+02 8.251362676740219726e+00
7.660000000000000000e+02 8.040867560875600617e+00
7.670000000000000000e+02 8.089066062101771593e+00
7.680000000000000000e+02 7.820291024253291923e+00
7.690000000000000000e+02 7.459040800544131322e+00
7.700000000000000000e+02 7.724656882311597528e+00
7.710000000000000000e+02 7.886958566178358332e+00
7.720000000000000000e+02 7.540273183088112674e+00
7.730000000000000000e+02 7.313768382715506888e+00
7.740000000000000000e+02 6.981180709733322054e+00
7.750000000000000000e+02 6.752537765996858177e+00
7.760000000000000000e+02 6.415896625061061620e+00
7.770000000000000000e+02 6.150747784635184345e+00
7.780000000000000000e+02 5.836632327472208281e+00
7.790000000000000000e+02 5.511809036455002975e+00
7.800000000000000000e+02 5.303994896115233004e+00
7.810000000000000000e+02 5.018053829336622584e+00
7.820000000000000000e+02 4.799718853306591093e+00
7.830000000000000000e+02 4.595435945334108041e+00
7.840000000000000000e+02 4.431678273892258879e+00
7.850000000000000000e+02 4.232402911374197885e+00
7.860000000000000000e+02 4.145620274048100740e+00
7.870000000000000000e+02 4.074375565309056313e+00
7.880000000000000000e+02 4.202316040918671725e+00
7.890000000000000000e+02 4.411632037762391434e+00
7.900000000000000000e+02 4.527576557465064155e+00
7.910000000000000000e+02 4.678131568114010541e+00
7.920000000000000000e+02 4.849288913660284805e+00
7.930000000000000000e+02 4.898846878043833897e+00
7.940000000000000000e+02 5.150108897403995023e+00
7.950000000000000000e+02 5.199390749387226229e+00
7.960000000000000000e+02 5.504664614182973814e+00
7.970000000000000000e+02 5.607061009690504250e+00
7.980000000000000000e+02 5.895487196389361806e+00
7.990000000000000000e+02 6.117402130610655853e+00
8.000000000000000000e+02 6.419889740832534386e+00
8.010000000000000000e+02 6.677846519465314934e+00
8.020000000000000000e+02 7.023725383065904992e+00
8.030000000000000000e+02 7.224117817983920276e+00
8.040000000000000000e+02 7.575917598730676161e+00
8.050000000000000000e+02 7.703791822294031810e+00
8.060000000000000000e+02 7.548217539391580466e+00
8.070000000000000000e+02 7.222097722395128372e+00
8.080000000000000000e+02 6.916960678411011365e+00
8.090000000000000000e+02 6.695216138413848661e+00
8.100000000000000000e+02 6.832639791235331828e+00
8.110000000000000000e+02 6.595545308453115929e+00
8.120000000000000000e+02 6.754706624486959576e+00
8.130000000000000000e+02 6.503914322879518650e+00
8.140000000000000000e+02 6.146120311532263791e+00
8.150000000000000000e+02 5.970868787326356397e+00
8.160000000000000000e+02 5.640731401829019553e+00
8.170000000000000000e+02 5.471492987670155905e+00
8.180000000000000000e+02 5.264100267063532179e+00
8.190000000000000000e+02 5.235311051613786404e+00
8.200000000000000000e+02 5.330168384511658530e+00
8.210000000000000000e+02 5.597606958938500910e+00
8.220000000000000000e+02 5.736310691097637360e+00
8.230000000000000000e+02 6.048642439541453975e+00
8.240000000000000000e+02 6.305722693993718764e+00
8.250000000000000000e+02 6.694477582897064849e+00
8.260000000000000000e+02 6.980870967193025578e+00
8.270000000000000000e+02 7.165083084667502433e+00
8.280000000000000000e+02 6.906481928367020906e+00
8.290000000000000000e+02 7.122903534179727103e+00
8.300000000000000000e+02 7.454224978639033772e+00
8.310000000000000000e+02 7.718354096948720766e+00
8.320000000000000000e+02 7.683329544706481329e+00
8.330000000000000000e+02 7.610830760653423788e+00
8.340000000000000000e+02 7.696573090451605204e+00
8.350000000000000000e+02 7.848546190927628174e+00
8.360000000000000000e+02 8.794027023916171970e+00
8.370000000000000000e+02 1.038335717925913038e+01
8.380000000000000000e+02 1.205332901995969586e+01
8.390000000000000000e+02 1.328717920105452066e+01
8.400000000000000000e+02 1.209592731749985361e+01
8.410000000000000000e+02 1.252899893495803241e+01
8.420000000000000000e+02 1.281028606885037036e+01
8.430000000000000000e+02 1.286665815357312503e+01
8.440000000000000000e+02 1.218781376332336919e+01
8.450000000000000000e+02 1.127653151413155364e+01
8.460000000000000000e+02 1.057690894457154940e+01
8.470000000000000000e+02 1.003820085507546267e+01
8.480000000000000000e+02 1.026794906042334610e+01
8.490000000000000000e+02 9.979568157988222055e+00
8.500000000000000000e+02 9.794342809274024120e+00
8.510000000000000000e+02 1.022915369760479720e+01
8.520000000000000000e+02 1.035741081250566964e+01
8.530000000000000000e+02 9.850319170139030689e+00
8.540000000000000000e+02 9.735508724171690886e+00
8.550000000000000000e+02 1.036079239899863680e+01
8.560000000000000000e+02 1.126490433449916573e+01
8.570000000000000000e+02 1.111130006087468658e+01
8.580000000000000000e+02 1.155184932662139197e+01
8.590000000000000000e+02 1.126944142702241614e+01
8.600000000000000000e+02 1.060738338061339192e+01
8.610000000000000000e+02 1.038066199911083309e+01
8.620000000000000000e+02 1.031109621792346154e+01
8.630000000000000000e+02 1.027869009974584635e+01
8.640000000000000000e+02 1.045950871311789498e+01
8.650000000000000000e+02 9.563310596683942677e+00
8.660000000000000000e+02 9.102426242022664482e+00
8.670000000000000000e+02 8.113369138580384998e+00
8.680000000000000000e+02 7.822559890402743576e+00
8.690000000000000000e+02 7.141277416198141381e+00
8.700000000000000000e+02 7.010891349246539228e+00
8.710000000000000000e+02 6.662371988339749862e+00
8.720000000000000000e+02 6.632732071595999201e+00
8.730000000000000000e+02 6.374044698256907004e+00
8.740000000000000000e+02 6.432570584118004753e+00
8.750000000000000000e+02 6.769326672223800578e+00
8.760000000000000000e+02 6.960571139116919603e+00
8.770000000000000000e+02 6.873503065134104695e+00
8.780000000000000000e+02 6.905733977526014478e+00
8.790000000000000000e+02 6.569784184541864747e+00
8.800000000000000000e+02 6.443115436052369915e+00
8.810000000000000000e+02 6.178293094631889915e+00
8.820000000000000000e+02 5.943874548526583368e+00
8.830000000000000000e+02 5.700662470144146177e+00
8.840000000000000000e+02 5.471069024715568219e+00
8.850000000000000000e+02 5.316649470786603437e+00
8.860000000000000000e+02 5.064812927505504270e+00
8.870000000000000000e+02 5.011254931517745703e+00
8.880000000000000000e+02 4.777847104106974996e+00
8.890000000000000000e+02 4.680240750396623461e+00
8.900000000000000000e+02 4.595311533323877207e+00
8.910000000000000000e+02 4.479801204696304495e+00
8.920000000000000000e+02 4.777231401798706756e+00
8.930000000000000000e+02 4.812885529056348588e+00
8.940000000000000000e+02 4.893060437981157307e+00
8.950000000000000000e+02 4.997207492677474328e+00
8.960000000000000000e+02 5.231648436836684901e+00
8.970000000000000000e+02 5.460447497181048604e+00
8.980000000000000000e+02 5.728666244895539883e+00
8.990000000000000000e+02 6.012410013002405407e+00
9.000000000000000000e+02 6.344386241686126304e+00
9.010000000000000000e+02 6.547875042061575002e+00
9.020000000000000000e+02 6.846251235497298637e+00
9.030000000000000000e+02 6.903636394890552808e+00
9.040000000000000000e+02 7.239251350984811317e+00
9.050000000000000000e+02 7.466407390115786136e+00
9.060000000000000000e+02 7.767233313068251377e+00
9.070000000000000000e+02 7.563206339255918564e+00
9.080000000000000000e+02 7.481246702842370588e+00
9.090000000000000000e+02 7.864800263984890627e+00
9.100000000000000000e+02 8.183991954434475247e+00
9.110000000000000000e+02 8.484005131845236747e+00
9.120000000000000000e+02 8.377509118530122478e+00
9.130000000000000000e+02 8.349397319463445655e+00
9.140000000000000000e+02 8.236794753654075762e+00
9.150000000000000000e+02 7.922366181536365737e+00
9.160000000000000000e+02 7.446934199306554092e+00
9.170000000000000000e+02 7.055047184726244147e+00
9.180000000000000000e+02 6.832461883823883753e+00
9.190000000000000000e+02 6.482713996561565217e+00
9.200000000000000000e+02 6.334362691148943902e+00
9.210000000000000000e+02 6.038962085421417214e+00
9.220000000000000000e+02 5.802629583611158104e+00
9.230000000000000000e+02 5.555021651975905250e+00
9.240000000000000000e+02 5.336711126646462411e+00
9.250000000000000000e+02 5.239848895959661412e+00
9.260000000000000000e+02 5.036575954069854255e+00
9.270000000000000000e+02 4.991589003396470936e+00
9.280000000000000000e+02 4.799413381340881912e+00
9.290000000000000000e+02 4.931272309285720468e+00
9.300000000000000000e+02 4.756663941798070283e+00
9.310000000000000000e+02 4.542087848959305951e+00
9.320000000000000000e+02 4.563364670700531533e+00
9.330000000000000000e+02 4.483476262802765788e+00
9.340000000000000000e+02 4.771358729333396553e+00
9.350000000000000000e+02 4.693864968924554404e+00
9.360000000000000000e+02 4.515529867668883313e+00
9.370000000000000000e+02 4.671241103849938625e+00
9.380000000000000000e+02 4.625079324390664937e+00
9.390000000000000000e+02 4.849775250153339101e+00
9.400000000000000000e+02 4.952185202919141993e+00
9.410000000000000000e+02 4.706980083113094793e+00
9.420000000000000000e+02 4.910277350606548019e+00
9.430000000000000000e+02 4.894134614337850131e+00
9.440000000000000000e+02 5.077429847682567221e+00
9.450000000000000000e+02 5.125931989318622151e+00
9.460000000000000000e+02 5.382500041133973845e+00
9.470000000000000000e+02 5.531512552550148953e+00
9.480000000000000000e+02 5.880265038684775902e+00
9.490000000000000000e+02 6.136900279183965523e+00
9.500000000000000000e+02 6.418371314668720906e+00
9.510000000000000000e+02 6.714236157195291099e+00
9.520000000000000000e+02 6.912053330274378737e+00
9.530000000000000000e+02 7.190296283300098068e+00
9.540000000000000000e+02 7.090667995430164794e+00
9.550000000000000000e+02 6.870783499201191802e+00
9.560000000000000000e+02 6.575462789688448773e+00
9.570000000000000000e+02 6.428111753676520657e+00
9.580000000000000000e+02 6.087163381558714725e+00
9.590000000000000000e+02 5.840823836413712833e+00
9.600000000000000000e+02 5.834982842922255664e+00
9.610000000000000000e+02 5.957017094240869781e+00
9.620000000000000000e+02 6.037442592266922148e+00
9.630000000000000000e+02 6.268625675478988413e+00
9.640000000000000000e+02 5.978680292651691985e+00
9.650000000000000000e+02 5.669336732287352909e+00
9.660000000000000000e+02 6.043323219029552718e+00
9.670000000000000000e+02 6.166280597443018152e+00
9.680000000000000000e+02 5.851294830953649218e+00
9.690000000000000000e+02 5.830560505117463599e+00
9.700000000000000000e+02 6.249916207518091404e+00
9.710000000000000000e+02 6.357616831562209470e+00
9.720000000000000000e+02 6.096557807121752326e+00
9.730000000000000000e+02 6.334419032473217470e+00
9.740000000000000000e+02 6.751798031515156673e+00
9.750000000000000000e+02 6.749641230498053091e+00
9.760000000000000000e+02 6.679963470345321674e+00
9.770000000000000000e+02 7.083383889860241922e+00
9.780000000000000000e+02 7.345241229593493237e+00
9.790000000000000000e+02 7.371515444905296199e+00
9.800000000000000000e+02 7.565371676750759278e+00
9.810000000000000000e+02 7.913713114177935104e+00
9.820000000000000000e+02 8.202938392031912329e+00
9.830000000000000000e+02 8.283030969642227959e+00
9.840000000000000000e+02 8.567369766867212633e+00
9.850000000000000000e+02 9.008086723591912204e+00
9.860000000000000000e+02 9.251450153724977810e+00
9.870000000000000000e+02 9.278356245150149562e+00
9.880000000000000000e+02 9.607708659145851371e+00
9.890000000000000000e+02 1.008980320287952814e+01
9.900000000000000000e+02 1.037569767942059329e+01
9.910000000000000000e+02 1.047206862474521571e+01
9.920000000000000000e+02 1.116833847984232087e+01
9.930000000000000000e+02 1.197532408576892315e+01
9.940000000000000000e+02 1.288728828828564410e+01
9.950000000000000000e+02 1.325193264363243273e+01
9.960000000000000000e+02 1.476402737077891736e+01
9.970000000000000000e+02 1.554624523494326738e+01
9.980000000000000000e+02 1.505319165564634432e+01
9.990000000000000000e+02 1.520419752239409306e+01
1.000000000000000000e+03 1.522213296993712461e+01
1.001000000000000000e+03 1.562525228808509503e+01
1.002000000000000000e+03 1.569595151121430021e+01
1.003000000000000000e+03 1.535051786755527914e+01
1.004000000000000000e+03 1.551593140547553773e+01
1.005000000000000000e+03 1.595215866989249420e+01
1.006000000000000000e+03 1.592405639305730247e+01
1.007000000000000000e+03 1.522502998079066572e+01
1.008000000000000000e+03 1.515354672588693852e+01
1.009000000000000000e+03 1.542017278875283992e+01
1.010000000000000000e+03 1.580592920884787489e+01
1.011000000000000000e+03 1.654688799781485997e+01
1.012000000000000000e+03 1.737010080551466018e+01
1.013000000000000000e+03 1.847625013475991906e+01
1.014000000000000000e+03 1.913767752164825353e+01
1.015000000000000000e+03 2.002622517348201470e+01
1.016000000000000000e+03 2.127060522478122806e+01
1.017000000000000000e+03 2.288187203811326853e+01
1.018000000000000000e+03 2.425504566936939810e+01
1.000000000000000000e+00 6.257766005522529262e+00
2.000000000000000000e+00 5.156966294540836770e+00
3.000000000000000000e+00 4.378875754579514279e+00
4.000000000000000000e+00 4.000786945260512262e+00
5.000000000000000000e+00 3.718550987958053611e+00
6.000000000000000000e+00 3.817412390101306396e+00
7.000000000000000000e+00 3.829359190979046090e+00
8.000000000000000000e+00 3.646003438221331994e+00
9.000000000000000000e+00 3.616412712024204446e+00
1.000000000000000000e+01 3.729477495574621049e+00
1.100000000000000000e+01 3.561304772107051875e+00
1.200000000000000000e+01 3.521897302058784707e+00
1.300000000000000000e+01 3.657895068006259187e+00
1.400000000000000000e+01 3.687973676213947449e+00
1.500000000000000000e+01 3.490155255587797267e+00
1.600000000000000000e+01 3.524567816691253519e+00
1.700000000000000000e+01 3.732758859052449640e+00
1.800000000000000000e+01 3.786189737384834331e+00
1.900000000000000000e+01 3.769728127709583987e+00
2.000000000000000000e+01 3.951750080643401830e+00
2.100000000000000000e+01 4.203468327619622080e+00
2.200000000000000000e+01 4.230410419569778924e+00
2.300000000000000000e+01 3.916515207733582749e+00
2.400000000000000000e+01 4.049553041651717145e+00
2.500000000000000000e+01 3.927403338475033312e+00
2.600000000000000000e+01 4.306294613175952080e+00
2.700000000000000000e+01 4.482055494771806536e+00
2.800000000000000000e+01 5.108485396391052369e+00
2.900000000000000000e+01 5.568838880127839452e+00
3.000000000000000000e+01 6.361985057091667173e+00
3.100000000000000000e+01 5.698820891076493922e+00
3.200000000000000000e+01 5.622489174414091018e+00
3.300000000000000000e+01 5.003565887143931690e+00
3.400000000000000000e+01 4.386084263503873260e+00
3.500000000000000000e+01 4.205107404635661794e+00
3.600000000000000000e+01 3.992545259256951251e+00
3.700000000000000000e+01 3.956740450694716138e+00
3.800000000000000000e+01 3.741040435644482187e+00
3.900000000000000000e+01 4.022912269973618393e+00
4.000000000000000000e+01 4.211452344278249882e+00
4.100000000000000000e+01 4.614446616816943347e+00
4.200000000000000000e+01 5.373358366714087175e+00
4.300000000000000000e+01 6.021745936978514457e+00
4.400000000000000000e+01 6.284538251813519771e+00
4.500000000000000000e+01 6.173091134366681665e+00
4.600000000000000000e+01 5.685268143971798693e+00
4.700000000000000000e+01 6.061761238080521252e+00
4.800000000000000000e+01 5.307601561502736764e+00
4.900000000000000000e+01 5.056339927677084845e+00
5.000000000000000000e+01 5.661227676897381933e+00
5.100000000000000000e+01 6.529539746843828318e+00
5.200000000000000000e+01 6.513044882509515077e+00
5.300000000000000000e+01 7.061843081749269224e+00
5.400000000000000000e+01 7.067553567423871641e+00
5.500000000000000000e+01 6.790122067119347626e+00
5.600000000000000000e+01 5.770001860842659980e+00
5.700000000000000000e+01 5.321389432000888320e+00
5.800000000000000000e+01 5.169695099758432555e+00
5.900000000000000000e+01 5.268533875185286597e+00
6.000000000000000000e+01 5.078845236454379020e+00
6.100000000000000000e+01 4.942870463666150016e+00
6.200000000000000000e+01 5.229880537181656130e+00
6.300000000000000000e+01 5.339425617499993670e+00
6.400000000000000000e+01 5.390739380427556071e+00
6.500000000000000000e+01 5.604615356476948307e+00
6.600000000000000000e+01 5.803941624921152176e+00
6.700000000000000000e+01 6.164593105016026975e+00
6.800000000000000000e+01 6.589126031317836585e+00
6.900000000000000000e+01 6.427576721857272801e+00
7.000000000000000000e+01 6.597697666450967446e+00
7.100000000000000000e+01 7.051635428783761483e+00
7.200000000000000000e+01 6.828928992861335701e+00
7.300000000000000000e+01 6.439823748576051443e+00
7.400000000000000000e+01 6.586854803386419377e+00
7.500000000000000000e+01 6.457847108961279226e+00
7.600000000000000000e+01 6.683878200697427552e+00
7.700000000000000000e+01 6.511780227022070378e+00
7.800000000000000000e+01 6.583004381733087662e+00
7.900000000000000000e+01 6.227501403380840017e+00
8.000000000000000000e+01 6.025029541492555651e+00
8.100000000000000000e+01 5.896931686272279372e+00
8.200000000000000000e+01 5.708874040979447173e+00
8.300000000000000000e+01 5.455979057890755435e+00
8.400000000000000000e+01 5.738101187971185624e+00
8.500000000000000000e+01 5.373433448628793130e+00
8.600000000000000000e+01 5.157363462610711657e+00
8.700000000000000000e+01 4.930271879226827636e+00
8.800000000000000000e+01 4.791365010870031860e+00
8.900000000000000000e+01 4.632433640171259803e+00
9.000000000000000000e+01 4.403625102253635681e+00
9.100000000000000000e+01 4.283904254808693857e+00
9.200000000000000000e+01 4.067828326461914834e+00
9.300000000000000000e+01 4.101908216425218079e+00
9.400000000000000000e+01 3.859661335718585828e+00
9.500000000000000000e+01 4.126150692791568986e+00
9.600000000000000000e+01 4.449374492195407704e+00
9.700000000000000000e+01 4.835297561340603956e+00
9.800000000000000000e+01 5.093431970701703726e+00
9.900000000000000000e+01 5.000815758355942720e+00
1.000000000000000000e+02 5.079711529132410419e+00
1.010000000000000000e+02 5.356514468513917215e+00
1.020000000000000000e+02 5.280479007184982088e+00
1.030000000000000000e+02 5.698963481857955315e+00
1.040000000000000000e+02 5.594073918712421545e+00
1.050000000000000000e+02 6.007347235156668575e+00
1.060000000000000000e+02 6.074779976681184301e+00
1.070000000000000000e+02 6.283731509114145020e+00
1.080000000000000000e+02 6.650671237820852788e+00
1.090000000000000000e+02 6.572189208875571786e+00
1.100000000000000000e+02 6.044559293177069748e+00
1.110000000000000000e+02 5.870782761454537813e+00
1.120000000000000000e+02 5.744043440143635770e+00
1.130000000000000000e+02 5.592735527752134672e+00
1.140000000000000000e+02 5.682229679127648758e+00
1.150000000000000000e+02 5.513361433743510176e+00
1.160000000000000000e+02 5.722346046622584836e+00
1.170000000000000000e+02 5.533278792939039015e+00
1.180000000000000000e+02 5.832136919942841224e+00
1.190000000000000000e+02 5.785683728267540182e+00
1.200000000000000000e+02 6.129315814515559069e+00
1.210000000000000000e+02 6.269002919500307414e+00
1.220000000000000000e+02 6.745664331561712856e+00
1.230000000000000000e+02 6.793196580601529533e+00
1.240000000000000000e+02 6.637285581803476830e+00
1.250000000000000000e+02 6.927533711779086723e+00
1.260000000000000000e+02 7.192537848378194099e+00
1.270000000000000000e+02 6.847129594327110880e+00
1.280000000000000000e+02 6.731768598869812159e+00
1.290000000000000000e+02 7.182586425959793353e+00
1.300000000000000000e+02 7.216426146445272138e+00
1.310000000000000000e+02 6.940621630417553867e+00
1.320000000000000000e+02 7.213703469706001847e+00
1.330000000000000000e+02 7.904446748583036531e+00
1.340000000000000000e+02 7.711203640743754306e+00
1.350000000000000000e+02 7.637663103173514934e+00
1.360000000000000000e+02 7.742254507226854265e+00
1.370000000000000000e+02 7.596422715382745494e+00
1.380000000000000000e+02 7.256683262515450927e+00
1.390000000000000000e+02 7.338678856564400554e+00
1.400000000000000000e+02 7.464770017130379465e+00
1.410000000000000000e+02 7.209213049175418497e+00
1.420000000000000000e+02 7.037552214601194400e+00
1.430000000000000000e+02 7.311316861415432022e+00
1.440000000000000000e+02 7.544213601712683293e+00
1.450000000000000000e+02 7.054511559327190540e+00
1.460000000000000000e+02 6.633968779092501045e+00
1.470000000000000000e+02 6.685511908460683550e+00
1.480000000000000000e+02 6.328106370998341390e+00
1.490000000000000000e+02 6.267827626594050017e+00
1.500000000000000000e+02 6.054404908425937926e+00
1.510000000000000000e+02 6.031398603576305639e+00
1.520000000000000000e+02 5.827654654158070713e+00
1.530000000000000000e+02 5.811523319323640635e+00
1.540000000000000000e+02 5.588796784575566612e+00
1.550000000000000000e+02 5.675843224291674538e+00
1.560000000000000000e+02 5.489459859082795212e+00
1.570000000000000000e+02 5.464592088968672989e+00
1.580000000000000000e+02 5.171212109939880008e+00
1.590000000000000000e+02 4.980962729444368797e+00
1.600000000000000000e+02 4.948459071814438559e+00
1.610000000000000000e+02 4.539625115669259969e+00
1.620000000000000000e+02 4.642404594021833475e+00
1.630000000000000000e+02 4.560289490157938275e+00
1.640000000000000000e+02 4.709008779271914413e+00
1.650000000000000000e+02 5.184206273445918001e+00
1.660000000000000000e+02 5.362489072133088008e+00
1.670000000000000000e+02 6.604381293007540954e+00
1.680000000000000000e+02 6.943634640633912447e+00
1.690000000000000000e+02 8.120738932718323255e+00
1.700000000000000000e+02 9.390249294101284505e+00
1.710000000000000000e+02 9.718559999350691925e+00
1.720000000000000000e+02 9.283276486480414036e+00
1.730000000000000000e+02 8.331472400149062096e+00
1.740000000000000000e+02 8.160181044117884142e+00
1.750000000000000000e+02 7.550794847129891352e+00
1.760000000000000000e+02 6.988564063686013128e+00
1.770000000000000000e+02 7.042204621326610514e+00
1.780000000000000000e+02 7.733687691390156438e+00
1.790000000000000000e+02 7.849753112391338661e+00
1.800000000000000000e+02 7.684877759079365767e+00
1.810000000000000000e+02 8.093451488925873960e+00
1.820000000000000000e+02 7.733288827399457332e+00
1.830000000000000000e+02 7.370330078811154983e+00
1.840000000000000000e+02 6.763501927965760885e+00
1.850000000000000000e+02 6.411006024513997481e+00
1.860000000000000000e+02 6.371898974640687108e+00
1.870000000000000000e+02 5.899442629654724435e+00
1.880000000000000000e+02 5.581512682475455733e+00
1.890000000000000000e+02 5.148138100480372792e+00
1.900000000000000000e+02 5.156096773575856496e+00
1.910000000000000000e+02 5.403528343266902567e+00
1.920000000000000000e+02 5.427458331672098346e+00
1.930000000000000000e+02 5.819161899192137888e+00
1.940000000000000000e+02 5.901512591508316419e+00
1.950000000000000000e+02 5.700756014498032265e+00
1.960000000000000000e+02 5.751475129430201783e+00
1.970000000000000000e+02 6.131662626597865540e+00
1.980000000000000000e+02 6.430602064646540050e+00
1.990000000000000000e+02 6.662025433580466505e+00
2.000000000000000000e+02 6.697928012729130742e+00
2.010000000000000000e+02 6.930961240115336430e+00
2.020000000000000000e+02 6.672654294460262037e+00
2.030000000000000000e+02 6.501007226199919664e+00
2.040000000000000000e+02 6.806086973492749159e+00
2.050000000000000000e+02 6.848440762867419984e+00
2.060000000000000000e+02 6.499635843593178031e+00
2.070000000000000000e+02 6.531193207884686380e+00
2.080000000000000000e+02 6.866883067565005661e+00
2.090000000000000000e+02 6.730034357900617437e+00
2.100000000000000000e+02 6.490616099805201600e+00
2.110000000000000000e+02 6.551960317691607472e+00
2.120000000000000000e+02 6.542004669140030870e+00
2.130000000000000000e+02 6.499515540067733355e+00
2.140000000000000000e+02 6.600426734573106913e+00
2.150000000000000000e+02 6.645887750558826745e+00
2.160000000000000000e+02 6.272519615608842969e+00
2.170000000000000000e+02 6.221393354576549406e+00
2.180000000000000000e+02 5.405450451027866698e+00
2.190000000000000000e+02 5.098055031716210550e+00
2.200000000000000000e+02 4.987360654443700803e+00
2.210000000000000000e+02 4.704486003547084572e+00
2.220000000000000000e+02 4.927338834032419790e+00
2.230000000000000000e+02 4.613444642633115045e+00
2.240000000000000000e+02 4.479558285960236752e+00
2.250000000000000000e+02 4.767105505559065648e+00
2.260000000000000000e+02 4.689425057189616552e+00
2.270000000000000000e+02 4.330934517584061005e+00
2.280000000000000000e+02 4.487858134435227520e+00
2.290000000000000000e+02 4.733624232132750187e+00
2.300000000000000000e+02 4.447309900743562139e+00
2.310000000000000000e+02 4.228883397385589937e+00
2.320000000000000000e+02 4.547911359559120292e+00
2.330000000000000000e+02 4.815531879869891618e+00
2.340000000000000000e+02 4.895704583342701532e+00
2.350000000000000000e+02 5.186799687121731672e+00
2.360000000000000000e+02 5.237718218989764196e+00
2.370000000000000000e+02 5.250713910825340669e+00
2.380000000000000000e+02 5.159426107890638491e+00
2.390000000000000000e+02 5.417060098153493541e+00
2.400000000000000000e+02 5.097000084464357705e+00
2.410000000000000000e+02 5.178181244087226354e+00
2.420000000000000000e+02 5.302740866174342038e+00
2.430000000000000000e+02 5.219419781143706416e+00
2.440000000000000000e+02 5.099654272928558107e+00
2.450000000000000000e+02 5.258441796890873654e+00
2.460000000000000000e+02 5.176951541934735168e+00
2.470000000000000000e+02 5.485007337202761235e+00
2.480000000000000000e+02 5.419138333581384970e+00
2.490000000000000000e+02 5.826949184250613811e+00
2.500000000000000000e+02 5.839525841919035898e+00
2.510000000000000000e+02 6.118390119201986721e+00
2.520000000000000000e+02 5.627486730199781739e+00
2.530000000000000000e+02 5.240460341013652545e+00
2.540000000000000000e+02 4.816544730151685272e+00
2.550000000000000000e+02 4.483963325457195559e+00
2.560000000000000000e+02 4.189894578258309465e+00
2.570000000000000000e+02 3.752569770964607088e+00
2.580000000000000000e+02 3.693437001661963759e+00
2.590000000000000000e+02 4.024295244731988852e+00
2.600000000000000000e+02 3.928918921538354869e+00
2.610000000000000000e+02 3.842468728193026983e+00
2.620000000000000000e+02 4.331037405761538395e+00
2.630000000000000000e+02 4.459120785529401942e+00
2.640000000000000000e+02 4.113525791443436219e+00
2.650000000000000000e+02 3.778674180496505830e+00
2.660000000000000000e+02 3.546130203000089409e+00
2.670000000000000000e+02 3.455045346808849338e+00
2.680000000000000000e+02 3.331702996452575949e+00
2.690000000000000000e+02 3.504219608950429166e+00
2.700000000000000000e+02 3.430663966232818218e+00
2.710000000000000000e+02 3.750267398336308400e+00
2.720000000000000000e+02 3.911558821255834761e+00
2.730000000000000000e+02 4.251104019075055973e+00
2.740000000000000000e+02 4.440249074294722043e+00
2.750000000000000000e+02 4.778658078721116809e+00
2.760000000000000000e+02 5.049431573508615934e+00
2.770000000000000000e+02 5.390049441972641908e+00
2.780000000000000000e+02 5.603342956519908213e+00
2.790000000000000000e+02 5.359021918491191805e+00
2.800000000000000000e+02 5.246098175824704057e+00
2.810000000000000000e+02 4.889025769808622357e+00
2.820000000000000000e+02 5.160934144959765213e+00
2.830000000000000000e+02 4.885159651613759202e+00
2.840000000000000000e+02 4.734005034317731564e+00
2.850000000000000000e+02 4.269061213698337021e+00
2.860000000000000000e+02 3.954945621316205084e+00
2.870000000000000000e+02 3.741699252622635807e+00
2.880000000000000000e+02 3.676627504502300248e+00
2.890000000000000000e+02 3.898538809254281201e+00
2.900000000000000000e+02 3.765243153193406300e+00
2.910000000000000000e+02 3.673976270758080975e+00
2.920000000000000000e+02 3.877551456217212866e+00
2.930000000000000000e+02 3.561300790460235621e+00
2.940000000000000000e+02 3.505977448588074807e+00
2.950000000000000000e+02 3.903933095181839175e+00
2.960000000000000000e+02 3.885030430422985681e+00
2.970000000000000000e+02 3.597230269482512011e+00
2.980000000000000000e+02 3.820740200349190818e+00
2.990000000000000000e+02 4.169882260561929677e+00
3.000000000000000000e+02 4.011476832559825567e+00
3.010000000000000000e+02 3.869748822072617056e+00
3.020000000000000000e+02 4.233192224951483951e+00
3.030000000000000000e+02 4.439231135719957422e+00
3.040000000000000000e+02 4.647939835314051749e+00
3.050000000000000000e+02 4.870277546538069657e+00
3.060000000000000000e+02 4.942730437905140661e+00
3.070000000000000000e+02 5.363380812951830556e+00
3.080000000000000000e+02 5.476002083990588076e+00
3.090000000000000000e+02 5.889202023289635157e+00
3.100000000000000000e+02 6.022216319832802256e+00
3.110000000000000000e+02 6.456972873109376287e+00
3.120000000000000000e+02 6.641199899603894785e+00
3.130000000000000000e+02 6.445714062192903882e+00
3.140000000000000000e+02 5.877977163051571807e+00
3.150000000000000000e+02 5.934373229060948773e+00
3.160000000000000000e+02 5.746560668532914917e+00
3.170000000000000000e+02 5.315325845039932773e+00
3.180000000000000000e+02 5.229797854229714993e+00
3.190000000000000000e+02 5.336509094079509907e+00
3.200000000000000000e+02 5.038877183968986984e+00
3.210000000000000000e+02 4.730998388193992987e+00
3.220000000000000000e+02 4.862410617657150880e+00
3.230000000000000000e+02 4.801711725701170330e+00
3.240000000000000000e+02 4.375612968743165965e+00
3.250000000000000000e+02 4.342309570599572233e+00
3.260000000000000000e+02 4.433941975805089974e+00
3.270000000000000000e+02 4.663369100077591867e+00
3.280000000000000000e+02 4.905769389966857297e+00
3.290000000000000000e+02 5.452213264845637397e+00
3.300000000000000000e+02 5.684378013008518415e+00
3.310000000000000000e+02 6.079965409297314771e+00
3.320000000000000000e+02 6.572328896607634086e+00
3.330000000000000000e+02 6.832230214262511758e+00
3.340000000000000000e+02 7.126369254457829427e+00
3.350000000000000000e+02 7.354946932019709394e+00
3.360000000000000000e+02 7.708779295694016653e+00
3.370000000000000000e+02 7.236613389662380769e+00
3.380000000000000000e+02 7.419799970847437365e+00
3.390000000000000000e+02 6.728717146453432996e+00
3.400000000000000000e+02 6.489523296672433439e+00
3.410000000000000000e+02 6.706610940127353260e+00
3.420000000000000000e+02 6.668756190668397643e+00
3.430000000000000000e+02 6.366382535167155687e+00
3.440000000000000000e+02 6.308952473134715966e+00
3.450000000000000000e+02 6.475524799336360715e+00
3.460000000000000000e+02 6.372020717902926457e+00
3.470000000000000000e+02 6.102620882440255912e+00
3.480000000000000000e+02 6.128876687581831462e+00
3.490000000000000000e+02 6.283942576809630864e+00
3.500000000000000000e+02 6.036933085564787582e+00
3.510000000000000000e+02 5.712089155703940158e+00
3.520000000000000000e+02 5.917653464652941508e+00
3.530000000000000000e+02 6.055278802624956214e+00
3.540000000000000000e+02 5.628991594243017538e+00
3.550000000000000000e+02 5.283755610009812642e+00
3.560000000000000000e+02 4.801196697062471763e+00
3.570000000000000000e+02 4.486146255797976323e+00
3.580000000000000000e+02 4.078374338170747571e+00
3.590000000000000000e+02 3.818938410626400159e+00
3.600000000000000000e+02 3.687642381597350028e+00
3.610000000000000000e+02 3.547614732144569238e+00
3.620000000000000000e+02 3.417470988571202462e+00
3.630000000000000000e+02 3.303217549574777312e+00
3.640000000000000000e+02 3.176516009393962392e+00
3.650000000000000000e+02 3.226098379024524565e+00
3.660000000000000000e+02 3.385378484516767372e+00
3.670000000000000000e+02 3.571136147484984757e+00
3.680000000000000000e+02 3.852451806563621073e+00
3.690000000000000000e+02 4.242658035528080518e+00
3.700000000000000000e+02 4.644166765387230278e+00
3.710000000000000000e+02 5.182794468949267319e+00
3.720000000000000000e+02 5.539726230889781000e+00
3.730000000000000000e+02 6.015001689972836019e+00
3.740000000000000000e+02 5.967221718045406575e+00
3.750000000000000000e+02 6.426616924018372146e+00
3.760000000000000000e+02 7.111696270358653038e+00
3.770000000000000000e+02 7.486688613063973818e+00
3.780000000000000000e+02 7.646396951796641694e+00
3.790000000000000000e+02 7.485629396403836289e+00
3.800000000000000000e+02 6.756689117616041962e+00
3.810000000000000000e+02 6.278424616136888403e+00
3.820000000000000000e+02 5.671372266694413966e+00
3.830000000000000000e+02 4.933426644066712718e+00
3.840000000000000000e+02 4.651635890340870993e+00
3.850000000000000000e+02 5.022863467345684008e+00
3.860000000000000000e+02 5.526360903711452721e+00
3.870000000000000000e+02 5.866186065091951285e+00
3.880000000000000000e+02 6.436087792174803646e+00
3.890000000000000000e+02 6.351953015378634326e+00
3.900000000000000000e+02 6.749839343830076110e+00
3.910000000000000000e+02 6.674062579692537689e+00
3.920000000000000000e+02 6.836573279747778287e+00
3.930000000000000000e+02 6.747377265328533547e+00
3.940000000000000000e+02 6.350039715354038883e+00
3.950000000000000000e+02 6.002348206963878496e+00
3.960000000000000000e+02 5.762667760579052612e+00
3.970000000000000000e+02 5.268496751990747740e+00
3.980000000000000000e+02 5.157442975164856058e+00
3.990000000000000000e+02 4.654192803544591861e+00
4.000000000000000000e+02 4.474786545092226397e+00
4.010000000000000000e+02 4.051895659769703784e+00
4.020000000000000000e+02 3.802586842375462961e+00
4.030000000000000000e+02 3.543949803899050455e+00
4.040000000000000000e+02 3.495119152468757040e+00
4.050000000000000000e+02 3.550360293997004923e+00
4.060000000000000000e+02 3.616084706103514623e+00
4.070000000000000000e+02 3.408455829612623500e+00
4.080000000000000000e+02 3.932996264598930924e+00
4.090000000000000000e+02 4.161154974354525748e+00
4.100000000000000000e+02 3.989736728782174779e+00
4.110000000000000000e+02 4.101587980154882906e+00
4.120000000000000000e+02 3.771259568051908762e+00
4.130000000000000000e+02 3.904074925680814712e+00
4.140000000000000000e+02 3.787305749290633461e+00
4.150000000000000000e+02 4.032285836053896233e+00
4.160000000000000000e+02 4.208921208962979499e+00
4.170000000000000000e+02 4.556675413310746769e+00
4.180000000000000000e+02 4.730866594868084363e+00
4.190000000000000000e+02 4.641024745125600148e+00
4.200000000000000000e+02 5.052910245129122124e+00
4.210000000000000000e+02 5.202725680521468554e+00
4.220000000000000000e+02 5.212733452650879507e+00
4.230000000000000000e+02 5.097329991662183701e+00
4.240000000000000000e+02 4.769592830650492665e+00
4.250000000000000000e+02 4.677520094348221136e+00
4.260000000000000000e+02 4.419193377856783123e+00
4.270000000000000000e+02 4.231755095129762445e+00
4.280000000000000000e+02 4.217503988627616884e+00
4.290000000000000000e+02 3.968140888767174967e+00
4.300000000000000000e+02 4.010897703265844605e+00
4.310000000000000000e+02 3.828655809704543334e+00
4.320000000000000000e+02 4.031738922000354997e+00
4.330000000000000000e+02 4.089031211784939224e+00
4.340000000000000000e+02 4.565411406181715925e+00
4.350000000000000000e+02 3.903786824925446819e+00
4.360000000000000000e+02 4.058080878231692168e+00
4.370000000000000000e+02 3.968548138863774888e+00
4.380000000000000000e+02 4.274633764569735206e+00
4.390000000000000000e+02 4.447411435794259127e+00
4.400000000000000000e+02 4.891686169808332707e+00
4.410000000000000000e+02 5.098449365277679668e+00
4.420000000000000000e+02 4.557479369934488211e+00
4.430000000000000000e+02 4.685531650654086278e+00
4.440000000000000000e+02 4.950232305057271631e+00
4.450000000000000000e+02 4.835339320591303114e+00
4.460000000000000000e+02 4.596147114377967746e+00
4.470000000000000000e+02 4.682190046832814367e+00
4.480000000000000000e+02 4.228146681894290104e+00
4.490000000000000000e+02 4.400431303839043018e+00
4.500000000000000000e+02 4.363854757499262327e+00
4.510000000000000000e+02 4.295220292116461280e+00
4.520000000000000000e+02 3.963219105279085053e+00
4.530000000000000000e+02 3.751028743320774073e+00
4.540000000000000000e+02 3.713119240611282290e+00
4.550000000000000000e+02 3.660578326908686897e+00
4.560000000000000000e+02 3.648907227000487641e+00
4.570000000000000000e+02 3.591111269540354201e+00
4.580000000000000000e+02 3.770893083199409634e+00
4.590000000000000000e+02 3.681430340697780856e+00
4.600000000000000000e+02 3.714577694639900063e+00
4.610000000000000000e+02 3.822154490480371702e+00
4.620000000000000000e+02 4.070459291192241480e+00
4.630000000000000000e+02 4.448840584235941975e+00
4.640000000000000000e+02 4.922103145932989143e+00
4.650000000000000000e+02 4.919221009108566633e+00
4.660000000000000000e+02 4.432347237869485923e+00
4.670000000000000000e+02 4.478700147620167549e+00
4.680000000000000000e+02 4.761743082713773667e+00
4.690000000000000000e+02 4.833812681116459231e+00
4.700000000000000000e+02 4.793361811020657726e+00
4.710000000000000000e+02 4.354789790559939533e+00
4.720000000000000000e+02 4.543179366507080097e+00
4.730000000000000000e+02 4.570264194850222061e+00
4.740000000000000000e+02 4.625417237615873312e+00
4.750000000000000000e+02 4.534796027037901744e+00
4.760000000000000000e+02 4.545294894625530269e+00
4.770000000000000000e+02 4.213617167280156117e+00
4.780000000000000000e+02 5.584125298977874685e+00
4.790000000000000000e+02 5.483782630143563708e+00
4.800000000000000000e+02 5.822493079166663144e+00
4.810000000000000000e+02 5.406319570416596498e+00
4.820000000000000000e+02 5.414695558792303132e+00
4.830000000000000000e+02 4.891157245280178145e+00
4.840000000000000000e+02 4.268818879048682291e+00
4.850000000000000000e+02 3.734460592679011093e+00
4.860000000000000000e+02 3.251689771633057280e+00
4.870000000000000000e+02 3.342181419379441465e+00
4.880000000000000000e+02 3.068567317675157113e+00
4.890000000000000000e+02 3.362106406296874628e+00
4.900000000000000000e+02 3.572148634708379955e+00
4.910000000000000000e+02 3.299410861005757312e+00
4.920000000000000000e+02 3.298139890037625754e+00
4.930000000000000000e+02 2.888504529195280668e+00
4.940000000000000000e+02 2.929065498122691569e+00
4.950000000000000000e+02 2.680051086017999573e+00
4.960000000000000000e+02 2.588573279773222158e+00
4.970000000000000000e+02 2.591421942339269258e+00
4.980000000000000000e+02 2.557420404980927486e+00
4.990000000000000000e+02 2.644023785485988487e+00
5.000000000000000000e+02 2.880850764622193694e+00
5.010000000000000000e+02 3.070585489374556332e+00
5.020000000000000000e+02 3.338073936613559667e+00
5.030000000000000000e+02 3.639549312518988611e+00
5.040000000000000000e+02 3.459197342250709628e+00
5.050000000000000000e+02 3.049471122061998773e+00
5.060000000000000000e+02 2.818942397609326633e+00
5.070000000000000000e+02 2.807463556061055687e+00
5.080000000000000000e+02 2.568380041860722773e+00
5.090000000000000000e+02 2.650233474346072704e+00
5.100000000000000000e+02 2.669199820031717962e+00
5.110000000000000000e+02 2.631646078108647924e+00
5.120000000000000000e+02 2.770291639124585537e+00
5.130000000000000000e+02 2.802656965955451884e+00
5.140000000000000000e+02 2.774815695371962931e+00
5.150000000000000000e+02 2.727780987260539192e+00
5.160000000000000000e+02 2.519115872563950642e+00
5.170000000000000000e+02 2.660693863706924400e+00
5.180000000000000000e+02 2.642239665659186443e+00
5.190000000000000000e+02 2.761881238669405381e+00
5.200000000000000000e+02 2.652473437467870898e+00
5.210000000000000000e+02 2.456071790261924459e+00
5.220000000000000000e+02 2.461402552483637596e+00
5.230000000000000000e+02 2.551679183665939377e+00
5.240000000000000000e+02 2.554637498108407012e+00
5.250000000000000000e+02 3.037258590830269611e+00
5.260000000000000000e+02 3.207444040747080116e+00
5.270000000000000000e+02 2.934172989596361081e+00
5.280000000000000000e+02 3.032516034333796906e+00
5.290000000000000000e+02 4.453243425578359727e+00
5.300000000000000000e+02 5.448014311330671156e+00
5.310000000000000000e+02 6.356215328579999380e+00
5.320000000000000000e+02 5.961320333548260741e+00
5.330000000000000000e+02 5.141104542562028534e+00
5.340000000000000000e+02 4.157429478015499669e+00
5.350000000000000000e+02 3.468819107467052909e+00
5.360000000000000000e+02 3.571317387603478277e+00
5.370000000000000000e+02 4.037937703397327383e+00
5.380000000000000000e+02 4.227289078077130391e+00
5.390000000000000000e+02 4.506799788612834590e+00
5.400000000000000000e+02 3.718467519237866448e+00
5.410000000000000000e+02 3.462470806910413756e+00
5.420000000000000000e+02 3.224470424272931179e+00
5.430000000000000000e+02 3.087950976325538388e+00
5.440000000000000000e+02 2.922890835896578388e+00
5.450000000000000000e+02 3.060389092499151253e+00
5.460000000000000000e+02 3.174210999900862973e+00
5.470000000000000000e+02 3.277817683829414186e+00
5.480000000000000000e+02 3.354544741544388753e+00
5.490000000000000000e+02 3.568698333574453319e+00
5.500000000000000000e+02 3.831979007239015633e+00
5.510000000000000000e+02 4.122282504174186180e+00
5.520000000000000000e+02 4.256746881697781149e+00
5.530000000000000000e+02 4.002386538278990713e+00
5.540000000000000000e+02 3.875816506057375044e+00
5.550000000000000000e+02 3.894973535907562123e+00
5.560000000000000000e+02 3.722563659760796284e+00
5.570000000000000000e+02 3.671411421536338704e+00
5.580000000000000000e+02 3.754885165123075907e+00
5.590000000000000000e+02 4.115582448003944016e+00
5.600000000000000000e+02 4.234955485337210668e+00
5.610000000000000000e+02 4.379203326427975718e+00
5.620000000000000000e+02 4.434246899539875386e+00
5.630000000000000000e+02 4.772173389056860060e+00
5.640000000000000000e+02 5.084628853552184857e+00
5.650000000000000000e+02 5.433473101556918650e+00
5.660000000000000000e+02 5.546155070088383710e+00
5.670000000000000000e+02 5.551309985963121640e+00
5.680000000000000000e+02 5.909299405497366209e+00
5.690000000000000000e+02 6.425769916414242999e+00
5.700000000000000000e+02 7.134941918997893318e+00
5.710000000000000000e+02 7.307868699857362316e+00
5.720000000000000000e+02 6.868102905773216804e+00
5.730000000000000000e+02 6.364078160092658365e+00
5.740000000000000000e+02 5.823182273560409961e+00
5.750000000000000000e+02 5.904209202583024840e+00
5.760000000000000000e+02 6.370283386521922608e+00
5.770000000000000000e+02 6.322811667488047682e+00
5.780000000000000000e+02 6.243972764938622078e+00
5.790000000000000000e+02 5.892341573612428718e+00
5.800000000000000000e+02 5.462606653643700128e+00
5.810000000000000000e+02 5.157343355981961253e+00
5.820000000000000000e+02 4.836776590746292293e+00
5.830000000000000000e+02 4.646130814970400813e+00
5.840000000000000000e+02 4.968839458194810099e+00
5.850000000000000000e+02 5.189161483440889455e+00
5.860000000000000000e+02 5.453147148841773095e+00
5.870000000000000000e+02 5.489468275602940928e+00
5.880000000000000000e+02 5.877763485917101960e+00
5.890000000000000000e+02 6.075613892721341891e+00
5.900000000000000000e+02 6.566931150896248681e+00
5.910000000000000000e+02 6.863952297849727380e+00
5.920000000000000000e+02 6.462925569899768519e+00
5.930000000000000000e+02 6.351456094748378689e+00
5.940000000000000000e+02 6.826150417493244582e+00
5.950000000000000000e+02 6.919089317066227984e+00
5.960000000000000000e+02 6.689949238197312908e+00
5.970000000000000000e+02 6.656864828604018847e+00
5.980000000000000000e+02 6.520716229887010051e+00
5.990000000000000000e+02 6.883037348289411383e+00
6.000000000000000000e+02 6.813882395506598577e+00
6.010000000000000000e+02 7.287772244531342203e+00
6.020000000000000000e+02 8.337469644284492887e+00
6.030000000000000000e+02 8.182992803966641304e+00
6.040000000000000000e+02 7.071812772479606934e+00
6.050000000000000000e+02 6.957786304783295961e+00
6.060000000000000000e+02 7.201465729507699365e+00
6.070000000000000000e+02 6.795442802010404293e+00
6.080000000000000000e+02 6.732980479822314734e+00
6.090000000000000000e+02 6.735483480620070296e+00
6.100000000000000000e+02 6.570604824966489232e+00
6.110000000000000000e+02 6.274378906546069778e+00
6.120000000000000000e+02 6.128062456385579893e+00
6.130000000000000000e+02 6.127145216059811439e+00
6.140000000000000000e+02 6.213553186136975270e+00
6.150000000000000000e+02 6.316665277077547103e+00
6.160000000000000000e+02 6.284868566575139148e+00
6.170000000000000000e+02 6.410753803638113091e+00
6.180000000000000000e+02 6.640402211624149231e+00
6.190000000000000000e+02 6.765692484958161224e+00
6.200000000000000000e+02 6.710818738194634037e+00
6.210000000000000000e+02 6.875619041433680856e+00
6.220000000000000000e+02 6.693965484402427890e+00
6.230000000000000000e+02 6.504121829283338485e+00
6.240000000000000000e+02 6.508356953099342590e+00
6.250000000000000000e+02 6.293067803016079154e+00
6.260000000000000000e+02 6.591309719714359971e+00
6.270000000000000000e+02 6.877280717361985651e+00
6.280000000000000000e+02 6.697535682052281558e+00
6.290000000000000000e+02 6.676942618809148300e+00
6.300000000000000000e+02 6.316649872636337371e+00
6.310000000000000000e+02 6.314403519214988769e+00
6.320000000000000000e+02 6.549013378182362288e+00
6.330000000000000000e+02 6.264675030987092441e+00
6.340000000000000000e+02 6.095312281761194662e+00
6.350000000000000000e+02 6.357333999320756490e+00
6.360000000000000000e+02 6.633129774609032303e+00
6.370000000000000000e+02 6.710914729501913811e+00
6.380000000000000000e+02 6.998118284827952174e+00
6.390000000000000000e+02 6.955581805312200494e+00
6.400000000000000000e+02 7.203144507954830189e+00
6.410000000000000000e+02 7.210359545894413635e+00
6.420000000000000000e+02 7.353322935801357652e+00
6.430000000000000000e+02 7.484843743879644684e+00
6.440000000000000000e+02 7.470466425242904052e+00
6.450000000000000000e+02 7.201877877871965872e+00
6.460000000000000000e+02 7.711200171679386095e+00
6.470000000000000000e+02 8.540400189425360722e+00
6.480000000000000000e+02 7.982309528342835137e+00
6.490000000000000000e+02 7.936585966908014100e+00
6.500000000000000000e+02 7.735371890104447701e+00
6.510000000000000000e+02 7.912094206299260080e+00
6.520000000000000000e+02 7.556408365333949106e+00
6.530000000000000000e+02 7.096555413870563100e+00
6.540000000000000000e+02 6.942366749583379182e+00
6.550000000000000000e+02 6.777396916967203921e+00
6.560000000000000000e+02 6.685593495759014182e+00
6.570000000000000000e+02 6.521351565525789873e+00
6.580000000000000000e+02 6.457602484311508739e+00
6.590000000000000000e+02 6.429261421562606493e+00
6.600000000000000000e+02 6.680755324593649291e+00
6.610000000000000000e+02 6.604051064758797551e+00
6.620000000000000000e+02 6.508419365866989992e+00
6.630000000000000000e+02 6.389287551232158080e+00
6.640000000000000000e+02 6.421389561568338067e+00
6.650000000000000000e+02 6.415492969501370268e+00
6.660000000000000000e+02 6.575330030459047848e+00
6.670000000000000000e+02 6.681835918680373076e+00
6.680000000000000000e+02 6.913061791954057789e+00
6.690000000000000000e+02 6.862142456551091563e+00
6.700000000000000000e+02 7.270628630142475401e+00
6.710000000000000000e+02 7.515243411021529596e+00
6.720000000000000000e+02 8.153075241534732953e+00
6.730000000000000000e+02 9.677128178261121150e+00
6.740000000000000000e+02 9.593124906288007736e+00
6.750000000000000000e+02 8.358949777322838059e+00
6.760000000000000000e+02 7.619500172129369808e+00
6.770000000000000000e+02 7.146909288373192837e+00
6.780000000000000000e+02 7.079034261866404165e+00
6.790000000000000000e+02 6.780573218328667551e+00
6.800000000000000000e+02 6.995243224037699825e+00
6.810000000000000000e+02 6.779878320680132298e+00
6.820000000000000000e+02 6.867240333333885616e+00
6.830000000000000000e+02 6.910457907638019925e+00
6.840000000000000000e+02 6.761853944061199329e+00
6.850000000000000000e+02 6.517409552722130961e+00
6.860000000000000000e+02 6.520085844425814514e+00
6.870000000000000000e+02 6.435199530567351722e+00
6.880000000000000000e+02 6.439240243319172663e+00
6.890000000000000000e+02 6.293825748132741538e+00
6.900000000000000000e+02 6.532096043642232175e+00
6.910000000000000000e+02 6.307247403137746566e+00
6.920000000000000000e+02 6.675914742021663351e+00
6.930000000000000000e+02 6.485479437307565931e+00
6.940000000000000000e+02 6.761029181861198722e+00
6.950000000000000000e+02 6.336232529410501080e+00
6.960000000000000000e+02 5.944075260433943519e+00
6.970000000000000000e+02 6.367673977125409834e+00
6.980000000000000000e+02 6.544415288190434943e+00
6.990000000000000000e+02 6.055300378915202231e+00
7.000000000000000000e+02 6.045397321813070768e+00
7.010000000000000000e+02 6.633226012020454476e+00
7.020000000000000000e+02 6.593048659840325953e+00
7.030000000000000000e+02 6.141254672256814651e+00
7.040000000000000000e+02 6.523725308046166127e+00
7.050000000000000000e+02 7.003596996713064016e+00
7.060000000000000000e+02 6.698543938852632884e+00
7.070000000000000000e+02 6.503323346521536763e+00
7.080000000000000000e+02 7.078349166176306717e+00
7.090000000000000000e+02 7.447112748447834107e+00
7.100000000000000000e+02 7.159281502679337272e+00
7.110000000000000000e+02 7.258475367885595553e+00
7.120000000000000000e+02 7.961690946132322644e+00
7.130000000000000000e+02 8.080238305284682454e+00
7.140000000000000000e+02 7.859070822875483309e+00
7.150000000000000000e+02 8.289660289232241297e+00
7.160000000000000000e+02 8.952337898031034413e+00
7.170000000000000000e+02 8.945359478563041478e+00
7.180000000000000000e+02 8.858987151122873271e+00
7.190000000000000000e+02 9.501566053964250358e+00
7.200000000000000000e+02 1.002763886832296514e+01
7.210000000000000000e+02 9.858151690257685118e+00
7.220000000000000000e+02 1.000916520664363141e+01
7.230000000000000000e+02 1.075754917016678647e+01
7.240000000000000000e+02 1.109145910627492704e+01
7.250000000000000000e+02 1.091074988530880852e+01
7.260000000000000000e+02 1.133901883377458120e+01
7.270000000000000000e+02 1.214664815012939769e+01
7.280000000000000000e+02 1.219905500589088376e+01
7.290000000000000000e+02 1.213522364080233018e+01
7.300000000000000000e+02 1.281812201699871601e+01
7.310000000000000000e+02 1.345772288993670074e+01
7.320000000000000000e+02 1.322892403684528340e+01
7.330000000000000000e+02 1.351794769293547027e+01
7.340000000000000000e+02 1.432859607256060031e+01
7.350000000000000000e+02 1.453360326739541186e+01
7.360000000000000000e+02 1.447732842102961648e+01
7.370000000000000000e+02 1.500231879733954976e+01
7.380000000000000000e+02 1.567316285692099243e+01
7.390000000000000000e+02 1.568038402151197097e+01
7.400000000000000000e+02 1.584310000478360081e+01
7.410000000000000000e+02 1.649590669390451225e+01
7.420000000000000000e+02 1.618766516730234883e+01
7.430000000000000000e+02 1.673374971092703944e+01
7.440000000000000000e+02 1.660711542521709916e+01
7.450000000000000000e+02 1.653566096253028306e+01
7.460000000000000000e+02 1.735917861161764009e+01
7.470000000000000000e+02 1.751667516336826580e+01
7.480000000000000000e+02 1.791306763191877849e+01
7.490000000000000000e+02 1.805539407874491786e+01
7.500000000000000000e+02 1.747930896406988666e+01
7.510000000000000000e+02 1.808180401960142092e+01
7.520000000000000000e+02 1.718064334094268375e+01
7.530000000000000000e+02 1.605944546871085876e+01
7.540000000000000000e+02 1.525940283824073340e+01
7.550000000000000000e+02 1.447259450623828236e+01
7.560000000000000000e+02 1.385438800039438512e+01
7.570000000000000000e+02 1.343186342687283563e+01
7.580000000000000000e+02 1.263451164231229029e+01
7.590000000000000000e+02 1.230258371744652734e+01
7.600000000000000000e+02 1.274142878533080392e+01
7.610000000000000000e+02 1.293250430444521726e+01
7.620000000000000000e+02 1.273926405020823083e+01
