# Residue RMSF(Ang)
1.000000000000000000e+00 1.653563877111904556e+00
2.000000000000000000e+00 1.732506857003649925e+00
3.000000000000000000e+00 1.720929426550323882e+00
4.000000000000000000e+00 1.865767636351078673e+00
5.000000000000000000e+00 1.797709460314414587e+00
6.000000000000000000e+00 2.032896859681677437e+00
7.000000000000000000e+00 2.131701929829306952e+00
8.000000000000000000e+00 1.918349486908615731e+00
9.000000000000000000e+00 2.010356890310206257e+00
1.000000000000000000e+01 1.947454057926622406e+00
1.100000000000000000e+01 2.042715904906445168e+00
1.200000000000000000e+01 2.077695954526142419e+00
1.300000000000000000e+01 2.159072870541940858e+00
1.400000000000000000e+01 2.286098941796887107e+00
1.500000000000000000e+01 2.171071428184937702e+00
1.600000000000000000e+01 2.033710974663335058e+00
1.700000000000000000e+01 1.996392085797968452e+00
1.800000000000000000e+01 1.773885791792314315e+00
1.900000000000000000e+01 1.859548597512447055e+00
2.000000000000000000e+01 1.727863969679963363e+00
2.100000000000000000e+01 1.629632242310145029e+00
2.200000000000000000e+01 1.705153108120583960e+00
2.300000000000000000e+01 1.809961352790860678e+00
2.400000000000000000e+01 1.933131883308304211e+00
2.500000000000000000e+01 2.082264012091887384e+00
2.600000000000000000e+01 2.367843802867218628e+00
2.700000000000000000e+01 2.664363439932653232e+00
2.800000000000000000e+01 3.208782070039418954e+00
2.900000000000000000e+01 3.864289780063875579e+00
3.000000000000000000e+01 4.252350337293306914e+00
3.100000000000000000e+01 3.984835188070819711e+00
3.200000000000000000e+01 3.347279175929499750e+00
3.300000000000000000e+01 2.931516601534758237e+00
3.400000000000000000e+01 2.559137561996426058e+00
3.500000000000000000e+01 2.427957519414426280e+00
3.600000000000000000e+01 2.176263262538619347e+00
3.700000000000000000e+01 2.088232548828225177e+00
3.800000000000000000e+01 1.940965684784096590e+00
3.900000000000000000e+01 1.926924482466781940e+00
4.000000000000000000e+01 1.935742971095725684e+00
4.100000000000000000e+01 1.918620005726241029e+00
4.200000000000000000e+01 2.002146256027404370e+00
4.300000000000000000e+01 2.193403426962215796e+00
4.400000000000000000e+01 2.661334378570405779e+00
4.500000000000000000e+01 2.978044709316935990e+00
4.600000000000000000e+01 3.768103652580389706e+00
4.700000000000000000e+01 3.407225761921470752e+00
4.800000000000000000e+01 3.650952291994518095e+00
4.900000000000000000e+01 3.453259190195330230e+00
5.000000000000000000e+01 2.761138275036346901e+00
5.100000000000000000e+01 2.539491851351384444e+00
5.200000000000000000e+01 2.332659105831273116e+00
5.300000000000000000e+01 2.367671807040383047e+00
5.400000000000000000e+01 2.153940328639967650e+00
5.500000000000000000e+01 2.213658948173571339e+00
5.600000000000000000e+01 2.169747986345061275e+00
5.700000000000000000e+01 2.229417585999664109e+00
5.800000000000000000e+01 2.338534654411375868e+00
5.900000000000000000e+01 2.345388268052059910e+00
6.000000000000000000e+01 2.511709633058542668e+00
6.100000000000000000e+01 2.779349975895243130e+00
6.200000000000000000e+01 3.041414201073188384e+00
6.300000000000000000e+01 3.043672543959864640e+00
6.400000000000000000e+01 3.168303539064700303e+00
6.500000000000000000e+01 3.061298569214929266e+00
6.600000000000000000e+01 2.856058228040190716e+00
6.700000000000000000e+01 2.485425962462473493e+00
6.800000000000000000e+01 2.594849529544248856e+00
6.900000000000000000e+01 2.502859770551692176e+00
7.000000000000000000e+01 2.505117711720733276e+00
7.100000000000000000e+01 2.712301265122654126e+00
7.200000000000000000e+01 2.694927627865757902e+00
7.300000000000000000e+01 3.569724105485546417e+00
7.400000000000000000e+01 4.141176228045967633e+00
7.500000000000000000e+01 4.524479407502087547e+00
7.600000000000000000e+01 4.798758864119988310e+00
7.700000000000000000e+01 4.986973860764491562e+00
7.800000000000000000e+01 4.805739148082643020e+00
7.900000000000000000e+01 5.396634160193304552e+00
8.000000000000000000e+01 5.429135096324758436e+00
8.100000000000000000e+01 5.712961931729097387e+00
8.200000000000000000e+01 5.336901831098750826e+00
8.300000000000000000e+01 4.805108248317085717e+00
8.400000000000000000e+01 3.764114177400459837e+00
8.500000000000000000e+01 3.454176442685960691e+00
8.600000000000000000e+01 3.188268050166028100e+00
8.700000000000000000e+01 2.756570980743389132e+00
8.800000000000000000e+01 2.640075797844524619e+00
8.900000000000000000e+01 2.583284896245533702e+00
9.000000000000000000e+01 2.446299571110713611e+00
9.100000000000000000e+01 2.206950586541062354e+00
9.200000000000000000e+01 2.162372391467454413e+00
9.300000000000000000e+01 1.985574970882697299e+00
9.400000000000000000e+01 2.094108218454086678e+00
9.500000000000000000e+01 1.995310970836458919e+00
9.600000000000000000e+01 1.812677658447817919e+00
9.700000000000000000e+01 1.839937835869201121e+00
9.800000000000000000e+01 1.934016681591396836e+00
9.900000000000000000e+01 1.995276666911337093e+00
1.000000000000000000e+02 2.223212931521075575e+00
1.010000000000000000e+02 2.387308378446661550e+00
1.020000000000000000e+02 2.705993879069671593e+00
1.030000000000000000e+02 2.899561265995568959e+00
1.040000000000000000e+02 2.668970608379342302e+00
1.050000000000000000e+02 2.422915714004832299e+00
1.060000000000000000e+02 2.266999696199082592e+00
1.070000000000000000e+02 2.146324472677896278e+00
1.080000000000000000e+02 2.099797743431055519e+00
1.090000000000000000e+02 2.091289390540886917e+00
1.100000000000000000e+02 2.018789386209422165e+00
1.110000000000000000e+02 2.080615179948681615e+00
1.120000000000000000e+02 2.274315794025350446e+00
1.130000000000000000e+02 2.443412718631006619e+00
1.140000000000000000e+02 2.724474662767100153e+00
1.150000000000000000e+02 3.115269181368306217e+00
1.160000000000000000e+02 3.321059686182682658e+00
1.170000000000000000e+02 4.284631293807507291e+00
1.180000000000000000e+02 4.241074564937531655e+00
1.190000000000000000e+02 3.861691346359776400e+00
1.200000000000000000e+02 3.992988704520005872e+00
1.210000000000000000e+02 3.254716034360155330e+00
1.220000000000000000e+02 2.883043227818235632e+00
1.230000000000000000e+02 2.550823675929486001e+00
1.240000000000000000e+02 2.294523496206135604e+00
1.250000000000000000e+02 2.357328064152184766e+00
1.260000000000000000e+02 2.236471604878191410e+00
1.270000000000000000e+02 2.328733802292146216e+00
1.280000000000000000e+02 2.295557879452608585e+00
1.290000000000000000e+02 2.430828133306907279e+00
1.300000000000000000e+02 2.488027055608672988e+00
1.310000000000000000e+02 2.702441099147949277e+00
1.320000000000000000e+02 2.901766720232306529e+00
1.330000000000000000e+02 3.269107532570060481e+00
1.340000000000000000e+02 3.425965495144363437e+00
1.350000000000000000e+02 3.191009890009067096e+00
1.360000000000000000e+02 2.932129424793940231e+00
1.370000000000000000e+02 2.789096674835939815e+00
1.380000000000000000e+02 2.698297648372427027e+00
1.390000000000000000e+02 2.593013035928034782e+00
1.400000000000000000e+02 2.654818764474913273e+00
1.410000000000000000e+02 2.531189125729738088e+00
1.420000000000000000e+02 2.703744834367998173e+00
1.430000000000000000e+02 3.366910019534406384e+00
1.440000000000000000e+02 4.329703879690277368e+00
1.450000000000000000e+02 3.657965747450171001e+00
1.460000000000000000e+02 4.379721472839245067e+00
1.470000000000000000e+02 3.890071653390064554e+00
1.480000000000000000e+02 3.813118923786976033e+00
1.490000000000000000e+02 3.397420383693210866e+00
1.500000000000000000e+02 3.144587653750528400e+00
1.510000000000000000e+02 2.793077296737273674e+00
1.520000000000000000e+02 2.701455114586314377e+00
1.530000000000000000e+02 2.744254726025018520e+00
1.540000000000000000e+02 2.389942775623530746e+00
1.550000000000000000e+02 2.256780138590569251e+00
1.560000000000000000e+02 2.071424049595664840e+00
1.570000000000000000e+02 2.126539361130083794e+00
1.580000000000000000e+02 2.036997326006040776e+00
1.590000000000000000e+02 1.815855388014653515e+00
1.600000000000000000e+02 1.735717690743050934e+00
1.610000000000000000e+02 1.899686976057912480e+00
1.620000000000000000e+02 1.983665446543053656e+00
1.630000000000000000e+02 2.159651305363597285e+00
1.640000000000000000e+02 2.257592297101054690e+00
1.650000000000000000e+02 2.459622384908053405e+00
1.660000000000000000e+02 2.659040007585502519e+00
1.670000000000000000e+02 2.480933916876907563e+00
1.680000000000000000e+02 2.442141807199168735e+00
1.690000000000000000e+02 2.307105800696942488e+00
1.700000000000000000e+02 2.075288380498008678e+00
1.710000000000000000e+02 1.995542380436014618e+00
1.720000000000000000e+02 1.909645696901498990e+00
1.730000000000000000e+02 2.005916954604006985e+00
1.740000000000000000e+02 1.879410925329288995e+00
1.750000000000000000e+02 2.047917112301761655e+00
1.760000000000000000e+02 2.249086493117652186e+00
1.770000000000000000e+02 2.467795451899700954e+00
1.780000000000000000e+02 2.495552123452644100e+00
1.790000000000000000e+02 2.127771096906657444e+00
1.800000000000000000e+02 2.161406017306795491e+00
1.810000000000000000e+02 2.020633588936546765e+00
1.820000000000000000e+02 2.070419420712156899e+00
1.830000000000000000e+02 2.034529436564907812e+00
1.840000000000000000e+02 2.180051571324555848e+00
1.850000000000000000e+02 2.308547223335361664e+00
1.860000000000000000e+02 2.482143390155408635e+00
1.870000000000000000e+02 2.592962566436693539e+00
1.880000000000000000e+02 2.574709797523620392e+00
1.890000000000000000e+02 2.907467981914340083e+00
1.900000000000000000e+02 3.345705708087502117e+00
1.910000000000000000e+02 3.100533394203349502e+00
1.920000000000000000e+02 3.033802766505913517e+00
1.930000000000000000e+02 3.602415561561199464e+00
1.940000000000000000e+02 3.642293097970899396e+00
1.950000000000000000e+02 3.759956777931480421e+00
1.960000000000000000e+02 3.932414889232911825e+00
1.970000000000000000e+02 4.071386767276669261e+00
1.980000000000000000e+02 4.457706220855569335e+00
1.990000000000000000e+02 3.974254694634449248e+00
2.000000000000000000e+02 4.314761128432517800e+00
2.010000000000000000e+02 4.533340679361304026e+00
2.020000000000000000e+02 4.477077290620548489e+00
2.030000000000000000e+02 3.883508289489716159e+00
2.040000000000000000e+02 3.698806761121955500e+00
2.050000000000000000e+02 3.171278231876672127e+00
2.060000000000000000e+02 2.926118117158555965e+00
2.070000000000000000e+02 2.619481908710411311e+00
2.080000000000000000e+02 2.482515139952931715e+00
2.090000000000000000e+02 2.355959899919713330e+00
2.100000000000000000e+02 2.271431162073119125e+00
2.110000000000000000e+02 2.539439103254082397e+00
2.120000000000000000e+02 3.127745666824170989e+00
2.130000000000000000e+02 3.163585654308333606e+00
2.140000000000000000e+02 3.976754301099115541e+00
2.150000000000000000e+02 4.386594263659909565e+00
2.160000000000000000e+02 5.475814889371924288e+00
2.170000000000000000e+02 4.206100159634523550e+00
2.180000000000000000e+02 2.854624006169732109e+00
2.190000000000000000e+02 2.060621819779822061e+00
2.200000000000000000e+02 1.876946488346333153e+00
2.210000000000000000e+02 1.751522202549996576e+00
2.220000000000000000e+02 1.803696288734651265e+00
2.230000000000000000e+02 1.781026010772668533e+00
2.240000000000000000e+02 1.578526546586104029e+00
2.250000000000000000e+02 1.559110222490002418e+00
2.260000000000000000e+02 1.669152787245903768e+00
2.270000000000000000e+02 1.654865915096946249e+00
2.280000000000000000e+02 1.784909338858156280e+00
2.290000000000000000e+02 1.812895670903867495e+00
2.300000000000000000e+02 1.906136648054318483e+00
2.310000000000000000e+02 2.017885484524881257e+00
2.320000000000000000e+02 2.350988812619229762e+00
2.330000000000000000e+02 2.650546369983349582e+00
2.340000000000000000e+02 2.927694862849303359e+00
2.350000000000000000e+02 2.772596286889549067e+00
2.360000000000000000e+02 2.348358554371873463e+00
2.370000000000000000e+02 2.113880088319587625e+00
2.380000000000000000e+02 2.021414250120240563e+00
2.390000000000000000e+02 1.898084199250353654e+00
2.400000000000000000e+02 1.737438529726741399e+00
2.410000000000000000e+02 1.668190059722620244e+00
2.420000000000000000e+02 1.723991048585758579e+00
2.430000000000000000e+02 1.731555143496542382e+00
2.440000000000000000e+02 1.555793405942814456e+00
2.450000000000000000e+02 1.676020326663254290e+00
2.460000000000000000e+02 1.831947014406651864e+00
2.470000000000000000e+02 1.948871568813516086e+00
2.480000000000000000e+02 1.991631676502517934e+00
2.490000000000000000e+02 1.670123410183725010e+00
2.500000000000000000e+02 1.596697866787021081e+00
2.510000000000000000e+02 1.581468237209867400e+00
2.520000000000000000e+02 1.765699595413022571e+00
2.530000000000000000e+02 1.711258947889820803e+00
2.540000000000000000e+02 1.818007975576831692e+00
2.550000000000000000e+02 1.869240962170524600e+00
2.560000000000000000e+02 2.036659048391423976e+00
2.570000000000000000e+02 2.219915684236079656e+00
2.580000000000000000e+02 2.353755086358523485e+00
2.590000000000000000e+02 2.515164262900172254e+00
2.600000000000000000e+02 2.614307118643627970e+00
2.610000000000000000e+02 2.338237520067435238e+00
2.620000000000000000e+02 2.415532566172395423e+00
2.630000000000000000e+02 2.248208901423073502e+00
2.640000000000000000e+02 2.202412193169100529e+00
2.650000000000000000e+02 2.004389689871990843e+00
2.660000000000000000e+02 1.903600893582454656e+00
2.670000000000000000e+02 1.798898417512673209e+00
2.680000000000000000e+02 1.722092984456126574e+00
2.690000000000000000e+02 1.531048039261361016e+00
2.700000000000000000e+02 1.534334879469918533e+00
2.710000000000000000e+02 1.436856379905050662e+00
2.720000000000000000e+02 1.487053159632036436e+00
2.730000000000000000e+02 1.370314122973905313e+00
2.740000000000000000e+02 1.243112653149453628e+00
2.750000000000000000e+02 1.261458469699819451e+00
2.760000000000000000e+02 1.303106038107637143e+00
2.770000000000000000e+02 1.376320915749798424e+00
2.780000000000000000e+02 1.282670936669456863e+00
2.790000000000000000e+02 1.296655130779746479e+00
2.800000000000000000e+02 1.370703085209115102e+00
2.810000000000000000e+02 1.402967216794243299e+00
2.820000000000000000e+02 1.496737399897934750e+00
2.830000000000000000e+02 1.507283297799093758e+00
2.840000000000000000e+02 1.622865605716805382e+00
2.850000000000000000e+02 1.603908671732124036e+00
2.860000000000000000e+02 1.788016120552760491e+00
2.870000000000000000e+02 2.060189366873574457e+00
2.880000000000000000e+02 2.080805567947452861e+00
2.890000000000000000e+02 2.107120590229059953e+00
2.900000000000000000e+02 1.883731703684002223e+00
2.910000000000000000e+02 1.653276232019648573e+00
2.920000000000000000e+02 1.514104936998321715e+00
2.930000000000000000e+02 1.450496254799446438e+00
2.940000000000000000e+02 1.292155348836488304e+00
2.950000000000000000e+02 1.259561773228839554e+00
2.960000000000000000e+02 1.151340253263693825e+00
2.970000000000000000e+02 1.116786646055057064e+00
2.980000000000000000e+02 1.040105553534357297e+00
2.990000000000000000e+02 1.074786367461778580e+00
3.000000000000000000e+02 1.108069896964495760e+00
3.010000000000000000e+02 1.202716932118136794e+00
3.020000000000000000e+02 1.222151926802618194e+00
3.030000000000000000e+02 1.306110440681305995e+00
3.040000000000000000e+02 1.364216578827520232e+00
3.050000000000000000e+02 1.720300988207597692e+00
3.060000000000000000e+02 1.740310475970206827e+00
3.070000000000000000e+02 1.552468157805305449e+00
3.080000000000000000e+02 1.340637728081898850e+00
3.090000000000000000e+02 1.210681914723880093e+00
3.100000000000000000e+02 1.100027935367795306e+00
3.110000000000000000e+02 1.070251694395885300e+00
3.120000000000000000e+02 1.020384636184425764e+00
3.130000000000000000e+02 1.016981117952992397e+00
3.140000000000000000e+02 1.054142478227048541e+00
3.150000000000000000e+02 1.091928484601003113e+00
3.160000000000000000e+02 1.253929638993186879e+00
3.170000000000000000e+02 1.334149807451975311e+00
3.180000000000000000e+02 1.494138624853637021e+00
3.190000000000000000e+02 1.608874424219900678e+00
3.200000000000000000e+02 1.751263855160489102e+00
3.210000000000000000e+02 1.891316102418471035e+00
3.220000000000000000e+02 2.290687623055678745e+00
3.230000000000000000e+02 2.451855631077224373e+00
3.240000000000000000e+02 2.357063433738394220e+00
3.250000000000000000e+02 2.094685516105651235e+00
3.260000000000000000e+02 1.828527759167850819e+00
3.270000000000000000e+02 1.722629402954235278e+00
3.280000000000000000e+02 1.562590530772255182e+00
3.290000000000000000e+02 1.410040574462225527e+00
3.300000000000000000e+02 1.245282014934987469e+00
3.310000000000000000e+02 1.107525160356954919e+00
3.320000000000000000e+02 1.066744218914911002e+00
3.330000000000000000e+02 9.964556049308089802e-01
3.340000000000000000e+02 1.148146996131377939e+00
3.350000000000000000e+02 1.211670915204759558e+00
3.360000000000000000e+02 1.354899840871931493e+00
3.370000000000000000e+02 1.328237122468119091e+00
3.380000000000000000e+02 1.220714361709028584e+00
3.390000000000000000e+02 9.726364971921442892e-01
3.400000000000000000e+02 9.416434919387562941e-01
3.410000000000000000e+02 1.046318457715651462e+00
3.420000000000000000e+02 1.103138456035841042e+00
3.430000000000000000e+02 1.208900888339865753e+00
3.440000000000000000e+02 1.246079423763802874e+00
3.450000000000000000e+02 1.339963336794268267e+00
3.460000000000000000e+02 1.424967839326369168e+00
3.470000000000000000e+02 1.511461903114325933e+00
3.480000000000000000e+02 1.686409143882113604e+00
3.490000000000000000e+02 1.793105693929447408e+00
3.500000000000000000e+02 1.709904711344155892e+00
3.510000000000000000e+02 1.683585511546219493e+00
3.520000000000000000e+02 1.746327033217830449e+00
3.530000000000000000e+02 1.937075776498348390e+00
3.540000000000000000e+02 1.932551983962629949e+00
3.550000000000000000e+02 1.872467194952265768e+00
3.560000000000000000e+02 1.499204439320712234e+00
3.570000000000000000e+02 1.464833943066643274e+00
3.580000000000000000e+02 1.343635297204687218e+00
3.590000000000000000e+02 1.178387128896531744e+00
3.600000000000000000e+02 1.080269677235331516e+00
3.610000000000000000e+02 1.062349016251161959e+00
3.620000000000000000e+02 1.015852940390843839e+00
3.630000000000000000e+02 1.115708320331044501e+00
3.640000000000000000e+02 1.190509297961694246e+00
3.650000000000000000e+02 1.152219889328818692e+00
3.660000000000000000e+02 1.278398382212615259e+00
3.670000000000000000e+02 1.479592580184733386e+00
3.680000000000000000e+02 1.594836994310003808e+00
3.690000000000000000e+02 1.364706738440131017e+00
3.700000000000000000e+02 1.360477090459804028e+00
3.710000000000000000e+02 1.204598724391129361e+00
3.720000000000000000e+02 1.130415122960575891e+00
3.730000000000000000e+02 1.123079226083625981e+00
3.740000000000000000e+02 1.077916516286575366e+00
3.750000000000000000e+02 1.246259428150313653e+00
3.760000000000000000e+02 1.376177073085308900e+00
3.770000000000000000e+02 1.651750478628809304e+00
3.780000000000000000e+02 1.802137084281130175e+00
3.790000000000000000e+02 2.088164845584943752e+00
3.800000000000000000e+02 2.249451627539766019e+00
3.810000000000000000e+02 2.617832413678589987e+00
3.820000000000000000e+02 2.334648208124252999e+00
3.830000000000000000e+02 1.816158200926111022e+00
3.840000000000000000e+02 1.678263324288586267e+00
3.850000000000000000e+02 1.491563184294407041e+00
3.860000000000000000e+02 1.460245373176565886e+00
3.870000000000000000e+02 1.264664817996034696e+00
3.880000000000000000e+02 1.364505917417107694e+00
3.890000000000000000e+02 1.312344244326375975e+00
3.900000000000000000e+02 1.255936261177412527e+00
3.910000000000000000e+02 1.327980786937504210e+00
3.920000000000000000e+02 1.347778328950230531e+00
3.930000000000000000e+02 1.470427886398880446e+00
3.940000000000000000e+02 1.937561153545222847e+00
3.950000000000000000e+02 2.248351735637755588e+00
3.960000000000000000e+02 2.439661751439151871e+00
3.970000000000000000e+02 2.870295530819869434e+00
3.980000000000000000e+02 2.788734334756174160e+00
3.990000000000000000e+02 2.483034542115504006e+00
4.000000000000000000e+02 1.970930984861555046e+00
4.010000000000000000e+02 1.500008958138475901e+00
4.020000000000000000e+02 1.487252022223689574e+00
4.030000000000000000e+02 1.370508674701596652e+00
4.040000000000000000e+02 1.341339029558185514e+00
4.050000000000000000e+02 1.325950999359454707e+00
4.060000000000000000e+02 1.401637016234682509e+00
4.070000000000000000e+02 1.472110888410020468e+00
4.080000000000000000e+02 1.441210050713575219e+00
4.090000000000000000e+02 1.564772309852483945e+00
4.100000000000000000e+02 1.600955036296747291e+00
4.110000000000000000e+02 1.744733738869252315e+00
4.120000000000000000e+02 1.899421430748352790e+00
4.130000000000000000e+02 2.120010819455442341e+00
4.140000000000000000e+02 2.383756472701493490e+00
4.150000000000000000e+02 2.503034297799205721e+00
4.160000000000000000e+02 2.424967917185612443e+00
4.170000000000000000e+02 2.369125217002786332e+00
4.180000000000000000e+02 2.112592805538713314e+00
4.190000000000000000e+02 1.913978583171528136e+00
4.200000000000000000e+02 1.817593881337192130e+00
4.210000000000000000e+02 1.857800288059278326e+00
4.220000000000000000e+02 1.622610651766556611e+00
4.230000000000000000e+02 1.630244651239070253e+00
4.240000000000000000e+02 1.483459731408687921e+00
4.250000000000000000e+02 1.529780794724563853e+00
4.260000000000000000e+02 1.504913700632367846e+00
4.270000000000000000e+02 1.604420849201978028e+00
4.280000000000000000e+02 1.594450192658867227e+00
4.290000000000000000e+02 1.735321052555897303e+00
4.300000000000000000e+02 1.872111758399020331e+00
4.310000000000000000e+02 1.792706845512594072e+00
4.320000000000000000e+02 1.739079446648131855e+00
4.330000000000000000e+02 1.689614846661055436e+00
4.340000000000000000e+02 1.780190267500908030e+00
4.350000000000000000e+02 1.737524397523869224e+00
4.360000000000000000e+02 1.878724640184866956e+00
4.370000000000000000e+02 1.877797754749372272e+00
4.380000000000000000e+02 1.964528409945048182e+00
4.390000000000000000e+02 2.072511012124107044e+00
4.400000000000000000e+02 2.015180199774543546e+00
4.410000000000000000e+02 2.081514619808922717e+00
4.420000000000000000e+02 2.102480461849952853e+00
4.430000000000000000e+02 2.097789567244600750e+00
4.440000000000000000e+02 2.125408535865834558e+00
4.450000000000000000e+02 2.084991003409717880e+00
4.460000000000000000e+02 2.105813951291330977e+00
4.470000000000000000e+02 2.078301180113421243e+00
4.480000000000000000e+02 2.162337642633336277e+00
4.490000000000000000e+02 2.213658888361117238e+00
4.500000000000000000e+02 2.498498458540546530e+00
4.510000000000000000e+02 2.560843509149562269e+00
4.520000000000000000e+02 2.412868966785417957e+00
4.530000000000000000e+02 2.443879101935847231e+00
4.540000000000000000e+02 2.504840176494699922e+00
4.550000000000000000e+02 3.036906868872437215e+00
4.560000000000000000e+02 3.705432059932765032e+00
4.570000000000000000e+02 4.342501802644290976e+00
4.580000000000000000e+02 4.396636947448083532e+00
4.590000000000000000e+02 3.758699753300124513e+00
4.600000000000000000e+02 3.961102661189724650e+00
4.610000000000000000e+02 3.714577481918444946e+00
4.620000000000000000e+02 3.999959115685297384e+00
4.630000000000000000e+02 3.650427580635274616e+00
4.640000000000000000e+02 4.036369412875246532e+00
4.650000000000000000e+02 4.434532690094901142e+00
4.660000000000000000e+02 4.214613134876338485e+00
4.670000000000000000e+02 4.459259803021711654e+00
4.680000000000000000e+02 4.015353049867518287e+00
4.690000000000000000e+02 3.900529109140272510e+00
4.700000000000000000e+02 3.380531323609062166e+00
4.710000000000000000e+02 3.231531588072007466e+00
4.720000000000000000e+02 2.878807063267555311e+00
4.730000000000000000e+02 2.639496247184712541e+00
4.740000000000000000e+02 2.576371138349717427e+00
4.750000000000000000e+02 2.320530387750292522e+00
4.760000000000000000e+02 2.330696901374780694e+00
4.770000000000000000e+02 2.250244077554838462e+00
4.780000000000000000e+02 2.295636388862503985e+00
4.790000000000000000e+02 2.222405551928347212e+00
4.800000000000000000e+02 2.312264176235419466e+00
4.810000000000000000e+02 2.264661816999066879e+00
4.820000000000000000e+02 2.320605332569450674e+00
4.830000000000000000e+02 2.291435558370475967e+00
4.840000000000000000e+02 2.566400421154140243e+00
4.850000000000000000e+02 2.732337885573516090e+00
4.860000000000000000e+02 2.816883212620511667e+00
4.870000000000000000e+02 2.606053588348614447e+00
4.880000000000000000e+02 2.683615149820322010e+00
4.890000000000000000e+02 2.856342998187886728e+00
4.900000000000000000e+02 2.700417689094483542e+00
4.910000000000000000e+02 2.483860722862365922e+00
4.920000000000000000e+02 2.459949244565875937e+00
4.930000000000000000e+02 2.254837298823468839e+00
4.940000000000000000e+02 2.263063746198725745e+00
4.950000000000000000e+02 2.171013494496057739e+00
4.960000000000000000e+02 2.155222853429927810e+00
4.970000000000000000e+02 2.115968547519691878e+00
4.980000000000000000e+02 2.110732972006222230e+00
4.990000000000000000e+02 2.124579090864154640e+00
5.000000000000000000e+02 2.129636922778356922e+00
5.010000000000000000e+02 2.160493929371215316e+00
5.020000000000000000e+02 2.178290193075567149e+00
5.030000000000000000e+02 2.466178342000653778e+00
5.040000000000000000e+02 2.714725099962591148e+00
5.050000000000000000e+02 3.014257894294476436e+00
5.060000000000000000e+02 3.004348865764047805e+00
5.070000000000000000e+02 2.743105446916448198e+00
5.080000000000000000e+02 2.688864819026172803e+00
5.090000000000000000e+02 2.450222117212354167e+00
5.100000000000000000e+02 2.512585765934880921e+00
5.110000000000000000e+02 2.429650170280093224e+00
5.120000000000000000e+02 2.579824476289036550e+00
5.130000000000000000e+02 2.650446325253247970e+00
5.140000000000000000e+02 2.904639384569382088e+00
5.150000000000000000e+02 3.161013755466264286e+00
5.160000000000000000e+02 3.089544742204062278e+00
5.170000000000000000e+02 2.986174010425260761e+00
5.180000000000000000e+02 2.720043624177176600e+00
5.190000000000000000e+02 2.441619223391659599e+00
5.200000000000000000e+02 2.399516195607093838e+00
5.210000000000000000e+02 2.451192651484359164e+00
5.220000000000000000e+02 2.444328976936670728e+00
5.230000000000000000e+02 2.512584939944498608e+00
5.240000000000000000e+02 2.543384193466062815e+00
5.250000000000000000e+02 2.532929512426301155e+00
5.260000000000000000e+02 2.628474658664834873e+00
5.270000000000000000e+02 2.559801057403801039e+00
5.280000000000000000e+02 2.712877259994851631e+00
5.290000000000000000e+02 2.580826723311907323e+00
5.300000000000000000e+02 2.699885472158384037e+00
5.310000000000000000e+02 3.265745942643885957e+00
5.320000000000000000e+02 2.985818851503676541e+00
5.330000000000000000e+02 2.648225303326532831e+00
5.340000000000000000e+02 2.575207967561260691e+00
5.350000000000000000e+02 2.520053070612247037e+00
5.360000000000000000e+02 2.555872021319596232e+00
5.370000000000000000e+02 2.595808734295475428e+00
5.380000000000000000e+02 2.623837604987486749e+00
5.390000000000000000e+02 2.719962633134517027e+00
5.400000000000000000e+02 2.596209819726007062e+00
5.410000000000000000e+02 2.661285726656315909e+00
5.420000000000000000e+02 2.633523538726775470e+00
5.430000000000000000e+02 2.836460346253482534e+00
5.440000000000000000e+02 3.211698499640597060e+00
5.450000000000000000e+02 3.766230879994517444e+00
5.460000000000000000e+02 4.697166930783340355e+00
5.470000000000000000e+02 3.389829646643975014e+00
5.480000000000000000e+02 2.862523289010617145e+00
5.490000000000000000e+02 2.551718968676568000e+00
5.500000000000000000e+02 2.307071540989731329e+00
5.510000000000000000e+02 2.386887588626008139e+00
5.520000000000000000e+02 2.126837036200240227e+00
5.530000000000000000e+02 2.229970656380372951e+00
5.540000000000000000e+02 2.111689527163832736e+00
5.550000000000000000e+02 2.065039684568894973e+00
5.560000000000000000e+02 1.965374079716192490e+00
5.570000000000000000e+02 1.966917928007669181e+00
5.580000000000000000e+02 1.910525968617193149e+00
5.590000000000000000e+02 1.949736297628562376e+00
5.600000000000000000e+02 1.928703355484839399e+00
5.610000000000000000e+02 1.988612781202872437e+00
5.620000000000000000e+02 2.020971999416679932e+00
5.630000000000000000e+02 2.156427333009604652e+00
5.640000000000000000e+02 2.486509189926960239e+00
5.650000000000000000e+02 3.207865469218536436e+00
5.660000000000000000e+02 4.010721630223041068e+00
5.670000000000000000e+02 4.440813527392464266e+00
5.680000000000000000e+02 5.410443880368124958e+00
5.690000000000000000e+02 5.933833683806673420e+00
5.700000000000000000e+02 6.245450874700178012e+00
5.710000000000000000e+02 5.361427394700097437e+00
5.720000000000000000e+02 4.535292143616481475e+00
5.730000000000000000e+02 3.246616287490568631e+00
5.740000000000000000e+02 2.270972510116858523e+00
5.750000000000000000e+02 2.208092336912109932e+00
5.760000000000000000e+02 2.098215225335415823e+00
5.770000000000000000e+02 1.910415002259130635e+00
5.780000000000000000e+02 1.920474021768778794e+00
5.790000000000000000e+02 1.949636281569715912e+00
5.800000000000000000e+02 1.948292876423790565e+00
5.810000000000000000e+02 2.232445002572402082e+00
5.820000000000000000e+02 2.079426424789667660e+00
5.830000000000000000e+02 1.940619028396817658e+00
5.840000000000000000e+02 1.868291541699096836e+00
5.850000000000000000e+02 1.833243342351333016e+00
5.860000000000000000e+02 1.846444150425435637e+00
5.870000000000000000e+02 1.854460045832230675e+00
5.880000000000000000e+02 1.914464613028604267e+00
5.890000000000000000e+02 1.945713601084531952e+00
5.900000000000000000e+02 2.063903976431296972e+00
5.910000000000000000e+02 2.391636663786133266e+00
5.920000000000000000e+02 2.540847644638461134e+00
5.930000000000000000e+02 2.498686260641078682e+00
5.940000000000000000e+02 3.295928260647972508e+00
5.950000000000000000e+02 3.407974734711895604e+00
5.960000000000000000e+02 4.054422079149683888e+00
5.970000000000000000e+02 4.478403637847212515e+00
5.980000000000000000e+02 5.494301331700523150e+00
5.990000000000000000e+02 6.070762163647279053e+00
6.000000000000000000e+02 4.987716148842475050e+00
6.010000000000000000e+02 4.026486191665795467e+00
6.020000000000000000e+02 2.957136654039765222e+00
6.030000000000000000e+02 2.611474984008542055e+00
6.040000000000000000e+02 2.160503749050574740e+00
6.050000000000000000e+02 2.242353163874333699e+00
6.060000000000000000e+02 2.033220745086861569e+00
6.070000000000000000e+02 2.139035732648684629e+00
6.080000000000000000e+02 2.066922386943375933e+00
6.090000000000000000e+02 2.266173706070786054e+00
6.100000000000000000e+02 2.313008406740096667e+00
6.110000000000000000e+02 2.648386008924553003e+00
6.120000000000000000e+02 2.736331003801293349e+00
6.130000000000000000e+02 3.041422766804907418e+00
6.140000000000000000e+02 2.842857408528686403e+00
6.150000000000000000e+02 3.057059471494648406e+00
6.160000000000000000e+02 2.996292685518580079e+00
6.170000000000000000e+02 2.832213865213689452e+00
6.180000000000000000e+02 2.869906697711442689e+00
6.190000000000000000e+02 3.002968598588238613e+00
6.200000000000000000e+02 2.927316432677783187e+00
6.210000000000000000e+02 2.698969732667915178e+00
6.220000000000000000e+02 2.446746470259640649e+00
6.230000000000000000e+02 2.435486930941445749e+00
6.240000000000000000e+02 2.311998975173726656e+00
6.250000000000000000e+02 2.295275639933595624e+00
6.260000000000000000e+02 2.141497770528545619e+00
6.270000000000000000e+02 2.196976856146889645e+00
6.280000000000000000e+02 2.125905775584409074e+00
6.290000000000000000e+02 1.973278915795612987e+00
6.300000000000000000e+02 2.042359629016567091e+00
6.310000000000000000e+02 1.933594769842957417e+00
6.320000000000000000e+02 2.053596298711880319e+00
6.330000000000000000e+02 2.059371731428402796e+00
6.340000000000000000e+02 2.406305310295128841e+00
6.350000000000000000e+02 2.366847246774966607e+00
6.360000000000000000e+02 2.341926974441848053e+00
6.370000000000000000e+02 2.104320225343792483e+00
6.380000000000000000e+02 1.913996349847420619e+00
6.390000000000000000e+02 1.853291619703893556e+00
6.400000000000000000e+02 1.668646672618030014e+00
6.410000000000000000e+02 1.643428945146483411e+00
6.420000000000000000e+02 1.609391647067502484e+00
6.430000000000000000e+02 1.717682321692388880e+00
6.440000000000000000e+02 1.901934814876582003e+00
6.450000000000000000e+02 2.065566166437973195e+00
6.460000000000000000e+02 2.303878752187511481e+00
6.470000000000000000e+02 2.582013043208235548e+00
6.480000000000000000e+02 2.659985595155684113e+00
6.490000000000000000e+02 2.712363424223863895e+00
6.500000000000000000e+02 2.745645619471064336e+00
6.510000000000000000e+02 2.440648912866241638e+00
6.520000000000000000e+02 2.238936863943679079e+00
6.530000000000000000e+02 1.992369368460235268e+00
6.540000000000000000e+02 1.922729147226392321e+00
6.550000000000000000e+02 1.730773105320378979e+00
6.560000000000000000e+02 1.650556849225043088e+00
6.570000000000000000e+02 1.712747548489571336e+00
6.580000000000000000e+02 1.688451487176379828e+00
6.590000000000000000e+02 1.930034730241079410e+00
6.600000000000000000e+02 2.229149953277533402e+00
6.610000000000000000e+02 2.271038862790112578e+00
6.620000000000000000e+02 2.280133312490209896e+00
6.630000000000000000e+02 1.955651731413499350e+00
6.640000000000000000e+02 1.753849730973376930e+00
6.650000000000000000e+02 1.609159955925750785e+00
6.660000000000000000e+02 1.587383901849710677e+00
6.670000000000000000e+02 1.607779744111262898e+00
6.680000000000000000e+02 1.630397421625972454e+00
6.690000000000000000e+02 1.836109338689172477e+00
6.700000000000000000e+02 2.031326464998533421e+00
6.710000000000000000e+02 2.377145032610169295e+00
6.720000000000000000e+02 2.959809914254182495e+00
6.730000000000000000e+02 3.582533903947786591e+00
6.740000000000000000e+02 4.210523431541614237e+00
6.750000000000000000e+02 3.999089402704161245e+00
6.760000000000000000e+02 3.218142340662964784e+00
6.770000000000000000e+02 2.653984228629012954e+00
6.780000000000000000e+02 2.233974888442611828e+00
6.790000000000000000e+02 1.930293764019844760e+00
6.800000000000000000e+02 1.777730019181830157e+00
6.810000000000000000e+02 1.596450422472296848e+00
6.820000000000000000e+02 1.541922579749476885e+00
6.830000000000000000e+02 1.595490524723608861e+00
6.840000000000000000e+02 1.668078217549515019e+00
6.850000000000000000e+02 1.704479720175572588e+00
6.860000000000000000e+02 1.803571777032770607e+00
6.870000000000000000e+02 1.801772790596790186e+00
6.880000000000000000e+02 2.010859686808475377e+00
6.890000000000000000e+02 2.209635012202118887e+00
6.900000000000000000e+02 2.393218253351523384e+00
6.910000000000000000e+02 2.252777455715893495e+00
6.920000000000000000e+02 2.161611500253552975e+00
6.930000000000000000e+02 1.976092066876512732e+00
6.940000000000000000e+02 1.975593903442766530e+00
6.950000000000000000e+02 1.847036404861230885e+00
6.960000000000000000e+02 1.882265231047824283e+00
6.970000000000000000e+02 1.838343845419750933e+00
6.980000000000000000e+02 1.954984081673529994e+00
6.990000000000000000e+02 2.085348438915570757e+00
7.000000000000000000e+02 2.276562965744485911e+00
7.010000000000000000e+02 2.505751359932447464e+00
7.020000000000000000e+02 2.689870844266898597e+00
7.030000000000000000e+02 2.985449204526475775e+00
7.040000000000000000e+02 3.150249243311690428e+00
7.050000000000000000e+02 3.368685545719096286e+00
7.060000000000000000e+02 3.555022404215696596e+00
7.070000000000000000e+02 3.800230838375193265e+00
7.080000000000000000e+02 3.502457157362095064e+00
7.090000000000000000e+02 3.443752091589138864e+00
7.100000000000000000e+02 3.122195350340674747e+00
7.110000000000000000e+02 2.830638126748312278e+00
7.120000000000000000e+02 2.676378754523212056e+00
7.130000000000000000e+02 2.456591209280823307e+00
7.140000000000000000e+02 2.419658092990355502e+00
7.150000000000000000e+02 2.288958365122295113e+00
7.160000000000000000e+02 2.194362555330205300e+00
7.170000000000000000e+02 1.845655900976588049e+00
7.180000000000000000e+02 1.827907432974834379e+00
7.190000000000000000e+02 1.758732271007227066e+00
7.200000000000000000e+02 1.936084752342394744e+00
7.210000000000000000e+02 2.338304210672127681e+00
7.220000000000000000e+02 3.451639196272803911e+00
7.230000000000000000e+02 4.121855720111751609e+00
7.240000000000000000e+02 4.277487683523440332e+00
7.250000000000000000e+02 4.665465806968734697e+00
7.260000000000000000e+02 4.141304858473749739e+00
7.270000000000000000e+02 3.738133658319052977e+00
7.280000000000000000e+02 3.068600657983339364e+00
7.290000000000000000e+02 2.643533001645039349e+00
7.300000000000000000e+02 2.548754206567313219e+00
7.310000000000000000e+02 2.612159876212072795e+00
7.320000000000000000e+02 2.650699496064626182e+00
7.330000000000000000e+02 2.823036570972889958e+00
7.340000000000000000e+02 2.861999739180662417e+00
7.350000000000000000e+02 3.117514391178578315e+00
7.360000000000000000e+02 3.093762344007577436e+00
7.370000000000000000e+02 3.153079459232023041e+00
7.380000000000000000e+02 3.159305255674919266e+00
7.390000000000000000e+02 3.024614050539451426e+00
7.400000000000000000e+02 3.068344876163725754e+00
7.410000000000000000e+02 3.045389494930833330e+00
7.420000000000000000e+02 2.969576829209849667e+00
7.430000000000000000e+02 2.920002036494801168e+00
7.440000000000000000e+02 2.894403305235654145e+00
7.450000000000000000e+02 2.881184611059949940e+00
7.460000000000000000e+02 2.809293459194877496e+00
7.470000000000000000e+02 2.817742087098116688e+00
7.480000000000000000e+02 2.877675089024938071e+00
7.490000000000000000e+02 2.921689495724232088e+00
7.500000000000000000e+02 2.948172786564066783e+00
7.510000000000000000e+02 2.915107372239793104e+00
7.520000000000000000e+02 2.925743666827232303e+00
7.530000000000000000e+02 2.978232454791847061e+00
7.540000000000000000e+02 3.061686899496934622e+00
7.550000000000000000e+02 3.168658510907631953e+00
7.560000000000000000e+02 3.373650782438818663e+00
7.570000000000000000e+02 3.729200980111761599e+00
7.580000000000000000e+02 4.104120601704747351e+00
7.590000000000000000e+02 4.378565784744399281e+00
7.600000000000000000e+02 3.983940782205987130e+00
7.610000000000000000e+02 4.202855449382046693e+00
7.620000000000000000e+02 4.334548132409540067e+00
7.630000000000000000e+02 4.659088643796820861e+00
7.640000000000000000e+02 5.415766052643593120e+00
7.650000000000000000e+02 5.730152483805531105e+00
7.660000000000000000e+02 5.014601065862893670e+00
7.670000000000000000e+02 5.737354577641231579e+00
7.680000000000000000e+02 4.950220120665335344e+00
7.690000000000000000e+02 4.028270738554422081e+00
7.700000000000000000e+02 3.432508415506683619e+00
7.710000000000000000e+02 3.638121002971092643e+00
7.720000000000000000e+02 3.742169640237239303e+00
7.730000000000000000e+02 3.360330208534125340e+00
7.740000000000000000e+02 3.182394065461318533e+00
7.750000000000000000e+02 3.158543503885155701e+00
7.760000000000000000e+02 2.997270040057915974e+00
7.770000000000000000e+02 2.957824605054439449e+00
7.780000000000000000e+02 2.891162808292818465e+00
7.790000000000000000e+02 2.854706391658801135e+00
7.800000000000000000e+02 2.862133950254857950e+00
7.810000000000000000e+02 2.873635838664645448e+00
7.820000000000000000e+02 2.925718658481273327e+00
7.830000000000000000e+02 2.868331009172608415e+00
7.840000000000000000e+02 3.029184581584619451e+00
7.850000000000000000e+02 2.976929996428853364e+00
7.860000000000000000e+02 2.956730541124510836e+00
7.870000000000000000e+02 2.821420260121058288e+00
7.880000000000000000e+02 2.997270687291647029e+00
7.890000000000000000e+02 3.170528879193295513e+00
7.900000000000000000e+02 3.317356276767099654e+00
7.910000000000000000e+02 3.524139008432898734e+00
7.920000000000000000e+02 3.526063032550103227e+00
7.930000000000000000e+02 3.376185716230340361e+00
7.940000000000000000e+02 3.340540937615068096e+00
7.950000000000000000e+02 3.189439228277059168e+00
7.960000000000000000e+02 3.191377949139323711e+00
7.970000000000000000e+02 3.099064359820482117e+00
7.980000000000000000e+02 3.187837806830747578e+00
7.990000000000000000e+02 3.143437082576651331e+00
8.000000000000000000e+02 3.234031415058731262e+00
8.010000000000000000e+02 3.342231919003038509e+00
8.020000000000000000e+02 3.515713395124782092e+00
8.030000000000000000e+02 3.570967329004875790e+00
8.040000000000000000e+02 3.637607665448572281e+00
8.050000000000000000e+02 3.773600696289476364e+00
8.060000000000000000e+02 3.671105545839705719e+00
8.070000000000000000e+02 3.486345835180193475e+00
8.080000000000000000e+02 3.286944443221160750e+00
8.090000000000000000e+02 3.164553760734403198e+00
8.100000000000000000e+02 3.274083704736761913e+00
8.110000000000000000e+02 3.253794075568489763e+00
8.120000000000000000e+02 3.341508128179106141e+00
8.130000000000000000e+02 3.359243634952810975e+00
8.140000000000000000e+02 3.208673953265802847e+00
8.150000000000000000e+02 3.249013508514288162e+00
8.160000000000000000e+02 3.230065001992937113e+00
8.170000000000000000e+02 3.255013732474752342e+00
8.180000000000000000e+02 3.305141745243870499e+00
8.190000000000000000e+02 3.409344682430933027e+00
8.200000000000000000e+02 3.343246369896160974e+00
8.210000000000000000e+02 3.494378733478642474e+00
8.220000000000000000e+02 3.415826825127996624e+00
8.230000000000000000e+02 3.545694594275278444e+00
8.240000000000000000e+02 3.605118509111952640e+00
8.250000000000000000e+02 3.904516271796393490e+00
8.260000000000000000e+02 3.969744967374713607e+00
8.270000000000000000e+02 4.016945947791096927e+00
8.280000000000000000e+02 3.782589252445168082e+00
8.290000000000000000e+02 3.684589524519126691e+00
8.300000000000000000e+02 3.977356060472859944e+00
8.310000000000000000e+02 3.881859391302685758e+00
8.320000000000000000e+02 3.837366814752540378e+00
8.330000000000000000e+02 3.642725913776512225e+00
8.340000000000000000e+02 3.791387537512066253e+00
8.350000000000000000e+02 4.226599476349691464e+00
8.360000000000000000e+02 5.249754532484052660e+00
8.370000000000000000e+02 6.361130624263844346e+00
8.380000000000000000e+02 7.550647934806977268e+00
8.390000000000000000e+02 8.708512349928657414e+00
8.400000000000000000e+02 8.150849182665469428e+00
8.410000000000000000e+02 8.009511858742987656e+00
8.420000000000000000e+02 8.791137376531414915e+00
8.430000000000000000e+02 8.698534993048264496e+00
8.440000000000000000e+02 8.814254751453120207e+00
8.450000000000000000e+02 8.962746884465509822e+00
8.460000000000000000e+02 9.151765492327843532e+00
8.470000000000000000e+02 9.865593454345916058e+00
8.480000000000000000e+02 1.006942656502441835e+01
8.490000000000000000e+02 1.062048882340062761e+01
8.500000000000000000e+02 1.083420294600377254e+01
8.510000000000000000e+02 1.070802257483280862e+01
8.520000000000000000e+02 1.022302176221043624e+01
8.530000000000000000e+02 9.531164809188060971e+00
8.540000000000000000e+02 9.809333728007313624e+00
8.550000000000000000e+02 9.425279500287516043e+00
8.560000000000000000e+02 9.340555546736196035e+00
8.570000000000000000e+02 1.046390651231045865e+01
8.580000000000000000e+02 9.950780973989434841e+00
8.590000000000000000e+02 1.012741846183741323e+01
8.600000000000000000e+02 1.089617499458937822e+01
8.610000000000000000e+02 1.113855453580727506e+01
8.620000000000000000e+02 1.141490781675698152e+01
8.630000000000000000e+02 1.072815634181899114e+01
8.640000000000000000e+02 9.256868951092920739e+00
8.650000000000000000e+02 7.671033195545935435e+00
8.660000000000000000e+02 5.965716326285176230e+00
8.670000000000000000e+02 4.038362110457398124e+00
8.680000000000000000e+02 4.205997433145654441e+00
8.690000000000000000e+02 3.621439635817803815e+00
8.700000000000000000e+02 3.611457140838715940e+00
8.710000000000000000e+02 3.362887361467886915e+00
8.720000000000000000e+02 3.346510992971909904e+00
8.730000000000000000e+02 3.340662517592329905e+00
8.740000000000000000e+02 3.473055890807365209e+00
8.750000000000000000e+02 3.782614315330492971e+00
8.760000000000000000e+02 3.703129069970774179e+00
8.770000000000000000e+02 3.535101939784174974e+00
8.780000000000000000e+02 3.620670841723554023e+00
8.790000000000000000e+02 3.519419689796678075e+00
8.800000000000000000e+02 3.474670480892442015e+00
8.810000000000000000e+02 3.422089364195384675e+00
8.820000000000000000e+02 3.308991062545632023e+00
8.830000000000000000e+02 3.351829474570692025e+00
8.840000000000000000e+02 3.312936720531843182e+00
8.850000000000000000e+02 3.432394641549442404e+00
8.860000000000000000e+02 3.335200601647855478e+00
8.870000000000000000e+02 3.430202294248048123e+00
8.880000000000000000e+02 3.369863673104129820e+00
8.890000000000000000e+02 3.200675049908641157e+00
8.900000000000000000e+02 3.364655800963858745e+00
8.910000000000000000e+02 3.171981671686852966e+00
8.920000000000000000e+02 3.432115210434311781e+00
8.930000000000000000e+02 3.329472096627642763e+00
8.940000000000000000e+02 3.039263721936958262e+00
8.950000000000000000e+02 3.089168621522083935e+00
8.960000000000000000e+02 2.982520238210475405e+00
8.970000000000000000e+02 3.034930736566201048e+00
8.980000000000000000e+02 3.037143213890222349e+00
8.990000000000000000e+02 3.006720684201991123e+00
9.000000000000000000e+02 3.128539746655297105e+00
9.010000000000000000e+02 3.097536910226567741e+00
9.020000000000000000e+02 3.176235977261665511e+00
9.030000000000000000e+02 3.191008487915788727e+00
9.040000000000000000e+02 3.363258275592095448e+00
9.050000000000000000e+02 3.591600736596436416e+00
9.060000000000000000e+02 3.596292559177821868e+00
9.070000000000000000e+02 3.459623720547043035e+00
9.080000000000000000e+02 3.392626794046465388e+00
9.090000000000000000e+02 3.589444650300793516e+00
9.100000000000000000e+02 4.409436186709557504e+00
9.110000000000000000e+02 5.265770642586192984e+00
9.120000000000000000e+02 5.372998846042889909e+00
9.130000000000000000e+02 5.345026438509095534e+00
9.140000000000000000e+02 5.242416278815055897e+00
9.150000000000000000e+02 4.493585323186487734e+00
9.160000000000000000e+02 3.902565114141734348e+00
9.170000000000000000e+02 3.463770749634212720e+00
9.180000000000000000e+02 3.231515987098661835e+00
9.190000000000000000e+02 3.104554622221539883e+00
9.200000000000000000e+02 3.042190215167006606e+00
9.210000000000000000e+02 3.025779817335445099e+00
9.220000000000000000e+02 2.989191100913434429e+00
9.230000000000000000e+02 3.035277219118394321e+00
9.240000000000000000e+02 3.010118681527345075e+00
9.250000000000000000e+02 3.123154820078627214e+00
9.260000000000000000e+02 3.220897846339017434e+00
9.270000000000000000e+02 3.368022390587672721e+00
9.280000000000000000e+02 3.385876730759764808e+00
9.290000000000000000e+02 3.595165217301936611e+00
9.300000000000000000e+02 3.653210359659854856e+00
9.310000000000000000e+02 3.523940718879466250e+00
9.320000000000000000e+02 3.605531432556701610e+00
9.330000000000000000e+02 3.589685472510175224e+00
9.340000000000000000e+02 3.922277249020530654e+00
9.350000000000000000e+02 3.855967069454401930e+00
9.360000000000000000e+02 3.636414511662862559e+00
9.370000000000000000e+02 3.767427132391866884e+00
9.380000000000000000e+02 3.665322236075142737e+00
9.390000000000000000e+02 3.721131041633140235e+00
9.400000000000000000e+02 3.587803304878126820e+00
9.410000000000000000e+02 3.273275704086232807e+00
9.420000000000000000e+02 3.280703890404586875e+00
9.430000000000000000e+02 3.132141719575442629e+00
9.440000000000000000e+02 3.054640592541550070e+00
9.450000000000000000e+02 2.942698797384808440e+00
9.460000000000000000e+02 2.954571918022324439e+00
9.470000000000000000e+02 2.883198106392887539e+00
9.480000000000000000e+02 2.907084929205917323e+00
9.490000000000000000e+02 2.906152898145551333e+00
9.500000000000000000e+02 2.946051199957641309e+00
9.510000000000000000e+02 2.995159500540569120e+00
9.520000000000000000e+02 3.023349950209955228e+00
9.530000000000000000e+02 3.146499769866680563e+00
9.540000000000000000e+02 3.124573145995667378e+00
9.550000000000000000e+02 2.992658388729404262e+00
9.560000000000000000e+02 2.946281054742151184e+00
9.570000000000000000e+02 2.947121296526910683e+00
9.580000000000000000e+02 2.788643466157122219e+00
9.590000000000000000e+02 2.590230756115390331e+00
9.600000000000000000e+02 2.627524317036009194e+00
9.610000000000000000e+02 2.933559305709223519e+00
9.620000000000000000e+02 2.907373699525618971e+00
9.630000000000000000e+02 3.275062925675482184e+00
9.640000000000000000e+02 2.836935366672177938e+00
9.650000000000000000e+02 2.333395197724996262e+00
9.660000000000000000e+02 2.768128570508837427e+00
9.670000000000000000e+02 2.974966943257256524e+00
9.680000000000000000e+02 2.535579180268318744e+00
9.690000000000000000e+02 2.431190153883027172e+00
9.700000000000000000e+02 2.974185598416779541e+00
9.710000000000000000e+02 3.104974499287666223e+00
9.720000000000000000e+02 2.790978712905839210e+00
9.730000000000000000e+02 2.991334708790474028e+00
9.740000000000000000e+02 3.520834637292822311e+00
9.750000000000000000e+02 3.598661746549805862e+00
9.760000000000000000e+02 3.462766889931628178e+00
9.770000000000000000e+02 3.828113746284636409e+00
9.780000000000000000e+02 4.276011214130344129e+00
9.790000000000000000e+02 4.308606881864822213e+00
9.800000000000000000e+02 4.340289782767938753e+00
9.810000000000000000e+02 4.796246748714176888e+00
9.820000000000000000e+02 5.245590888188307765e+00
9.830000000000000000e+02 5.207481105053373582e+00
9.840000000000000000e+02 5.303044745291902728e+00
9.850000000000000000e+02 5.892020479986174841e+00
9.860000000000000000e+02 6.232230476896524429e+00
9.870000000000000000e+02 6.064902896452780467e+00
9.880000000000000000e+02 6.238674636805615847e+00
9.890000000000000000e+02 6.853987670228714357e+00
9.900000000000000000e+02 7.157380798602414274e+00
9.910000000000000000e+02 6.986472361465402514e+00
9.920000000000000000e+02 7.543452919707041460e+00
9.930000000000000000e+02 7.765090317513868357e+00
9.940000000000000000e+02 8.527421448245680935e+00
9.950000000000000000e+02 9.081744376968794441e+00
9.960000000000000000e+02 9.915354869449890529e+00
9.970000000000000000e+02 1.005913205529055432e+01
9.980000000000000000e+02 1.020350382075145035e+01
9.990000000000000000e+02 1.016847457228361584e+01
1.000000000000000000e+03 9.975798201981685764e+00
1.001000000000000000e+03 1.043063937067066682e+01
1.002000000000000000e+03 1.037383033705720692e+01
1.003000000000000000e+03 9.928454726012718723e+00
1.004000000000000000e+03 9.920555050036206524e+00
1.005000000000000000e+03 1.011383689401466768e+01
1.006000000000000000e+03 1.008263521233215876e+01
1.007000000000000000e+03 9.442716064588891456e+00
1.008000000000000000e+03 9.850924615749336866e+00
1.009000000000000000e+03 9.820903771469248866e+00
1.010000000000000000e+03 1.059386192720818087e+01
1.011000000000000000e+03 1.072929129297219752e+01
1.012000000000000000e+03 1.139720941862053571e+01
1.013000000000000000e+03 1.217778096905695939e+01
1.014000000000000000e+03 1.258165884769060483e+01
1.015000000000000000e+03 1.362304200461329984e+01
1.016000000000000000e+03 1.476318610228453920e+01
1.017000000000000000e+03 1.584032395764232781e+01
1.018000000000000000e+03 1.671445164766107538e+01
1.000000000000000000e+00 4.744949403755619244e+00
2.000000000000000000e+00 3.301816669901613377e+00
3.000000000000000000e+00 2.461344355788938287e+00
4.000000000000000000e+00 2.131358781367306054e+00
5.000000000000000000e+00 2.058313725451456744e+00
6.000000000000000000e+00 2.138544728165142406e+00
7.000000000000000000e+00 2.035326994525249233e+00
8.000000000000000000e+00 1.852380687893033784e+00
9.000000000000000000e+00 1.914705231855403644e+00
1.000000000000000000e+01 2.248926929496782190e+00
1.100000000000000000e+01 2.317574749772743914e+00
1.200000000000000000e+01 2.071039417096245394e+00
1.300000000000000000e+01 1.964705728295832898e+00
1.400000000000000000e+01 1.840159145363211790e+00
1.500000000000000000e+01 1.832882976363790384e+00
1.600000000000000000e+01 1.913222325443318272e+00
1.700000000000000000e+01 1.887324690199090327e+00
1.800000000000000000e+01 1.829105234185028017e+00
1.900000000000000000e+01 1.843986008033451807e+00
2.000000000000000000e+01 2.069280729886158632e+00
2.100000000000000000e+01 2.436079543241246981e+00
2.200000000000000000e+01 2.487000189793182603e+00
2.300000000000000000e+01 2.256583381979285097e+00
2.400000000000000000e+01 2.436511780203158395e+00
2.500000000000000000e+01 2.406665274137416599e+00
2.600000000000000000e+01 2.666376492784567898e+00
2.700000000000000000e+01 2.758344310048782777e+00
2.800000000000000000e+01 3.279209379927439549e+00
2.900000000000000000e+01 3.798891900949625811e+00
3.000000000000000000e+01 4.581034957516154194e+00
3.100000000000000000e+01 4.337182740619773824e+00
3.200000000000000000e+01 4.089758304302301362e+00
3.300000000000000000e+01 3.958651735788452974e+00
3.400000000000000000e+01 3.952655073406515118e+00
3.500000000000000000e+01 3.402493592228228891e+00
3.600000000000000000e+01 2.811862024888375888e+00
3.700000000000000000e+01 2.439730407979368465e+00
3.800000000000000000e+01 2.208807590300617907e+00
3.900000000000000000e+01 2.336413534878432952e+00
4.000000000000000000e+01 2.469162158742320479e+00
4.100000000000000000e+01 2.735180464718862225e+00
4.200000000000000000e+01 3.203919105106765031e+00
4.300000000000000000e+01 3.863807621689481664e+00
4.400000000000000000e+01 4.215995882500298109e+00
4.500000000000000000e+01 4.291856279526098383e+00
4.600000000000000000e+01 3.780127533996338496e+00
4.700000000000000000e+01 3.773740528187925936e+00
4.800000000000000000e+01 3.583437069846997503e+00
4.900000000000000000e+01 3.394314186889506146e+00
5.000000000000000000e+01 4.180795407336430181e+00
5.100000000000000000e+01 5.491233928096637129e+00
5.200000000000000000e+01 6.037438002831430950e+00
5.300000000000000000e+01 6.629659925345874782e+00
5.400000000000000000e+01 7.784477828130130561e+00
5.500000000000000000e+01 7.696711897544593839e+00
5.600000000000000000e+01 6.511166873857361814e+00
5.700000000000000000e+01 6.145155392684070073e+00
5.800000000000000000e+01 4.622992127162222964e+00
5.900000000000000000e+01 3.542205423554771748e+00
6.000000000000000000e+01 2.856922720070725674e+00
6.100000000000000000e+01 2.325127577731370909e+00
6.200000000000000000e+01 2.515040701402102563e+00
6.300000000000000000e+01 2.436801532093443523e+00
6.400000000000000000e+01 2.585703013096888991e+00
6.500000000000000000e+01 2.618757433799911549e+00
6.600000000000000000e+01 2.569110836232096240e+00
6.700000000000000000e+01 2.668350337540024597e+00
6.800000000000000000e+01 2.778418088424737586e+00
6.900000000000000000e+01 2.549592138509955586e+00
7.000000000000000000e+01 2.570618809753723699e+00
7.100000000000000000e+01 2.757638942499053059e+00
7.200000000000000000e+01 2.865164293745557256e+00
7.300000000000000000e+01 2.959011699801309625e+00
7.400000000000000000e+01 3.469412697595268824e+00
7.500000000000000000e+01 4.255470039839512886e+00
7.600000000000000000e+01 4.532724556216077616e+00
7.700000000000000000e+01 4.322544210092289063e+00
7.800000000000000000e+01 3.878689111899768172e+00
7.900000000000000000e+01 2.556815107202702109e+00
8.000000000000000000e+01 2.269758919844217182e+00
8.100000000000000000e+01 2.269803343668191697e+00
8.200000000000000000e+01 2.060371688886744046e+00
8.300000000000000000e+01 2.068323400993913097e+00
8.400000000000000000e+01 2.314412151558442154e+00
8.500000000000000000e+01 2.251194975487483596e+00
8.600000000000000000e+01 2.220472705629285226e+00
8.700000000000000000e+01 2.209477526006174308e+00
8.800000000000000000e+01 2.160926415335070239e+00
8.900000000000000000e+01 2.230224780220333436e+00
9.000000000000000000e+01 2.208849422214152369e+00
9.100000000000000000e+01 2.218606281564863725e+00
9.200000000000000000e+01 2.048682485974516521e+00
9.300000000000000000e+01 2.083057372187412604e+00
9.400000000000000000e+01 2.017175162884480510e+00
9.500000000000000000e+01 2.241579249600662571e+00
9.600000000000000000e+01 2.194182277822630311e+00
9.700000000000000000e+01 2.018918874418449860e+00
9.800000000000000000e+01 2.039951576621503726e+00
9.900000000000000000e+01 2.049094235003680264e+00
1.000000000000000000e+02 2.054103401788072158e+00
1.010000000000000000e+02 2.038152737041833973e+00
1.020000000000000000e+02 1.927533375681596661e+00
1.030000000000000000e+02 1.980648743101464326e+00
1.040000000000000000e+02 1.887864974528606243e+00
1.050000000000000000e+02 2.103679261686078661e+00
1.060000000000000000e+02 2.067413320627952800e+00
1.070000000000000000e+02 2.115865440942181763e+00
1.080000000000000000e+02 2.255245266630224510e+00
1.090000000000000000e+02 2.271423789269132687e+00
1.100000000000000000e+02 2.113526113060868461e+00
1.110000000000000000e+02 2.122923436323779445e+00
1.120000000000000000e+02 2.023324718168002967e+00
1.130000000000000000e+02 1.897083806225493552e+00
1.140000000000000000e+02 1.874935708872846218e+00
1.150000000000000000e+02 1.769019940293721005e+00
1.160000000000000000e+02 1.803311299880868690e+00
1.170000000000000000e+02 1.697034041492932133e+00
1.180000000000000000e+02 1.810522888591483914e+00
1.190000000000000000e+02 1.776715011477328465e+00
1.200000000000000000e+02 1.957392593385173907e+00
1.210000000000000000e+02 1.957030464148482585e+00
1.220000000000000000e+02 2.160388367559056277e+00
1.230000000000000000e+02 2.193043487929976720e+00
1.240000000000000000e+02 2.148957467824249346e+00
1.250000000000000000e+02 2.303145795890105152e+00
1.260000000000000000e+02 2.448531010228450544e+00
1.270000000000000000e+02 2.334541192931894216e+00
1.280000000000000000e+02 2.301150545906978540e+00
1.290000000000000000e+02 2.492954318656442680e+00
1.300000000000000000e+02 2.569656246578190473e+00
1.310000000000000000e+02 2.471541662235989367e+00
1.320000000000000000e+02 2.537904240281971813e+00
1.330000000000000000e+02 2.720954820059969137e+00
1.340000000000000000e+02 2.680667529375575953e+00
1.350000000000000000e+02 2.692615664306939216e+00
1.360000000000000000e+02 2.883498419660313061e+00
1.370000000000000000e+02 2.790567751564525967e+00
1.380000000000000000e+02 2.561240476069133187e+00
1.390000000000000000e+02 2.656731341591857198e+00
1.400000000000000000e+02 2.772567818296324038e+00
1.410000000000000000e+02 2.644473605121445026e+00
1.420000000000000000e+02 2.529164521184375403e+00
1.430000000000000000e+02 2.626702048535569656e+00
1.440000000000000000e+02 2.783682688679271600e+00
1.450000000000000000e+02 2.694377527169407927e+00
1.460000000000000000e+02 2.502898348888041635e+00
1.470000000000000000e+02 2.524021086254967905e+00
1.480000000000000000e+02 2.399826385499131742e+00
1.490000000000000000e+02 2.276396985144876428e+00
1.500000000000000000e+02 2.137456527042775889e+00
1.510000000000000000e+02 2.078588286480450353e+00
1.520000000000000000e+02 1.974081409825039657e+00
1.530000000000000000e+02 1.915163151639575068e+00
1.540000000000000000e+02 1.806890221016559606e+00
1.550000000000000000e+02 1.856043097802324127e+00
1.560000000000000000e+02 1.779380922461370362e+00
1.570000000000000000e+02 1.947413853362115033e+00
1.580000000000000000e+02 2.004213919104214092e+00
1.590000000000000000e+02 1.958453887189241183e+00
1.600000000000000000e+02 2.091361435250497891e+00
1.610000000000000000e+02 1.856456068149985761e+00
1.620000000000000000e+02 2.451386148764306050e+00
1.630000000000000000e+02 2.931323466280679746e+00
1.640000000000000000e+02 2.659485417234057625e+00
1.650000000000000000e+02 2.584642054806263634e+00
1.660000000000000000e+02 3.419728458252926817e+00
1.670000000000000000e+02 4.842547706083769832e+00
1.680000000000000000e+02 5.330397966039054580e+00
1.690000000000000000e+02 6.636383402279075305e+00
1.700000000000000000e+02 7.924253871957153805e+00
1.710000000000000000e+02 8.377703939959758372e+00
1.720000000000000000e+02 7.905368741216516781e+00
1.730000000000000000e+02 8.719211215796009995e+00
1.740000000000000000e+02 8.342767902131901891e+00
1.750000000000000000e+02 7.746472811069789799e+00
1.760000000000000000e+02 7.786509362957009017e+00
1.770000000000000000e+02 8.989151170037834149e+00
1.780000000000000000e+02 1.056065180764091593e+01
1.790000000000000000e+02 1.255198725879678534e+01
1.800000000000000000e+02 1.245949833161246723e+01
1.810000000000000000e+02 1.412077515478104317e+01
1.820000000000000000e+02 1.306963952642245808e+01
1.830000000000000000e+02 1.063266814974341123e+01
1.840000000000000000e+02 8.066973014444107193e+00
1.850000000000000000e+02 5.765500374805053063e+00
1.860000000000000000e+02 4.615312289655007838e+00
1.870000000000000000e+02 2.701533230395321006e+00
1.880000000000000000e+02 2.137765093193349841e+00
1.890000000000000000e+02 1.884421052425889309e+00
1.900000000000000000e+02 1.734726234907856934e+00
1.910000000000000000e+02 1.869121913260170631e+00
1.920000000000000000e+02 1.855433874907882474e+00
1.930000000000000000e+02 2.026782284010725022e+00
1.940000000000000000e+02 2.072067560926787344e+00
1.950000000000000000e+02 2.004074099003565035e+00
1.960000000000000000e+02 2.003482628089913842e+00
1.970000000000000000e+02 2.228983699577252509e+00
1.980000000000000000e+02 2.391088962759688741e+00
1.990000000000000000e+02 2.538205492344321357e+00
2.000000000000000000e+02 2.549421903573626302e+00
2.010000000000000000e+02 2.729893527363432604e+00
2.020000000000000000e+02 2.544287170943289933e+00
2.030000000000000000e+02 2.355221865988259999e+00
2.040000000000000000e+02 2.532055442416103030e+00
2.050000000000000000e+02 2.601266422847758442e+00
2.060000000000000000e+02 2.364330507903428469e+00
2.070000000000000000e+02 2.309987914896453720e+00
2.080000000000000000e+02 2.536653086066519514e+00
2.090000000000000000e+02 2.498693206457358595e+00
2.100000000000000000e+02 2.299409559625167798e+00
2.110000000000000000e+02 2.319304671867727041e+00
2.120000000000000000e+02 2.195381356529548800e+00
2.130000000000000000e+02 2.128886644911784920e+00
2.140000000000000000e+02 2.331774212372006438e+00
2.150000000000000000e+02 2.485151757670930994e+00
2.160000000000000000e+02 2.419015139638149847e+00
2.170000000000000000e+02 2.442398836869060563e+00
2.180000000000000000e+02 3.005653804556184916e+00
2.190000000000000000e+02 1.984194705795805369e+00
2.200000000000000000e+02 1.576203479006293540e+00
2.210000000000000000e+02 1.514717890724715410e+00
2.220000000000000000e+02 1.489966641802727088e+00
2.230000000000000000e+02 1.312689283800755558e+00
2.240000000000000000e+02 1.349435190910025284e+00
2.250000000000000000e+02 1.473592658771474717e+00
2.260000000000000000e+02 1.391507035313058971e+00
2.270000000000000000e+02 1.307672349582897464e+00
2.280000000000000000e+02 1.462837350794658375e+00
2.290000000000000000e+02 1.523738382556844462e+00
2.300000000000000000e+02 1.427454752334200716e+00
2.310000000000000000e+02 1.479566164424032326e+00
2.320000000000000000e+02 1.588083887081353396e+00
2.330000000000000000e+02 1.639627195066522880e+00
2.340000000000000000e+02 1.844120052502847829e+00
2.350000000000000000e+02 1.821639442389098695e+00
2.360000000000000000e+02 1.761984869472837945e+00
2.370000000000000000e+02 1.878495591198095838e+00
2.380000000000000000e+02 1.802049791504122256e+00
2.390000000000000000e+02 1.922544640622309453e+00
2.400000000000000000e+02 1.956522255397946886e+00
2.410000000000000000e+02 2.138581923764450998e+00
2.420000000000000000e+02 1.962611409436263221e+00
2.430000000000000000e+02 1.869796535595185549e+00
2.440000000000000000e+02 1.710422815766287519e+00
2.450000000000000000e+02 1.715074484172124825e+00
2.460000000000000000e+02 1.597899423589406176e+00
2.470000000000000000e+02 1.686492555784991021e+00
2.480000000000000000e+02 1.620513251327538873e+00
2.490000000000000000e+02 1.739339235282469032e+00
2.500000000000000000e+02 1.720236822192459991e+00
2.510000000000000000e+02 1.828631730470638761e+00
2.520000000000000000e+02 1.726965516974599879e+00
2.530000000000000000e+02 1.645997114381803073e+00
2.540000000000000000e+02 1.456453221991408586e+00
2.550000000000000000e+02 1.391450028065551292e+00
2.560000000000000000e+02 1.269824875084770488e+00
2.570000000000000000e+02 1.187992156422524648e+00
2.580000000000000000e+02 1.232071456924297204e+00
2.590000000000000000e+02 1.367663001344691098e+00
2.600000000000000000e+02 1.521660650693051675e+00
2.610000000000000000e+02 1.549475012166423804e+00
2.620000000000000000e+02 1.846678256499822313e+00
2.630000000000000000e+02 1.890027153721182573e+00
2.640000000000000000e+02 1.763047692081336937e+00
2.650000000000000000e+02 1.536647881595150977e+00
2.660000000000000000e+02 1.482539132464030907e+00
2.670000000000000000e+02 1.411343378646230162e+00
2.680000000000000000e+02 1.361735315305931726e+00
2.690000000000000000e+02 1.332494650925001300e+00
2.700000000000000000e+02 1.831540787037317264e+00
2.710000000000000000e+02 1.467693234868429286e+00
2.720000000000000000e+02 1.596312368266431081e+00
2.730000000000000000e+02 1.624522465550035211e+00
2.740000000000000000e+02 1.746394190319252360e+00
2.750000000000000000e+02 1.833930220577557169e+00
2.760000000000000000e+02 2.216413824698712176e+00
2.770000000000000000e+02 2.605102569194959194e+00
2.780000000000000000e+02 2.703330738292122337e+00
2.790000000000000000e+02 2.166456940872580450e+00
2.800000000000000000e+02 2.361447639311367031e+00
2.810000000000000000e+02 2.027828914853837539e+00
2.820000000000000000e+02 2.858217365143488564e+00
2.830000000000000000e+02 2.941964930875729411e+00
2.840000000000000000e+02 3.573943598733815730e+00
2.850000000000000000e+02 3.254604816276482460e+00
2.860000000000000000e+02 1.812701985777389391e+00
2.870000000000000000e+02 1.451069260238498471e+00
2.880000000000000000e+02 1.283982612515764954e+00
2.890000000000000000e+02 1.201883004052056725e+00
2.900000000000000000e+02 1.154102962534859333e+00
2.910000000000000000e+02 1.128480597448823453e+00
2.920000000000000000e+02 1.168993615446312306e+00
2.930000000000000000e+02 1.095645356236168766e+00
2.940000000000000000e+02 1.131170083127665649e+00
2.950000000000000000e+02 1.223099164067404043e+00
2.960000000000000000e+02 1.190020268843700713e+00
2.970000000000000000e+02 1.180559250310795338e+00
2.980000000000000000e+02 1.260853909884702473e+00
2.990000000000000000e+02 1.311137633278497860e+00
3.000000000000000000e+02 1.344706481131118680e+00
3.010000000000000000e+02 1.406585506256587070e+00
3.020000000000000000e+02 1.464113061693467666e+00
3.030000000000000000e+02 1.494844613727606575e+00
3.040000000000000000e+02 1.480539495135977823e+00
3.050000000000000000e+02 1.532861447476488337e+00
3.060000000000000000e+02 1.526513166863863846e+00
3.070000000000000000e+02 1.642164393065991712e+00
3.080000000000000000e+02 1.625890748163040689e+00
3.090000000000000000e+02 1.788733768783296041e+00
3.100000000000000000e+02 1.827682512058402597e+00
3.110000000000000000e+02 2.004099238636063429e+00
3.120000000000000000e+02 2.130740707774297693e+00
3.130000000000000000e+02 2.153233465110651501e+00
3.140000000000000000e+02 1.902879400676637633e+00
3.150000000000000000e+02 1.897286933321912894e+00
3.160000000000000000e+02 1.880665062576658997e+00
3.170000000000000000e+02 1.693861033590145171e+00
3.180000000000000000e+02 1.597225436674294619e+00
3.190000000000000000e+02 1.664524693908823849e+00
3.200000000000000000e+02 1.586538266159009947e+00
3.210000000000000000e+02 1.446682642935003260e+00
3.220000000000000000e+02 1.485266091077221962e+00
3.230000000000000000e+02 1.514210974980086055e+00
3.240000000000000000e+02 1.352584437500887304e+00
3.250000000000000000e+02 1.324283439058253853e+00
3.260000000000000000e+02 1.420902801031194596e+00
3.270000000000000000e+02 1.571861908878164016e+00
3.280000000000000000e+02 1.527982128511371274e+00
3.290000000000000000e+02 1.652921339869179107e+00
3.300000000000000000e+02 1.722582133015762462e+00
3.310000000000000000e+02 1.927495663841017448e+00
3.320000000000000000e+02 2.039103305951000866e+00
3.330000000000000000e+02 2.099712842558174142e+00
3.340000000000000000e+02 2.350712732367378432e+00
3.350000000000000000e+02 2.756762008883340442e+00
3.360000000000000000e+02 2.660847356731209867e+00
3.370000000000000000e+02 2.349181528630750915e+00
3.380000000000000000e+02 2.545320984235004858e+00
3.390000000000000000e+02 2.421061891961051593e+00
3.400000000000000000e+02 2.262141084973047445e+00
3.410000000000000000e+02 2.509272437503858200e+00
3.420000000000000000e+02 2.442867324452097311e+00
3.430000000000000000e+02 2.156812028698054107e+00
3.440000000000000000e+02 2.103701331629274307e+00
3.450000000000000000e+02 2.211636689573915682e+00
3.460000000000000000e+02 2.140670232986159327e+00
3.470000000000000000e+02 1.946891211738862371e+00
3.480000000000000000e+02 1.932468293011313065e+00
3.490000000000000000e+02 2.012136522746651224e+00
3.500000000000000000e+02 1.909096846751973775e+00
3.510000000000000000e+02 1.767448583736926926e+00
3.520000000000000000e+02 1.841933920216042297e+00
3.530000000000000000e+02 1.950590669166614388e+00
3.540000000000000000e+02 1.732547450160962343e+00
3.550000000000000000e+02 1.698492566032312245e+00
3.560000000000000000e+02 1.576985236852963768e+00
3.570000000000000000e+02 1.518832352943546793e+00
3.580000000000000000e+02 1.518981822148206540e+00
3.590000000000000000e+02 1.537263205138128308e+00
3.600000000000000000e+02 1.681412209504873356e+00
3.610000000000000000e+02 1.828594629261383497e+00
3.620000000000000000e+02 1.676646557070607280e+00
3.630000000000000000e+02 1.748036035981103353e+00
3.640000000000000000e+02 1.773482070620140405e+00
3.650000000000000000e+02 1.770104720727845526e+00
3.660000000000000000e+02 1.655842289717505578e+00
3.670000000000000000e+02 1.621570023732294086e+00
3.680000000000000000e+02 1.566263953509883899e+00
3.690000000000000000e+02 1.650399094299462632e+00
3.700000000000000000e+02 1.674180796858066644e+00
3.710000000000000000e+02 1.841894932442931232e+00
3.720000000000000000e+02 1.876865713769855004e+00
3.730000000000000000e+02 2.200966477150081868e+00
3.740000000000000000e+02 2.310532770162199157e+00
3.750000000000000000e+02 2.844483185457974184e+00
3.760000000000000000e+02 2.922603508425172691e+00
3.770000000000000000e+02 2.865720462391267542e+00
3.780000000000000000e+02 2.712256824458943338e+00
3.790000000000000000e+02 2.396116626138539818e+00
3.800000000000000000e+02 2.194179131323215515e+00
3.810000000000000000e+02 2.015765088302789998e+00
3.820000000000000000e+02 1.741551451363608338e+00
3.830000000000000000e+02 1.672472662848808689e+00
3.840000000000000000e+02 1.533560914399265007e+00
3.850000000000000000e+02 1.611869142551151546e+00
3.860000000000000000e+02 1.723679126307678722e+00
3.870000000000000000e+02 1.788834503155740885e+00
3.880000000000000000e+02 2.040391176934021278e+00
3.890000000000000000e+02 2.150808938033724971e+00
3.900000000000000000e+02 2.468256597706449895e+00
3.910000000000000000e+02 2.391168229171549253e+00
3.920000000000000000e+02 2.381065310367641352e+00
3.930000000000000000e+02 2.400290544134911386e+00
3.940000000000000000e+02 2.185499413491780452e+00
3.950000000000000000e+02 2.037748728946386922e+00
3.960000000000000000e+02 1.960442082338270442e+00
3.970000000000000000e+02 1.752931500176355906e+00
3.980000000000000000e+02 1.849696786114204849e+00
3.990000000000000000e+02 1.731595939340453416e+00
4.000000000000000000e+02 1.781057847771235325e+00
4.010000000000000000e+02 1.729527677068904978e+00
4.020000000000000000e+02 1.810540087575340795e+00
4.030000000000000000e+02 1.804577845985796625e+00
4.040000000000000000e+02 1.887209314569958885e+00
4.050000000000000000e+02 1.974785575212855804e+00
4.060000000000000000e+02 2.124569376390494035e+00
4.070000000000000000e+02 2.079075979994430945e+00
4.080000000000000000e+02 2.476635570822013133e+00
4.090000000000000000e+02 2.659439586090304175e+00
4.100000000000000000e+02 2.851237647860706659e+00
4.110000000000000000e+02 2.400321310620950666e+00
4.120000000000000000e+02 2.165433752794113431e+00
4.130000000000000000e+02 2.106626572180747559e+00
4.140000000000000000e+02 1.858115627188866359e+00
4.150000000000000000e+02 1.766608450713577527e+00
4.160000000000000000e+02 1.663756739953104580e+00
4.170000000000000000e+02 1.686774385724605141e+00
4.180000000000000000e+02 1.679974030799465723e+00
4.190000000000000000e+02 1.677063674270741878e+00
4.200000000000000000e+02 1.919184032213400393e+00
4.210000000000000000e+02 1.964443914784989254e+00
4.220000000000000000e+02 2.174574691542049631e+00
4.230000000000000000e+02 2.006323068100137608e+00
4.240000000000000000e+02 1.897472139917889766e+00
4.250000000000000000e+02 1.886082554973649517e+00
4.260000000000000000e+02 1.962378801688261287e+00
4.270000000000000000e+02 1.948568923304881295e+00
4.280000000000000000e+02 2.145450042282216696e+00
4.290000000000000000e+02 2.096022771219304470e+00
4.300000000000000000e+02 2.257267417230903739e+00
4.310000000000000000e+02 2.166946724589251083e+00
4.320000000000000000e+02 2.336861139193833647e+00
4.330000000000000000e+02 2.315471971196651157e+00
4.340000000000000000e+02 2.223392447334538335e+00
4.350000000000000000e+02 2.212970722408600821e+00
4.360000000000000000e+02 2.952831458309723711e+00
4.370000000000000000e+02 2.977433157918326856e+00
4.380000000000000000e+02 3.251002230198388077e+00
4.390000000000000000e+02 4.045588524192273105e+00
4.400000000000000000e+02 4.433075681898015930e+00
4.410000000000000000e+02 3.823106700351370346e+00
4.420000000000000000e+02 3.851859603891788275e+00
4.430000000000000000e+02 3.812227892783330407e+00
4.440000000000000000e+02 3.521697019454954614e+00
4.450000000000000000e+02 4.034372560212026393e+00
4.460000000000000000e+02 4.300552700465062550e+00
4.470000000000000000e+02 3.776192840119854566e+00
4.480000000000000000e+02 3.346513896751868167e+00
4.490000000000000000e+02 3.577485708142715826e+00
4.500000000000000000e+02 3.458263388563727059e+00
4.510000000000000000e+02 3.333088793656537874e+00
4.520000000000000000e+02 2.922136365583964501e+00
4.530000000000000000e+02 2.590089127216197440e+00
4.540000000000000000e+02 2.442324817883398946e+00
4.550000000000000000e+02 2.575790595772180058e+00
4.560000000000000000e+02 2.609471951993898919e+00
4.570000000000000000e+02 3.017411600025142526e+00
4.580000000000000000e+02 3.795364090754617337e+00
4.590000000000000000e+02 3.609769447006586418e+00
4.600000000000000000e+02 3.065110018224710409e+00
4.610000000000000000e+02 2.843954966022715247e+00
4.620000000000000000e+02 2.756903109697989240e+00
4.630000000000000000e+02 2.542036856066822725e+00
4.640000000000000000e+02 2.693956377209854480e+00
4.650000000000000000e+02 2.963740104710441692e+00
4.660000000000000000e+02 3.053337437490581063e+00
4.670000000000000000e+02 3.622571744999928178e+00
4.680000000000000000e+02 4.133944262651829682e+00
4.690000000000000000e+02 4.320182938137502759e+00
4.700000000000000000e+02 4.372558279701767248e+00
4.710000000000000000e+02 3.578440819528456274e+00
4.720000000000000000e+02 3.910841688653255765e+00
4.730000000000000000e+02 3.670770068659434671e+00
4.740000000000000000e+02 3.710717437315379730e+00
4.750000000000000000e+02 4.033096946748685241e+00
4.760000000000000000e+02 4.389789848571920672e+00
4.770000000000000000e+02 5.028012784108301325e+00
4.780000000000000000e+02 5.587729883315301294e+00
4.790000000000000000e+02 5.391631416438397828e+00
4.800000000000000000e+02 5.946814599409437463e+00
4.810000000000000000e+02 5.733627649906689605e+00
4.820000000000000000e+02 5.730751352818780120e+00
4.830000000000000000e+02 4.330079631967435283e+00
4.840000000000000000e+02 3.483960810912664297e+00
4.850000000000000000e+02 2.826788665131231948e+00
4.860000000000000000e+02 2.326243248853499423e+00
4.870000000000000000e+02 2.474832022872969439e+00
4.880000000000000000e+02 2.738307228661649884e+00
4.890000000000000000e+02 3.023387188644910850e+00
4.900000000000000000e+02 3.862758612395104763e+00
4.910000000000000000e+02 2.909908578853697581e+00
4.920000000000000000e+02 2.462825517472851278e+00
4.930000000000000000e+02 2.023222008054946564e+00
4.940000000000000000e+02 1.969559276367193412e+00
4.950000000000000000e+02 1.821153472520546712e+00
4.960000000000000000e+02 1.777546276862508767e+00
4.970000000000000000e+02 1.668119419471784104e+00
4.980000000000000000e+02 1.638402797757813056e+00
4.990000000000000000e+02 1.772316067448582055e+00
5.000000000000000000e+02 1.907524412079187437e+00
5.010000000000000000e+02 2.101553550055495379e+00
5.020000000000000000e+02 2.275432517847397307e+00
5.030000000000000000e+02 2.548541147715501776e+00
5.040000000000000000e+02 2.442741601456469347e+00
5.050000000000000000e+02 2.141259510499240015e+00
5.060000000000000000e+02 1.950579112529145620e+00
5.070000000000000000e+02 1.931643056225474275e+00
5.080000000000000000e+02 1.799174864116909633e+00
5.090000000000000000e+02 1.770468220221484312e+00
5.100000000000000000e+02 1.974464132433545238e+00
5.110000000000000000e+02 2.008049829497803973e+00
5.120000000000000000e+02 2.158036683514120924e+00
5.130000000000000000e+02 2.074694621770127867e+00
5.140000000000000000e+02 2.329950509966256522e+00
5.150000000000000000e+02 2.014456137523150669e+00
5.160000000000000000e+02 1.786401812133893374e+00
5.170000000000000000e+02 1.913662901209161937e+00
5.180000000000000000e+02 1.928321324390539715e+00
5.190000000000000000e+02 1.965895885975933233e+00
5.200000000000000000e+02 1.883483592832293274e+00
5.210000000000000000e+02 1.748596228462913293e+00
5.220000000000000000e+02 1.726505322564065859e+00
5.230000000000000000e+02 1.708917377328655895e+00
5.240000000000000000e+02 1.757164398210001144e+00
5.250000000000000000e+02 2.212526574667841750e+00
5.260000000000000000e+02 1.982432479088392263e+00
5.270000000000000000e+02 1.933441449493610520e+00
5.280000000000000000e+02 1.632914226472793606e+00
5.290000000000000000e+02 1.555461851714004862e+00
5.300000000000000000e+02 1.575514246682381714e+00
5.310000000000000000e+02 1.717905874355593054e+00
5.320000000000000000e+02 1.964415796541170600e+00
5.330000000000000000e+02 2.031974935827522089e+00
5.340000000000000000e+02 1.857872307608010809e+00
5.350000000000000000e+02 1.613182924361089787e+00
5.360000000000000000e+02 1.524773883942445396e+00
5.370000000000000000e+02 1.637013367475393721e+00
5.380000000000000000e+02 1.720192162075808495e+00
5.390000000000000000e+02 1.588119599627238809e+00
5.400000000000000000e+02 1.590467323704381375e+00
5.410000000000000000e+02 1.662906728721037730e+00
5.420000000000000000e+02 1.587273910185916792e+00
5.430000000000000000e+02 1.660654041982714046e+00
5.440000000000000000e+02 1.668479811597147977e+00
5.450000000000000000e+02 1.641008307477911154e+00
5.460000000000000000e+02 1.586807065778777170e+00
5.470000000000000000e+02 1.542546024403569360e+00
5.480000000000000000e+02 1.623941444028933700e+00
5.490000000000000000e+02 1.564287343744930947e+00
5.500000000000000000e+02 1.609698603822166341e+00
5.510000000000000000e+02 1.665057403222239607e+00
5.520000000000000000e+02 1.682967491518220227e+00
5.530000000000000000e+02 1.565462004003984386e+00
5.540000000000000000e+02 1.626109294583516718e+00
5.550000000000000000e+02 1.676752369662065867e+00
5.560000000000000000e+02 1.633005470977788143e+00
5.570000000000000000e+02 1.546510576862827113e+00
5.580000000000000000e+02 1.526912967418432077e+00
5.590000000000000000e+02 1.644675350347995835e+00
5.600000000000000000e+02 1.645655946609817510e+00
5.610000000000000000e+02 1.618743836082778387e+00
5.620000000000000000e+02 1.752922072052681912e+00
5.630000000000000000e+02 1.714195043034663746e+00
5.640000000000000000e+02 1.793158095947721575e+00
5.650000000000000000e+02 1.852498476814554262e+00
5.660000000000000000e+02 1.897486957706399968e+00
5.670000000000000000e+02 1.868284002147508671e+00
5.680000000000000000e+02 1.893883104381942184e+00
5.690000000000000000e+02 2.056846200220157073e+00
5.700000000000000000e+02 2.251770179143396611e+00
5.710000000000000000e+02 2.256961927540917401e+00
5.720000000000000000e+02 2.168385650547124843e+00
5.730000000000000000e+02 2.089814052093655228e+00
5.740000000000000000e+02 2.022861284006763238e+00
5.750000000000000000e+02 2.055146990998435452e+00
5.760000000000000000e+02 2.200577686604455074e+00
5.770000000000000000e+02 2.400825583961203602e+00
5.780000000000000000e+02 2.581900587681015935e+00
5.790000000000000000e+02 2.447444000784273932e+00
5.800000000000000000e+02 2.249035213073417694e+00
5.810000000000000000e+02 1.975947627294653230e+00
5.820000000000000000e+02 1.984832197669935683e+00
5.830000000000000000e+02 1.819638348797902427e+00
5.840000000000000000e+02 1.837126670527217343e+00
5.850000000000000000e+02 1.989082945361346333e+00
5.860000000000000000e+02 2.077744990930016300e+00
5.870000000000000000e+02 2.381907447867459560e+00
5.880000000000000000e+02 3.030928246957938388e+00
5.890000000000000000e+02 3.261622381971834628e+00
5.900000000000000000e+02 4.093511529231198764e+00
5.910000000000000000e+02 3.761236873324824703e+00
5.920000000000000000e+02 4.010839645750964522e+00
5.930000000000000000e+02 3.402122146718548734e+00
5.940000000000000000e+02 2.739633483401797687e+00
5.950000000000000000e+02 2.723466141699862231e+00
5.960000000000000000e+02 2.486158326815785635e+00
5.970000000000000000e+02 2.128970335375093281e+00
5.980000000000000000e+02 2.189973221746148724e+00
5.990000000000000000e+02 2.274779181658332039e+00
6.000000000000000000e+02 2.355364407913320246e+00
6.010000000000000000e+02 2.377738413113478444e+00
6.020000000000000000e+02 2.531275127326575447e+00
6.030000000000000000e+02 2.835557341674319609e+00
6.040000000000000000e+02 2.767988776838417486e+00
6.050000000000000000e+02 3.048162171879816196e+00
6.060000000000000000e+02 2.889473531683185659e+00
6.070000000000000000e+02 2.834408845779404107e+00
6.080000000000000000e+02 2.745332858742966842e+00
6.090000000000000000e+02 2.687194851599977508e+00
6.100000000000000000e+02 2.649951580850236521e+00
6.110000000000000000e+02 2.748834063655806403e+00
6.120000000000000000e+02 2.730224594836052621e+00
6.130000000000000000e+02 2.772720513319886226e+00
6.140000000000000000e+02 2.853242708315808507e+00
6.150000000000000000e+02 2.907288335685676905e+00
6.160000000000000000e+02 2.955533643769814756e+00
6.170000000000000000e+02 3.013978515886590603e+00
6.180000000000000000e+02 3.176447734909904952e+00
6.190000000000000000e+02 3.397745703837325770e+00
6.200000000000000000e+02 3.454194509487675369e+00
6.210000000000000000e+02 3.481162321590252073e+00
6.220000000000000000e+02 3.201233783272607880e+00
6.230000000000000000e+02 3.086027009425993395e+00
6.240000000000000000e+02 3.114624741550472642e+00
6.250000000000000000e+02 2.915621714550477694e+00
6.260000000000000000e+02 3.081773217396589715e+00
6.270000000000000000e+02 3.293714750794931145e+00
6.280000000000000000e+02 3.183273143694281160e+00
6.290000000000000000e+02 3.071934290461892481e+00
6.300000000000000000e+02 2.715860236341800071e+00
6.310000000000000000e+02 2.696808936228099363e+00
6.320000000000000000e+02 2.745704400121637523e+00
6.330000000000000000e+02 2.576606681381461428e+00
6.340000000000000000e+02 2.465698162545837846e+00
6.350000000000000000e+02 2.561777455802924930e+00
6.360000000000000000e+02 2.776712248866142208e+00
6.370000000000000000e+02 2.732148195725264017e+00
6.380000000000000000e+02 2.891855062477268312e+00
6.390000000000000000e+02 3.065173108655507406e+00
6.400000000000000000e+02 3.391846107539394861e+00
6.410000000000000000e+02 3.411220684621104393e+00
6.420000000000000000e+02 3.525249084659029197e+00
6.430000000000000000e+02 3.696621938809864005e+00
6.440000000000000000e+02 3.693875713688140383e+00
6.450000000000000000e+02 3.577423661074015104e+00
6.460000000000000000e+02 4.185313911358941041e+00
6.470000000000000000e+02 4.506663021513547918e+00
6.480000000000000000e+02 5.187011595186710622e+00
6.490000000000000000e+02 5.652314073209317336e+00
6.500000000000000000e+02 4.613230792497677868e+00
6.510000000000000000e+02 3.938659009380048204e+00
6.520000000000000000e+02 3.444491745473915678e+00
6.530000000000000000e+02 3.139215961042237879e+00
6.540000000000000000e+02 3.025607648445901354e+00
6.550000000000000000e+02 2.849247775813505079e+00
6.560000000000000000e+02 2.857304601176573478e+00
6.570000000000000000e+02 2.851848741266517440e+00
6.580000000000000000e+02 2.917610074432578138e+00
6.590000000000000000e+02 3.025699323587937695e+00
6.600000000000000000e+02 3.257770434421158434e+00
6.610000000000000000e+02 3.270189255095909520e+00
6.620000000000000000e+02 3.060142175936799269e+00
6.630000000000000000e+02 2.966172124382035591e+00
6.640000000000000000e+02 2.886799109433718424e+00
6.650000000000000000e+02 2.869300944269169040e+00
6.660000000000000000e+02 2.902401420111172303e+00
6.670000000000000000e+02 2.945491935602661648e+00
6.680000000000000000e+02 3.056514950376209239e+00
6.690000000000000000e+02 3.211791210689798781e+00
6.700000000000000000e+02 3.542667323885665631e+00
6.710000000000000000e+02 3.775089480200084946e+00
6.720000000000000000e+02 3.895558043865979148e+00
6.730000000000000000e+02 4.693203196649150755e+00
6.740000000000000000e+02 4.960558697456428412e+00
6.750000000000000000e+02 3.770673104643918361e+00
6.760000000000000000e+02 3.181296187932929787e+00
6.770000000000000000e+02 2.917117677105168561e+00
6.780000000000000000e+02 3.012548475656584124e+00
6.790000000000000000e+02 2.984181580653367138e+00
6.800000000000000000e+02 3.175956323893340816e+00
6.810000000000000000e+02 3.094926132479002057e+00
6.820000000000000000e+02 3.142480438007563492e+00
6.830000000000000000e+02 3.256098085300148881e+00
6.840000000000000000e+02 3.199292005293604024e+00
6.850000000000000000e+02 3.016079828190061818e+00
6.860000000000000000e+02 3.004532725083196354e+00
6.870000000000000000e+02 3.024261164119218748e+00
6.880000000000000000e+02 3.074066710861889984e+00
6.890000000000000000e+02 3.054409816519849219e+00
6.900000000000000000e+02 3.403871214353461738e+00
6.910000000000000000e+02 3.199077603420117821e+00
6.920000000000000000e+02 3.681434860392968300e+00
6.930000000000000000e+02 3.553413684048649657e+00
6.940000000000000000e+02 3.910669051850325761e+00
6.950000000000000000e+02 3.416788946019101214e+00
6.960000000000000000e+02 2.918403448418543711e+00
6.970000000000000000e+02 3.512171555824916691e+00
6.980000000000000000e+02 3.650241749692191284e+00
6.990000000000000000e+02 2.895075369317417380e+00
7.000000000000000000e+02 2.919090400160144316e+00
7.010000000000000000e+02 3.597951086405851928e+00
7.020000000000000000e+02 3.349725878504410392e+00
7.030000000000000000e+02 2.733368991862072495e+00
7.040000000000000000e+02 3.310796230169922527e+00
7.050000000000000000e+02 3.790928117493634453e+00
7.060000000000000000e+02 3.354758449772542228e+00
7.070000000000000000e+02 3.152431518927178544e+00
7.080000000000000000e+02 3.871016534599514003e+00
7.090000000000000000e+02 4.115455171318521010e+00
7.100000000000000000e+02 3.710963830530793928e+00
7.110000000000000000e+02 3.883036685863883175e+00
7.120000000000000000e+02 4.496475309416577915e+00
7.130000000000000000e+02 4.493971427807893271e+00
7.140000000000000000e+02 4.258223998795998000e+00
7.150000000000000000e+02 4.659289811619026445e+00
7.160000000000000000e+02 5.145694948415481029e+00
7.170000000000000000e+02 5.122964490106262758e+00
7.180000000000000000e+02 5.105661398413321450e+00
7.190000000000000000e+02 5.639444107741245382e+00
7.200000000000000000e+02 5.993842552849098837e+00
7.210000000000000000e+02 5.919657765231980839e+00
7.220000000000000000e+02 6.097087792102039217e+00
7.230000000000000000e+02 6.596975782496946827e+00
7.240000000000000000e+02 6.865396616664666496e+00
7.250000000000000000e+02 6.852057475595977998e+00
7.260000000000000000e+02 7.085392763973320740e+00
7.270000000000000000e+02 7.579031714852527024e+00
7.280000000000000000e+02 7.744471861858484907e+00
7.290000000000000000e+02 7.752652464329314874e+00
7.300000000000000000e+02 8.139087105743437078e+00
7.310000000000000000e+02 8.582212573833579938e+00
7.320000000000000000e+02 8.508980285593848336e+00
7.330000000000000000e+02 8.734296723659344508e+00
7.340000000000000000e+02 9.254614814147277713e+00
7.350000000000000000e+02 9.490144748002066422e+00
7.360000000000000000e+02 9.518036989234060385e+00
7.370000000000000000e+02 9.849810787489138519e+00
7.380000000000000000e+02 1.033937243566350084e+01
7.390000000000000000e+02 1.048269647538790572e+01
7.400000000000000000e+02 1.067620885970159605e+01
7.410000000000000000e+02 1.100507624641309334e+01
7.420000000000000000e+02 1.064177469226146400e+01
7.430000000000000000e+02 1.098069999315870326e+01
7.440000000000000000e+02 1.085121920267156526e+01
7.450000000000000000e+02 1.094773018472650605e+01
7.460000000000000000e+02 1.159833408857225834e+01
7.470000000000000000e+02 1.164071030672090679e+01
7.480000000000000000e+02 1.175269179928750773e+01
7.490000000000000000e+02 1.177232132234600925e+01
7.500000000000000000e+02 1.130882854139025184e+01
7.510000000000000000e+02 1.166281130959331058e+01
7.520000000000000000e+02 1.100929602673954655e+01
7.530000000000000000e+02 1.028775684979752292e+01
7.540000000000000000e+02 9.761103584055543791e+00
7.550000000000000000e+02 9.268104384737071655e+00
7.560000000000000000e+02 8.773521794464818058e+00
7.570000000000000000e+02 8.679752630236929889e+00
7.580000000000000000e+02 8.138503811834009838e+00
7.590000000000000000e+02 7.755075924944711652e+00
7.600000000000000000e+02 7.952244107378494853e+00
7.610000000000000000e+02 7.247708602931724364e+00
7.620000000000000000e+02 7.679149791014551418e+00
