# Residue RMSF(Ang)
1.000000000000000000e+00 2.142814262895770927e+00
2.000000000000000000e+00 2.048799318808204983e+00
3.000000000000000000e+00 1.882407311662081861e+00
4.000000000000000000e+00 1.910392248465407228e+00
5.000000000000000000e+00 1.871105784297725450e+00
6.000000000000000000e+00 2.137140657505890662e+00
7.000000000000000000e+00 2.255761251549869506e+00
8.000000000000000000e+00 2.066992867610742302e+00
9.000000000000000000e+00 2.172837531813459844e+00
1.000000000000000000e+01 2.139911191209875607e+00
1.100000000000000000e+01 2.181998618711682880e+00
1.200000000000000000e+01 2.185775480675847149e+00
1.300000000000000000e+01 2.266274418277566038e+00
1.400000000000000000e+01 2.429731475854032929e+00
1.500000000000000000e+01 2.262903991487302591e+00
1.600000000000000000e+01 2.013306157447879219e+00
1.700000000000000000e+01 2.065066453657635748e+00
1.800000000000000000e+01 1.847860689873197959e+00
1.900000000000000000e+01 1.950129905686063259e+00
2.000000000000000000e+01 1.819417052833171899e+00
2.100000000000000000e+01 1.711607488596751603e+00
2.200000000000000000e+01 1.821836471195467988e+00
2.300000000000000000e+01 1.968322572061366627e+00
2.400000000000000000e+01 2.157107031973517941e+00
2.500000000000000000e+01 2.362502401772117899e+00
2.600000000000000000e+01 2.609517954489455782e+00
2.700000000000000000e+01 2.960149276189352197e+00
2.800000000000000000e+01 3.419330908110029377e+00
2.900000000000000000e+01 4.221674364662175272e+00
3.000000000000000000e+01 4.622617073101142005e+00
3.100000000000000000e+01 3.818915146169000963e+00
3.200000000000000000e+01 3.831683883650745415e+00
3.300000000000000000e+01 3.341009562860867366e+00
3.400000000000000000e+01 2.905183487039736612e+00
3.500000000000000000e+01 2.640578569009253584e+00
3.600000000000000000e+01 2.442732617192473477e+00
3.700000000000000000e+01 2.334223129236799199e+00
3.800000000000000000e+01 2.124606286284339784e+00
3.900000000000000000e+01 2.054469255703499364e+00
4.000000000000000000e+01 2.033109609602798962e+00
4.100000000000000000e+01 2.002236135880996581e+00
4.200000000000000000e+01 2.047498453890324033e+00
4.300000000000000000e+01 2.261449785211600449e+00
4.400000000000000000e+01 2.536221155789405213e+00
4.500000000000000000e+01 2.937352359904189747e+00
4.600000000000000000e+01 3.722468167149035612e+00
4.700000000000000000e+01 4.074544881280657727e+00
4.800000000000000000e+01 3.977562926503571905e+00
4.900000000000000000e+01 3.520056007256492592e+00
5.000000000000000000e+01 2.862975196498676045e+00
5.100000000000000000e+01 2.666633371412900910e+00
5.200000000000000000e+01 2.389876795279364252e+00
5.300000000000000000e+01 2.447827529885292286e+00
5.400000000000000000e+01 2.256131240264970916e+00
5.500000000000000000e+01 2.348759464764997418e+00
5.600000000000000000e+01 2.331785052803161395e+00
5.700000000000000000e+01 2.434406045205789404e+00
5.800000000000000000e+01 2.584090548197445880e+00
5.900000000000000000e+01 2.590341607085308251e+00
6.000000000000000000e+01 2.801404185797302215e+00
6.100000000000000000e+01 3.014385984714761157e+00
6.200000000000000000e+01 3.222984394753413806e+00
6.300000000000000000e+01 3.568034760903164848e+00
6.400000000000000000e+01 3.529029801055215021e+00
6.500000000000000000e+01 3.158266587433248063e+00
6.600000000000000000e+01 3.176054599270424106e+00
6.700000000000000000e+01 2.658720620761395814e+00
6.800000000000000000e+01 2.787704403411118470e+00
6.900000000000000000e+01 2.774479887888840146e+00
7.000000000000000000e+01 3.012302224524745498e+00
7.100000000000000000e+01 3.349549918472479515e+00
7.200000000000000000e+01 3.128479314923082732e+00
7.300000000000000000e+01 3.776684232723924950e+00
7.400000000000000000e+01 3.842432760948307102e+00
7.500000000000000000e+01 3.950830655494030008e+00
7.600000000000000000e+01 3.898021300030592329e+00
7.700000000000000000e+01 3.417258706515884814e+00
7.800000000000000000e+01 3.606493806321117379e+00
7.900000000000000000e+01 3.879526490122807925e+00
8.000000000000000000e+01 4.231455568372745724e+00
8.100000000000000000e+01 4.452438226651336706e+00
8.200000000000000000e+01 5.263270636328932994e+00
8.300000000000000000e+01 4.319493854459223847e+00
8.400000000000000000e+01 3.930833480669251756e+00
8.500000000000000000e+01 3.770496745360579993e+00
8.600000000000000000e+01 3.266931779924195478e+00
8.700000000000000000e+01 2.925963056260701745e+00
8.800000000000000000e+01 2.714493518630395563e+00
8.900000000000000000e+01 2.633301705496455369e+00
9.000000000000000000e+01 2.481580310432399905e+00
9.100000000000000000e+01 2.255049502201551537e+00
9.200000000000000000e+01 2.237732863669693817e+00
9.300000000000000000e+01 2.063194618817990822e+00
9.400000000000000000e+01 2.207720014474538139e+00
9.500000000000000000e+01 2.116148021212597818e+00
9.600000000000000000e+01 1.917945623116170006e+00
9.700000000000000000e+01 2.009777015418430679e+00
9.800000000000000000e+01 2.162326827492863757e+00
9.900000000000000000e+01 2.244908278758001252e+00
1.000000000000000000e+02 2.473514593644078996e+00
1.010000000000000000e+02 2.697053217013883675e+00
1.020000000000000000e+02 2.888242366380926462e+00
1.030000000000000000e+02 3.007841461424841878e+00
1.040000000000000000e+02 2.832325518491229488e+00
1.050000000000000000e+02 2.586548682201345262e+00
1.060000000000000000e+02 2.500697990749541244e+00
1.070000000000000000e+02 2.355335410237286986e+00
1.080000000000000000e+02 2.258118256408628177e+00
1.090000000000000000e+02 2.213259541015725862e+00
1.100000000000000000e+02 2.129971646341470848e+00
1.110000000000000000e+02 2.157296049250298164e+00
1.120000000000000000e+02 2.359234340550007580e+00
1.130000000000000000e+02 2.508529756622970286e+00
1.140000000000000000e+02 2.751643024869540710e+00
1.150000000000000000e+02 2.956020086575628980e+00
1.160000000000000000e+02 3.199116332773496385e+00
1.170000000000000000e+02 3.715071927889022074e+00
1.180000000000000000e+02 3.872339398517035125e+00
1.190000000000000000e+02 3.428987321427657609e+00
1.200000000000000000e+02 3.492300947676776790e+00
1.210000000000000000e+02 2.904765417071504707e+00
1.220000000000000000e+02 2.745014508011474064e+00
1.230000000000000000e+02 2.528761763038315902e+00
1.240000000000000000e+02 2.371840897854490482e+00
1.250000000000000000e+02 2.489158666985608281e+00
1.260000000000000000e+02 2.386162308998918569e+00
1.270000000000000000e+02 2.537701612597870859e+00
1.280000000000000000e+02 2.534990211740253407e+00
1.290000000000000000e+02 2.688440584200500361e+00
1.300000000000000000e+02 2.784457093903943470e+00
1.310000000000000000e+02 2.914388079882668237e+00
1.320000000000000000e+02 3.142609713410848382e+00
1.330000000000000000e+02 3.453125016048998130e+00
1.340000000000000000e+02 3.600704188064564271e+00
1.350000000000000000e+02 3.398269359072758622e+00
1.360000000000000000e+02 3.098439296996083225e+00
1.370000000000000000e+02 3.135521826792781575e+00
1.380000000000000000e+02 3.008140640302721103e+00
1.390000000000000000e+02 2.872525132525222347e+00
1.400000000000000000e+02 2.817853148990250300e+00
1.410000000000000000e+02 2.756950104301914006e+00
1.420000000000000000e+02 2.883764452637592068e+00
1.430000000000000000e+02 3.119136203837475474e+00
1.440000000000000000e+02 3.705041970735324153e+00
1.450000000000000000e+02 3.985443599882218191e+00
1.460000000000000000e+02 4.240796020229153029e+00
1.470000000000000000e+02 4.408133874353218573e+00
1.480000000000000000e+02 3.831528783394293480e+00
1.490000000000000000e+02 3.593443050816107043e+00
1.500000000000000000e+02 3.095184166987757113e+00
1.510000000000000000e+02 2.797128600486798788e+00
1.520000000000000000e+02 2.877061958039868195e+00
1.530000000000000000e+02 2.747581845353503027e+00
1.540000000000000000e+02 2.450589097512002823e+00
1.550000000000000000e+02 2.429894615038358019e+00
1.560000000000000000e+02 2.226562934234703750e+00
1.570000000000000000e+02 2.310079518916861474e+00
1.580000000000000000e+02 2.223891359508935128e+00
1.590000000000000000e+02 1.988756927945080299e+00
1.600000000000000000e+02 1.998739199204762507e+00
1.610000000000000000e+02 2.150978461173524092e+00
1.620000000000000000e+02 2.216363799131299661e+00
1.630000000000000000e+02 2.432300269542888138e+00
1.640000000000000000e+02 2.562143470638508891e+00
1.650000000000000000e+02 2.798380435337964656e+00
1.660000000000000000e+02 3.091173990402293459e+00
1.670000000000000000e+02 2.994933384038247492e+00
1.680000000000000000e+02 2.829623885924541948e+00
1.690000000000000000e+02 2.584839739717992746e+00
1.700000000000000000e+02 2.425220225693552223e+00
1.710000000000000000e+02 2.345000428099223821e+00
1.720000000000000000e+02 2.194544738182682586e+00
1.730000000000000000e+02 2.222440923653346445e+00
1.740000000000000000e+02 2.071464930602870957e+00
1.750000000000000000e+02 2.187330108598336764e+00
1.760000000000000000e+02 2.427255434809752366e+00
1.770000000000000000e+02 2.589921686513282584e+00
1.780000000000000000e+02 2.436529611109678584e+00
1.790000000000000000e+02 2.206743992644569552e+00
1.800000000000000000e+02 2.310333565497144193e+00
1.810000000000000000e+02 2.252022112653739860e+00
1.820000000000000000e+02 2.377636447646056084e+00
1.830000000000000000e+02 2.378136986135114928e+00
1.840000000000000000e+02 2.581660303803552381e+00
1.850000000000000000e+02 2.685816412437850076e+00
1.860000000000000000e+02 2.877558922340595071e+00
1.870000000000000000e+02 3.051626256063429299e+00
1.880000000000000000e+02 3.036941628771937740e+00
1.890000000000000000e+02 3.306397992931003671e+00
1.900000000000000000e+02 3.359372313470543769e+00
1.910000000000000000e+02 3.189492247454085216e+00
1.920000000000000000e+02 3.337330052817101933e+00
1.930000000000000000e+02 3.609212146347062777e+00
1.940000000000000000e+02 3.608728218893023421e+00
1.950000000000000000e+02 3.534633225530641187e+00
1.960000000000000000e+02 3.704050980731600884e+00
1.970000000000000000e+02 3.800859829088164776e+00
1.980000000000000000e+02 3.917819188990587342e+00
1.990000000000000000e+02 3.925351984145291073e+00
2.000000000000000000e+02 4.131064644219292425e+00
2.010000000000000000e+02 4.115590629158414337e+00
2.020000000000000000e+02 3.908145968440690510e+00
2.030000000000000000e+02 3.777175295233862418e+00
2.040000000000000000e+02 3.951026970264217120e+00
2.050000000000000000e+02 3.523560874100445606e+00
2.060000000000000000e+02 3.443047980747709236e+00
2.070000000000000000e+02 3.078482267191980704e+00
2.080000000000000000e+02 2.963896059835235963e+00
2.090000000000000000e+02 2.814650943500653035e+00
2.100000000000000000e+02 2.674832082560176794e+00
2.110000000000000000e+02 2.871779053878445342e+00
2.120000000000000000e+02 3.166605498119631878e+00
2.130000000000000000e+02 3.682639383833110625e+00
2.140000000000000000e+02 3.726344608516688695e+00
2.150000000000000000e+02 4.159200888544716257e+00
2.160000000000000000e+02 4.520095787069643656e+00
2.170000000000000000e+02 4.201913198903139524e+00
2.180000000000000000e+02 3.254378022575007190e+00
2.190000000000000000e+02 3.084656983771727923e+00
2.200000000000000000e+02 2.419606375581209612e+00
2.210000000000000000e+02 2.151413745223934804e+00
2.220000000000000000e+02 2.124105509003546111e+00
2.230000000000000000e+02 2.081091335815009824e+00
2.240000000000000000e+02 1.865924106352406575e+00
2.250000000000000000e+02 1.866558772080888717e+00
2.260000000000000000e+02 2.028552729950997779e+00
2.270000000000000000e+02 2.058166523006677018e+00
2.280000000000000000e+02 2.290121896846255556e+00
2.290000000000000000e+02 2.479035995635301415e+00
2.300000000000000000e+02 2.656384224016084872e+00
2.310000000000000000e+02 2.866043502227129558e+00
2.320000000000000000e+02 3.381640134131451259e+00
2.330000000000000000e+02 3.591654879954818025e+00
2.340000000000000000e+02 3.780105642024362833e+00
2.350000000000000000e+02 3.522427936138452509e+00
2.360000000000000000e+02 3.125319905082546867e+00
2.370000000000000000e+02 2.711609969268144127e+00
2.380000000000000000e+02 2.534962392342327675e+00
2.390000000000000000e+02 2.311855378275273321e+00
2.400000000000000000e+02 2.128379092593836841e+00
2.410000000000000000e+02 2.022205748536356040e+00
2.420000000000000000e+02 2.102928826434355969e+00
2.430000000000000000e+02 2.102789842421723510e+00
2.440000000000000000e+02 1.924336300976121183e+00
2.450000000000000000e+02 1.988637047048917639e+00
2.460000000000000000e+02 2.165645087738178542e+00
2.470000000000000000e+02 2.305262185772813499e+00
2.480000000000000000e+02 2.258914675872487177e+00
2.490000000000000000e+02 1.953638442116210294e+00
2.500000000000000000e+02 1.956139261980168298e+00
2.510000000000000000e+02 1.924434925734682666e+00
2.520000000000000000e+02 2.035153055753315954e+00
2.530000000000000000e+02 1.984969872866697127e+00
2.540000000000000000e+02 2.216557168177289761e+00
2.550000000000000000e+02 2.300584059869907438e+00
2.560000000000000000e+02 2.470248999911103027e+00
2.570000000000000000e+02 2.706025794899486137e+00
2.580000000000000000e+02 2.765513626234778144e+00
2.590000000000000000e+02 3.041645597564624381e+00
2.600000000000000000e+02 3.016041705251335081e+00
2.610000000000000000e+02 2.795287223211805117e+00
2.620000000000000000e+02 2.782938779474932289e+00
2.630000000000000000e+02 2.612886687687422160e+00
2.640000000000000000e+02 2.648275704963102495e+00
2.650000000000000000e+02 2.533403319769995221e+00
2.660000000000000000e+02 2.403030335837548215e+00
2.670000000000000000e+02 2.252825484749373608e+00
2.680000000000000000e+02 2.190449413365878950e+00
2.690000000000000000e+02 1.963235971737285590e+00
2.700000000000000000e+02 1.979205912126327460e+00
2.710000000000000000e+02 1.843584561144699707e+00
2.720000000000000000e+02 1.848721209014964728e+00
2.730000000000000000e+02 1.696323108380311195e+00
2.740000000000000000e+02 1.563350946043460032e+00
2.750000000000000000e+02 1.558754853111910865e+00
2.760000000000000000e+02 1.645013488626055231e+00
2.770000000000000000e+02 1.725308663835091405e+00
2.780000000000000000e+02 1.587456067262537518e+00
2.790000000000000000e+02 1.639056572950947199e+00
2.800000000000000000e+02 1.759360980204440095e+00
2.810000000000000000e+02 1.820023245512119692e+00
2.820000000000000000e+02 1.987387921892472153e+00
2.830000000000000000e+02 2.112885507072387536e+00
2.840000000000000000e+02 2.230682712596491868e+00
2.850000000000000000e+02 2.251632637210550847e+00
2.860000000000000000e+02 2.656706340265820199e+00
2.870000000000000000e+02 2.729598249106512498e+00
2.880000000000000000e+02 2.622963043947217798e+00
2.890000000000000000e+02 2.513345183255647264e+00
2.900000000000000000e+02 2.322452417526601032e+00
2.910000000000000000e+02 2.126454261947770874e+00
2.920000000000000000e+02 2.079705912832772619e+00
2.930000000000000000e+02 1.925094225945325643e+00
2.940000000000000000e+02 1.718488015524379575e+00
2.950000000000000000e+02 1.648057767242878668e+00
2.960000000000000000e+02 1.498426241185597751e+00
2.970000000000000000e+02 1.444536808740428668e+00
2.980000000000000000e+02 1.307681581314006136e+00
2.990000000000000000e+02 1.306947810806797339e+00
3.000000000000000000e+02 1.391081118933111815e+00
3.010000000000000000e+02 1.420025342605450547e+00
3.020000000000000000e+02 1.503174098830463379e+00
3.030000000000000000e+02 1.602008276271463139e+00
3.040000000000000000e+02 1.622274902025346410e+00
3.050000000000000000e+02 1.989502646448525702e+00
3.060000000000000000e+02 1.951720003872861486e+00
3.070000000000000000e+02 1.819664082204968114e+00
3.080000000000000000e+02 1.615837075150398761e+00
3.090000000000000000e+02 1.506837333269442247e+00
3.100000000000000000e+02 1.390603592926251686e+00
3.110000000000000000e+02 1.272346830439661236e+00
3.120000000000000000e+02 1.270484407964244111e+00
3.130000000000000000e+02 1.282373952101441450e+00
3.140000000000000000e+02 1.397969984966469958e+00
3.150000000000000000e+02 1.468384279513881729e+00
3.160000000000000000e+02 1.652539500203513700e+00
3.170000000000000000e+02 1.789732275808157302e+00
3.180000000000000000e+02 2.069566701200556302e+00
3.190000000000000000e+02 2.325022697109369929e+00
3.200000000000000000e+02 2.583579275747406534e+00
3.210000000000000000e+02 2.940671414250593418e+00
3.220000000000000000e+02 3.654105135086465950e+00
3.230000000000000000e+02 3.900669340083196435e+00
3.240000000000000000e+02 3.730228053272858002e+00
3.250000000000000000e+02 3.266539462390600335e+00
3.260000000000000000e+02 2.817590587362277521e+00
3.270000000000000000e+02 2.612757528414410668e+00
3.280000000000000000e+02 2.265686677662305915e+00
3.290000000000000000e+02 2.063341715501100904e+00
3.300000000000000000e+02 1.757810380458457722e+00
3.310000000000000000e+02 1.627495017452055270e+00
3.320000000000000000e+02 1.478630727431212488e+00
3.330000000000000000e+02 1.322649824120565754e+00
3.340000000000000000e+02 1.367812048770678635e+00
3.350000000000000000e+02 1.378966929651324280e+00
3.360000000000000000e+02 1.444551878656485044e+00
3.370000000000000000e+02 1.467560811561159362e+00
3.380000000000000000e+02 1.489369427965290260e+00
3.390000000000000000e+02 1.261783119248332641e+00
3.400000000000000000e+02 1.306732819092806475e+00
3.410000000000000000e+02 1.400560528421548545e+00
3.420000000000000000e+02 1.549693890080776404e+00
3.430000000000000000e+02 1.599740514831818672e+00
3.440000000000000000e+02 1.610295248722745987e+00
3.450000000000000000e+02 1.675735470947971040e+00
3.460000000000000000e+02 1.778770291460023190e+00
3.470000000000000000e+02 1.809713637349825488e+00
3.480000000000000000e+02 1.994114234884912129e+00
3.490000000000000000e+02 1.878281180560587682e+00
3.500000000000000000e+02 1.784859641027750632e+00
3.510000000000000000e+02 1.752125140572853290e+00
3.520000000000000000e+02 2.025919630969823526e+00
3.530000000000000000e+02 2.535720915909666751e+00
3.540000000000000000e+02 2.890971645757307584e+00
3.550000000000000000e+02 2.937122857173114721e+00
3.560000000000000000e+02 2.157142427939521934e+00
3.570000000000000000e+02 1.628454920183737720e+00
3.580000000000000000e+02 1.548657302569413918e+00
3.590000000000000000e+02 1.482396594944649371e+00
3.600000000000000000e+02 1.380484712427185956e+00
3.610000000000000000e+02 1.368338025762948496e+00
3.620000000000000000e+02 1.270112624535154611e+00
3.630000000000000000e+02 1.306457017956978994e+00
3.640000000000000000e+02 1.329176626481844758e+00
3.650000000000000000e+02 1.279091678709209257e+00
3.660000000000000000e+02 1.493430097062238726e+00
3.670000000000000000e+02 1.668263717311853966e+00
3.680000000000000000e+02 1.647062824197805364e+00
3.690000000000000000e+02 1.406632378070572509e+00
3.700000000000000000e+02 1.526695909325266554e+00
3.710000000000000000e+02 1.358670673992980804e+00
3.720000000000000000e+02 1.345949359436224846e+00
3.730000000000000000e+02 1.357068683373044538e+00
3.740000000000000000e+02 1.338246523535167265e+00
3.750000000000000000e+02 1.417403126093285337e+00
3.760000000000000000e+02 1.470550644913123151e+00
3.770000000000000000e+02 1.642050425556839111e+00
3.780000000000000000e+02 1.920330593404211639e+00
3.790000000000000000e+02 2.229810685260103398e+00
3.800000000000000000e+02 2.523598327695359522e+00
3.810000000000000000e+02 2.437474725466136416e+00
3.820000000000000000e+02 2.335199363668264638e+00
3.830000000000000000e+02 1.992968117829978736e+00
3.840000000000000000e+02 1.869950893943828296e+00
3.850000000000000000e+02 1.866168451761644809e+00
3.860000000000000000e+02 1.769691902268973438e+00
3.870000000000000000e+02 1.552507691941216406e+00
3.880000000000000000e+02 1.656899594452941438e+00
3.890000000000000000e+02 1.635527107102810795e+00
3.900000000000000000e+02 1.550126868829582838e+00
3.910000000000000000e+02 1.601830061299924557e+00
3.920000000000000000e+02 1.673764150095419012e+00
3.930000000000000000e+02 1.878939090865808792e+00
3.940000000000000000e+02 1.802513873161356139e+00
3.950000000000000000e+02 1.847428211107358775e+00
3.960000000000000000e+02 2.488458606702486531e+00
3.970000000000000000e+02 2.395118767979286467e+00
3.980000000000000000e+02 2.440680354561971299e+00
3.990000000000000000e+02 2.360648525313751911e+00
4.000000000000000000e+02 1.862756451986783413e+00
4.010000000000000000e+02 1.538442218382792381e+00
4.020000000000000000e+02 1.510241380079728968e+00
4.030000000000000000e+02 1.445208974812743463e+00
4.040000000000000000e+02 1.445844402707789911e+00
4.050000000000000000e+02 1.440400397387129772e+00
4.060000000000000000e+02 1.477349924960624783e+00
4.070000000000000000e+02 1.593540864827159620e+00
4.080000000000000000e+02 1.657061235206977567e+00
4.090000000000000000e+02 1.860204686589717271e+00
4.100000000000000000e+02 1.935403865147297564e+00
4.110000000000000000e+02 2.027105701673066029e+00
4.120000000000000000e+02 2.325453411391867231e+00
4.130000000000000000e+02 2.739105495886219543e+00
4.140000000000000000e+02 3.262845249474128906e+00
4.150000000000000000e+02 3.666963907329949812e+00
4.160000000000000000e+02 3.179151063220282847e+00
4.170000000000000000e+02 3.144653342750300506e+00
4.180000000000000000e+02 2.517904907729675568e+00
4.190000000000000000e+02 2.116594229999317456e+00
4.200000000000000000e+02 2.170400410752776565e+00
4.210000000000000000e+02 1.981666775207339803e+00
4.220000000000000000e+02 1.824849969611567646e+00
4.230000000000000000e+02 1.806195008491705556e+00
4.240000000000000000e+02 1.636484287430994167e+00
4.250000000000000000e+02 1.636528422562532503e+00
4.260000000000000000e+02 1.596195545861723630e+00
4.270000000000000000e+02 1.666026938582925609e+00
4.280000000000000000e+02 1.605711428195067958e+00
4.290000000000000000e+02 1.773556879107651252e+00
4.300000000000000000e+02 1.888574177623171702e+00
4.310000000000000000e+02 1.881613778734810172e+00
4.320000000000000000e+02 1.844354630057288835e+00
4.330000000000000000e+02 1.813817537789698564e+00
4.340000000000000000e+02 1.910268826186816593e+00
4.350000000000000000e+02 1.860364981287604413e+00
4.360000000000000000e+02 2.090559832243278127e+00
4.370000000000000000e+02 2.163157381245850441e+00
4.380000000000000000e+02 2.265405482569760487e+00
4.390000000000000000e+02 2.314100668873030564e+00
4.400000000000000000e+02 2.150107359944865237e+00
4.410000000000000000e+02 2.190696541834979083e+00
4.420000000000000000e+02 2.020727759573198501e+00
4.430000000000000000e+02 2.048002983518528275e+00
4.440000000000000000e+02 2.031063105214905740e+00
4.450000000000000000e+02 2.032849789168725163e+00
4.460000000000000000e+02 2.029604252248931928e+00
4.470000000000000000e+02 2.014993584765927270e+00
4.480000000000000000e+02 2.083307367579448677e+00
4.490000000000000000e+02 2.157620222735982640e+00
4.500000000000000000e+02 2.273958448509616037e+00
4.510000000000000000e+02 2.288741738341533605e+00
4.520000000000000000e+02 2.106872689660484799e+00
4.530000000000000000e+02 2.148501793204851573e+00
4.540000000000000000e+02 2.380987027706886749e+00
4.550000000000000000e+02 2.582553608420294466e+00
4.560000000000000000e+02 2.736913031157950815e+00
4.570000000000000000e+02 2.965301693988593001e+00
4.580000000000000000e+02 3.261085375407098752e+00
4.590000000000000000e+02 3.330584486417399681e+00
4.600000000000000000e+02 3.496043782232481689e+00
4.610000000000000000e+02 3.413413055904658933e+00
4.620000000000000000e+02 3.744743366002311280e+00
4.630000000000000000e+02 3.781563868278282392e+00
4.640000000000000000e+02 4.157536419382896753e+00
4.650000000000000000e+02 4.690424264738883409e+00
4.660000000000000000e+02 4.542866947143838097e+00
4.670000000000000000e+02 4.501426931534125764e+00
4.680000000000000000e+02 4.173345672920432570e+00
4.690000000000000000e+02 3.750230255462611240e+00
4.700000000000000000e+02 3.351464308714614315e+00
4.710000000000000000e+02 3.026206234318084665e+00
4.720000000000000000e+02 2.863257851423181233e+00
4.730000000000000000e+02 2.599122946824090175e+00
4.740000000000000000e+02 2.544441397664916948e+00
4.750000000000000000e+02 2.384062979943506022e+00
4.760000000000000000e+02 2.362756397849504975e+00
4.770000000000000000e+02 2.289717949312384704e+00
4.780000000000000000e+02 2.301703094745553901e+00
4.790000000000000000e+02 2.266243618361144740e+00
4.800000000000000000e+02 2.335810040841839630e+00
4.810000000000000000e+02 2.325810136631261571e+00
4.820000000000000000e+02 2.376833844261677431e+00
4.830000000000000000e+02 2.470407257976845017e+00
4.840000000000000000e+02 2.744127061121308664e+00
4.850000000000000000e+02 3.009329068607917712e+00
4.860000000000000000e+02 3.045071235767922158e+00
4.870000000000000000e+02 2.909184285055391950e+00
4.880000000000000000e+02 2.996852198644644361e+00
4.890000000000000000e+02 3.002042525173967302e+00
4.900000000000000000e+02 2.927006938498623700e+00
4.910000000000000000e+02 2.704699404465079393e+00
4.920000000000000000e+02 2.744578026672644722e+00
4.930000000000000000e+02 2.565741814145669153e+00
4.940000000000000000e+02 2.624385522048590769e+00
4.950000000000000000e+02 2.478557647232799255e+00
4.960000000000000000e+02 2.498770421654116003e+00
4.970000000000000000e+02 2.417434786909728128e+00
4.980000000000000000e+02 2.447278710568993709e+00
4.990000000000000000e+02 2.427113581110543095e+00
5.000000000000000000e+02 2.378553338906366665e+00
5.010000000000000000e+02 2.344750656763317398e+00
5.020000000000000000e+02 2.360640283701092912e+00
5.030000000000000000e+02 2.287241455687439640e+00
5.040000000000000000e+02 2.777865700635959278e+00
5.050000000000000000e+02 3.329197659673430287e+00
5.060000000000000000e+02 3.078005978554333222e+00
5.070000000000000000e+02 3.486567085464700622e+00
5.080000000000000000e+02 3.050976518286867556e+00
5.090000000000000000e+02 2.815533911140561507e+00
5.100000000000000000e+02 2.736138630872982258e+00
5.110000000000000000e+02 2.694765341929702185e+00
5.120000000000000000e+02 2.892295570332683141e+00
5.130000000000000000e+02 2.930296082502184873e+00
5.140000000000000000e+02 3.187455763992301794e+00
5.150000000000000000e+02 3.468516564957195847e+00
5.160000000000000000e+02 3.450421325581532361e+00
5.170000000000000000e+02 3.357208860329115918e+00
5.180000000000000000e+02 3.164731770979011038e+00
5.190000000000000000e+02 2.844540833876777697e+00
5.200000000000000000e+02 2.828621258267703276e+00
5.210000000000000000e+02 2.858740816784981931e+00
5.220000000000000000e+02 2.870625017650382915e+00
5.230000000000000000e+02 2.910702476974156294e+00
5.240000000000000000e+02 2.951034854613586056e+00
5.250000000000000000e+02 2.866354684121124929e+00
5.260000000000000000e+02 2.903689506894217232e+00
5.270000000000000000e+02 2.691961062273215077e+00
5.280000000000000000e+02 2.839198322240210626e+00
5.290000000000000000e+02 2.672775356876431641e+00
5.300000000000000000e+02 2.822725440847836165e+00
5.310000000000000000e+02 3.584594165339531457e+00
5.320000000000000000e+02 3.127402054400534315e+00
5.330000000000000000e+02 2.657927008284283854e+00
5.340000000000000000e+02 2.728419536548187363e+00
5.350000000000000000e+02 2.610418755250007994e+00
5.360000000000000000e+02 2.686630366248616841e+00
5.370000000000000000e+02 2.695512271245521063e+00
5.380000000000000000e+02 2.760046998802357265e+00
5.390000000000000000e+02 2.835569667807012806e+00
5.400000000000000000e+02 2.753825717402255346e+00
5.410000000000000000e+02 2.815127920894830105e+00
5.420000000000000000e+02 2.783009769650298448e+00
5.430000000000000000e+02 3.095612504308192126e+00
5.440000000000000000e+02 3.334828635400765240e+00
5.450000000000000000e+02 3.468066453152317763e+00
5.460000000000000000e+02 3.530551777303336358e+00
5.470000000000000000e+02 3.198012592674735810e+00
5.480000000000000000e+02 2.991824571708805003e+00
5.490000000000000000e+02 2.654292790437113414e+00
5.500000000000000000e+02 2.619884827886166612e+00
5.510000000000000000e+02 2.534052407451723443e+00
5.520000000000000000e+02 2.465278125165959899e+00
5.530000000000000000e+02 2.314428267483831902e+00
5.540000000000000000e+02 2.184229358481916794e+00
5.550000000000000000e+02 2.254231497272518148e+00
5.560000000000000000e+02 2.147796631653364763e+00
5.570000000000000000e+02 2.194886702903873221e+00
5.580000000000000000e+02 2.131737361371446760e+00
5.590000000000000000e+02 2.159515205924427583e+00
5.600000000000000000e+02 2.155630395892706552e+00
5.610000000000000000e+02 2.235506081751382546e+00
5.620000000000000000e+02 2.309372117533211366e+00
5.630000000000000000e+02 2.436086745715048796e+00
5.640000000000000000e+02 2.746577595159723995e+00
5.650000000000000000e+02 3.218996296690958658e+00
5.660000000000000000e+02 3.837264721981766602e+00
5.670000000000000000e+02 4.715095212119552848e+00
5.680000000000000000e+02 6.173470663136068737e+00
5.690000000000000000e+02 6.827792873172990440e+00
5.700000000000000000e+02 7.334821935388114333e+00
5.710000000000000000e+02 6.327782925590743623e+00
5.720000000000000000e+02 5.445038262183730993e+00
5.730000000000000000e+02 3.901042867892278831e+00
5.740000000000000000e+02 2.770484781113828010e+00
5.750000000000000000e+02 2.783948799079676295e+00
5.760000000000000000e+02 2.509281213845247382e+00
5.770000000000000000e+02 2.301141226907980286e+00
5.780000000000000000e+02 2.183155978565194832e+00
5.790000000000000000e+02 1.988724681708096798e+00
5.800000000000000000e+02 2.157068542926145138e+00
5.810000000000000000e+02 2.291049810955925192e+00
5.820000000000000000e+02 2.149042672953510369e+00
5.830000000000000000e+02 2.112848508844098916e+00
5.840000000000000000e+02 2.007251017106195246e+00
5.850000000000000000e+02 1.998211021237653373e+00
5.860000000000000000e+02 1.892036279865661141e+00
5.870000000000000000e+02 1.916289812361750222e+00
5.880000000000000000e+02 1.915537217194609454e+00
5.890000000000000000e+02 2.021359519638880275e+00
5.900000000000000000e+02 2.057026004924221496e+00
5.910000000000000000e+02 2.112635248945002431e+00
5.920000000000000000e+02 2.393448409616177663e+00
5.930000000000000000e+02 2.418818539183697158e+00
5.940000000000000000e+02 3.224890661417250115e+00
5.950000000000000000e+02 3.733379065007085273e+00
5.960000000000000000e+02 3.861749019291026208e+00
5.970000000000000000e+02 5.205483237734240376e+00
5.980000000000000000e+02 5.517840231640131599e+00
5.990000000000000000e+02 5.284072120660942673e+00
6.000000000000000000e+02 5.522624249908221650e+00
6.010000000000000000e+02 4.832530303717646802e+00
6.020000000000000000e+02 3.775550557215967995e+00
6.030000000000000000e+02 2.962900847781784197e+00
6.040000000000000000e+02 2.375551940489401659e+00
6.050000000000000000e+02 2.234273072055651621e+00
6.060000000000000000e+02 1.976636740829234240e+00
6.070000000000000000e+02 2.048574229706344951e+00
6.080000000000000000e+02 1.985146524025501957e+00
6.090000000000000000e+02 2.224554063614376354e+00
6.100000000000000000e+02 2.248045508167662465e+00
6.110000000000000000e+02 2.420347357184913673e+00
6.120000000000000000e+02 2.480877764606088220e+00
6.130000000000000000e+02 2.969716625595078874e+00
6.140000000000000000e+02 2.896880459500463800e+00
6.150000000000000000e+02 3.095395047859044624e+00
6.160000000000000000e+02 3.188788183670890231e+00
6.170000000000000000e+02 3.051076741427739325e+00
6.180000000000000000e+02 3.311192449128957715e+00
6.190000000000000000e+02 3.453837015540199396e+00
6.200000000000000000e+02 3.510978787157206682e+00
6.210000000000000000e+02 3.603885130629945088e+00
6.220000000000000000e+02 3.021310190780166938e+00
6.230000000000000000e+02 2.912972789141107466e+00
6.240000000000000000e+02 2.596606301292839980e+00
6.250000000000000000e+02 2.484836309488676065e+00
6.260000000000000000e+02 2.299287070487940454e+00
6.270000000000000000e+02 2.163307791610080244e+00
6.280000000000000000e+02 2.137622000970141656e+00
6.290000000000000000e+02 2.004945464449981785e+00
6.300000000000000000e+02 2.070378673736390063e+00
6.310000000000000000e+02 1.912418885942831936e+00
6.320000000000000000e+02 2.067843395689228370e+00
6.330000000000000000e+02 2.073723537234385184e+00
6.340000000000000000e+02 2.467265927246791168e+00
6.350000000000000000e+02 2.391423499515456186e+00
6.360000000000000000e+02 2.389470299121204455e+00
6.370000000000000000e+02 2.150226536246866882e+00
6.380000000000000000e+02 1.862010194230139914e+00
6.390000000000000000e+02 1.852927354341244115e+00
6.400000000000000000e+02 1.805769369594651952e+00
6.410000000000000000e+02 1.600424398043539975e+00
6.420000000000000000e+02 1.526124574695192582e+00
6.430000000000000000e+02 1.575881171746392084e+00
6.440000000000000000e+02 1.697534267999686541e+00
6.450000000000000000e+02 1.814504193228535067e+00
6.460000000000000000e+02 2.083129647946934782e+00
6.470000000000000000e+02 2.273586173617333284e+00
6.480000000000000000e+02 2.548188102913877984e+00
6.490000000000000000e+02 2.736715181979626710e+00
6.500000000000000000e+02 2.753174674993507764e+00
6.510000000000000000e+02 2.449653692086291024e+00
6.520000000000000000e+02 2.258845447707174880e+00
6.530000000000000000e+02 1.956725440512256498e+00
6.540000000000000000e+02 1.961372673162723457e+00
6.550000000000000000e+02 1.773551174391063023e+00
6.560000000000000000e+02 1.791115852392205943e+00
6.570000000000000000e+02 2.007694908775953024e+00
6.580000000000000000e+02 2.260413783009349142e+00
6.590000000000000000e+02 2.659529653127529869e+00
6.600000000000000000e+02 2.829832553993011590e+00
6.610000000000000000e+02 3.017609929016306314e+00
6.620000000000000000e+02 2.688246473227756450e+00
6.630000000000000000e+02 2.260274445247486774e+00
6.640000000000000000e+02 2.040003702525362783e+00
6.650000000000000000e+02 1.819057831662405755e+00
6.660000000000000000e+02 1.642512484007409457e+00
6.670000000000000000e+02 1.567188641324981146e+00
6.680000000000000000e+02 1.559610715206841025e+00
6.690000000000000000e+02 1.707250083047098022e+00
6.700000000000000000e+02 1.828662120870535368e+00
6.710000000000000000e+02 2.117571850830795910e+00
6.720000000000000000e+02 2.603741516653778287e+00
6.730000000000000000e+02 3.207207617911484565e+00
6.740000000000000000e+02 3.678225432242005599e+00
6.750000000000000000e+02 3.483979621584753161e+00
6.760000000000000000e+02 2.834892968863601759e+00
6.770000000000000000e+02 2.333440280853021687e+00
6.780000000000000000e+02 2.002550137313911627e+00
6.790000000000000000e+02 1.709514345343950747e+00
6.800000000000000000e+02 1.597991677181505477e+00
6.810000000000000000e+02 1.494311552931082199e+00
6.820000000000000000e+02 1.506938360393502041e+00
6.830000000000000000e+02 1.579181226413352679e+00
6.840000000000000000e+02 1.716598440531700298e+00
6.850000000000000000e+02 1.883642775901550381e+00
6.860000000000000000e+02 2.000080510179965021e+00
6.870000000000000000e+02 1.859552773252292734e+00
6.880000000000000000e+02 2.161122097456765534e+00
6.890000000000000000e+02 2.410162329823031246e+00
6.900000000000000000e+02 2.604638025001810409e+00
6.910000000000000000e+02 2.304489126658896936e+00
6.920000000000000000e+02 2.230039176867349759e+00
6.930000000000000000e+02 2.051834811681314097e+00
6.940000000000000000e+02 2.114366511796279102e+00
6.950000000000000000e+02 1.953673812856907999e+00
6.960000000000000000e+02 1.990177535362862793e+00
6.970000000000000000e+02 1.880752809944691961e+00
6.980000000000000000e+02 2.003492791486823688e+00
6.990000000000000000e+02 2.160429402698183843e+00
7.000000000000000000e+02 2.432998906504795222e+00
7.010000000000000000e+02 2.659984118081273330e+00
7.020000000000000000e+02 3.068565485118834424e+00
7.030000000000000000e+02 3.296622237306417791e+00
7.040000000000000000e+02 3.561907149926528682e+00
7.050000000000000000e+02 3.793872315003989915e+00
7.060000000000000000e+02 4.128663897971396324e+00
7.070000000000000000e+02 4.116316815444952759e+00
7.080000000000000000e+02 3.752861281342672939e+00
7.090000000000000000e+02 3.628101429657242694e+00
7.100000000000000000e+02 3.275538806925435864e+00
7.110000000000000000e+02 2.959785108326117964e+00
7.120000000000000000e+02 2.717219755895535105e+00
7.130000000000000000e+02 2.325882113508005222e+00
7.140000000000000000e+02 2.220696864842671037e+00
7.150000000000000000e+02 1.958873189433466777e+00
7.160000000000000000e+02 1.898422485567051510e+00
7.170000000000000000e+02 1.766132196227474749e+00
7.180000000000000000e+02 1.693318715884852610e+00
7.190000000000000000e+02 1.711437627788731097e+00
7.200000000000000000e+02 2.069988796356811989e+00
7.210000000000000000e+02 2.661200129309322815e+00
7.220000000000000000e+02 3.763918664052893437e+00
7.230000000000000000e+02 4.528976812105993233e+00
7.240000000000000000e+02 4.721880256349239247e+00
7.250000000000000000e+02 5.006299549934269066e+00
7.260000000000000000e+02 4.054220501691679246e+00
7.270000000000000000e+02 3.636702936266510644e+00
7.280000000000000000e+02 3.223476619328783599e+00
7.290000000000000000e+02 2.487261050392447714e+00
7.300000000000000000e+02 2.271088753283407868e+00
7.310000000000000000e+02 2.478319805561039146e+00
7.320000000000000000e+02 2.568869422581340434e+00
7.330000000000000000e+02 2.830798080483184265e+00
7.340000000000000000e+02 2.933264157037640540e+00
7.350000000000000000e+02 3.255535789162996796e+00
7.360000000000000000e+02 3.376423734258996223e+00
7.370000000000000000e+02 3.586526356451354314e+00
7.380000000000000000e+02 3.789686555851575545e+00
7.390000000000000000e+02 3.833413488836868499e+00
7.400000000000000000e+02 4.079255965707118570e+00
7.410000000000000000e+02 4.017900804559718431e+00
7.420000000000000000e+02 4.311152198791024404e+00
7.430000000000000000e+02 4.532226839638397564e+00
7.440000000000000000e+02 4.877854025777223157e+00
7.450000000000000000e+02 5.101278120269100214e+00
7.460000000000000000e+02 5.425183297311363617e+00
7.470000000000000000e+02 5.609210572561803332e+00
7.480000000000000000e+02 5.902854775424309253e+00
7.490000000000000000e+02 6.000387186994409205e+00
7.500000000000000000e+02 5.972722994476786340e+00
7.510000000000000000e+02 5.894889150022597057e+00
7.520000000000000000e+02 6.434553049495472798e+00
7.530000000000000000e+02 6.503865357074841036e+00
7.540000000000000000e+02 6.682485391736695313e+00
7.550000000000000000e+02 6.873168006927710572e+00
7.560000000000000000e+02 7.144694271514779871e+00
7.570000000000000000e+02 7.196207909570391692e+00
7.580000000000000000e+02 7.574595573260780590e+00
7.590000000000000000e+02 7.910558411736734463e+00
7.600000000000000000e+02 7.773901453576743670e+00
7.610000000000000000e+02 8.052845654684004373e+00
7.620000000000000000e+02 8.098810531291235293e+00
7.630000000000000000e+02 8.209886639357852900e+00
7.640000000000000000e+02 8.159384294374884661e+00
7.650000000000000000e+02 8.203914311987201557e+00
7.660000000000000000e+02 7.978240020144857780e+00
7.670000000000000000e+02 8.308346183512888672e+00
7.680000000000000000e+02 7.981492369728271363e+00
7.690000000000000000e+02 7.505137678084149222e+00
7.700000000000000000e+02 7.657442872255757038e+00
7.710000000000000000e+02 7.746441979145257228e+00
7.720000000000000000e+02 7.334713435368974466e+00
7.730000000000000000e+02 7.146554096981543758e+00
7.740000000000000000e+02 6.866999145402217231e+00
7.750000000000000000e+02 6.725432576978061405e+00
7.760000000000000000e+02 6.357796051978267471e+00
7.770000000000000000e+02 6.188401141155865481e+00
7.780000000000000000e+02 5.889002450396859878e+00
7.790000000000000000e+02 5.721889367770494061e+00
7.800000000000000000e+02 5.571299969597062862e+00
7.810000000000000000e+02 5.385231701105925417e+00
7.820000000000000000e+02 4.939486298608795956e+00
7.830000000000000000e+02 4.816275524096376159e+00
7.840000000000000000e+02 4.281605292825253706e+00
7.850000000000000000e+02 4.049809430836479152e+00
7.860000000000000000e+02 3.975091542540092338e+00
7.870000000000000000e+02 3.780012338761607360e+00
7.880000000000000000e+02 3.857738993713839992e+00
7.890000000000000000e+02 4.035116975738319844e+00
7.900000000000000000e+02 4.305892312219678608e+00
7.910000000000000000e+02 4.623093279545393841e+00
7.920000000000000000e+02 5.078910463231414596e+00
7.930000000000000000e+02 5.092952300519716147e+00
7.940000000000000000e+02 5.236689283539019968e+00
7.950000000000000000e+02 5.282250410569664822e+00
7.960000000000000000e+02 5.445214304462159483e+00
7.970000000000000000e+02 5.595560863968211507e+00
7.980000000000000000e+02 5.745141306007667481e+00
7.990000000000000000e+02 5.946706088049268146e+00
8.000000000000000000e+02 6.206233937923476773e+00
8.010000000000000000e+02 6.426051906029227823e+00
8.020000000000000000e+02 6.636526833278825421e+00
8.030000000000000000e+02 6.720442172087982335e+00
8.040000000000000000e+02 7.308322278499954194e+00
8.050000000000000000e+02 7.189414961407774918e+00
8.060000000000000000e+02 6.909322438224306140e+00
8.070000000000000000e+02 6.766004126872775970e+00
8.080000000000000000e+02 6.556346923148265837e+00
8.090000000000000000e+02 6.401468966689942697e+00
8.100000000000000000e+02 6.643382703609581164e+00
8.110000000000000000e+02 6.513662724574056817e+00
8.120000000000000000e+02 6.768553301486305962e+00
8.130000000000000000e+02 6.649316997005461971e+00
8.140000000000000000e+02 6.278033886488679549e+00
8.150000000000000000e+02 6.107293935773889793e+00
8.160000000000000000e+02 5.982963703200342209e+00
8.170000000000000000e+02 5.609590062959935786e+00
8.180000000000000000e+02 5.142334631527753608e+00
8.190000000000000000e+02 5.346548438583959673e+00
8.200000000000000000e+02 5.423604595984738097e+00
8.210000000000000000e+02 5.959375123199715851e+00
8.220000000000000000e+02 6.063516938731697614e+00
8.230000000000000000e+02 6.272814424222463714e+00
8.240000000000000000e+02 6.349091953463091187e+00
8.250000000000000000e+02 6.678778145715578596e+00
8.260000000000000000e+02 6.972669756641628247e+00
8.270000000000000000e+02 7.099724105945580455e+00
8.280000000000000000e+02 6.793909124836699398e+00
8.290000000000000000e+02 7.090739891545882578e+00
8.300000000000000000e+02 7.422424162425299343e+00
8.310000000000000000e+02 7.731466204899308359e+00
8.320000000000000000e+02 7.824375481303187385e+00
8.330000000000000000e+02 7.804587192480534341e+00
8.340000000000000000e+02 8.072286343673310327e+00
8.350000000000000000e+02 8.183193344621765064e+00
8.360000000000000000e+02 8.764560406427879258e+00
8.370000000000000000e+02 9.399307070332373115e+00
8.380000000000000000e+02 9.694478234564085639e+00
8.390000000000000000e+02 1.049312981862175675e+01
8.400000000000000000e+02 1.132505017275187242e+01
8.410000000000000000e+02 1.216754253404961439e+01
8.420000000000000000e+02 1.427122610300064842e+01
8.430000000000000000e+02 1.443697365109628450e+01
8.440000000000000000e+02 1.415828968081771144e+01
8.450000000000000000e+02 1.309054935469601766e+01
8.460000000000000000e+02 1.182086330597067736e+01
8.470000000000000000e+02 1.103017150122634860e+01
8.480000000000000000e+02 1.024899558847843117e+01
8.490000000000000000e+02 9.873798838814714429e+00
8.500000000000000000e+02 1.001347370890218968e+01
8.510000000000000000e+02 9.602052014060818763e+00
8.520000000000000000e+02 8.779628174189907597e+00
8.530000000000000000e+02 8.421369633691961454e+00
8.540000000000000000e+02 8.440345101509764802e+00
8.550000000000000000e+02 8.812192779841058865e+00
8.560000000000000000e+02 9.106508764159952918e+00
8.570000000000000000e+02 8.541781144292460937e+00
8.580000000000000000e+02 8.686231029732910613e+00
8.590000000000000000e+02 8.516656208792728222e+00
8.600000000000000000e+02 7.790245472492399514e+00
8.610000000000000000e+02 7.763564949888209554e+00
8.620000000000000000e+02 7.295573876090247545e+00
8.630000000000000000e+02 6.983942253894570129e+00
8.640000000000000000e+02 7.127624235718990953e+00
8.650000000000000000e+02 6.909832404825270835e+00
8.660000000000000000e+02 6.980971546090231072e+00
8.670000000000000000e+02 6.806370380344368698e+00
8.680000000000000000e+02 6.766689159354235983e+00
8.690000000000000000e+02 6.541688861764058061e+00
8.700000000000000000e+02 6.426766710929703308e+00
8.710000000000000000e+02 6.209137336543673058e+00
8.720000000000000000e+02 6.202898551464084420e+00
8.730000000000000000e+02 6.010917911617129405e+00
8.740000000000000000e+02 6.063168673477673742e+00
8.750000000000000000e+02 6.316666837587555428e+00
8.760000000000000000e+02 6.475917187404829356e+00
8.770000000000000000e+02 6.470317885767535415e+00
8.780000000000000000e+02 6.506042901508140019e+00
8.790000000000000000e+02 6.259959584313214975e+00
8.800000000000000000e+02 6.247812786416512942e+00
8.810000000000000000e+02 5.977605438037869590e+00
8.820000000000000000e+02 5.938305814370424152e+00
8.830000000000000000e+02 5.787670014408492491e+00
8.840000000000000000e+02 5.725572506906737580e+00
8.850000000000000000e+02 5.669498055954276694e+00
8.860000000000000000e+02 5.395223862311449459e+00
8.870000000000000000e+02 5.355496644410773222e+00
8.880000000000000000e+02 5.115078863959797495e+00
8.890000000000000000e+02 4.966513441863670053e+00
8.900000000000000000e+02 4.962406376298094557e+00
8.910000000000000000e+02 4.581383863963756298e+00
8.920000000000000000e+02 5.468468438648564245e+00
8.930000000000000000e+02 5.852710283161314919e+00
8.940000000000000000e+02 5.823736953006485528e+00
8.950000000000000000e+02 5.711240544074395409e+00
8.960000000000000000e+02 5.712846117279854141e+00
8.970000000000000000e+02 5.815283282613824767e+00
8.980000000000000000e+02 5.915356824530420887e+00
8.990000000000000000e+02 6.076347181483407134e+00
9.000000000000000000e+02 6.414414339414857835e+00
9.010000000000000000e+02 6.461175294887846476e+00
9.020000000000000000e+02 6.766528879604885027e+00
9.030000000000000000e+02 6.718561380749944689e+00
9.040000000000000000e+02 6.932926614401400123e+00
9.050000000000000000e+02 7.114965070373227896e+00
9.060000000000000000e+02 7.453402998447300476e+00
9.070000000000000000e+02 7.102466266663692629e+00
9.080000000000000000e+02 7.036774322201286402e+00
9.090000000000000000e+02 7.552678785087999280e+00
9.100000000000000000e+02 8.034586311856548591e+00
9.110000000000000000e+02 8.665375187844309934e+00
9.120000000000000000e+02 8.509364285727004429e+00
9.130000000000000000e+02 8.233573647282970143e+00
9.140000000000000000e+02 7.489381508030175105e+00
9.150000000000000000e+02 7.052013433096802508e+00
9.160000000000000000e+02 6.732267805352445400e+00
9.170000000000000000e+02 6.741935662050363653e+00
9.180000000000000000e+02 6.492660206601930994e+00
9.190000000000000000e+02 6.200693825802269465e+00
9.200000000000000000e+02 6.096961975337264583e+00
9.210000000000000000e+02 5.829966828463194695e+00
9.220000000000000000e+02 5.727167556570361029e+00
9.230000000000000000e+02 5.490848904123733831e+00
9.240000000000000000e+02 5.326494687065157052e+00
9.250000000000000000e+02 5.105298366821711120e+00
9.260000000000000000e+02 4.986159440022306377e+00
9.270000000000000000e+02 4.910446469163201044e+00
9.280000000000000000e+02 4.771675773266115250e+00
9.290000000000000000e+02 5.004338031232437700e+00
9.300000000000000000e+02 4.726617946525583314e+00
9.310000000000000000e+02 4.419021835980580626e+00
9.320000000000000000e+02 4.410734224045373963e+00
9.330000000000000000e+02 4.192701163130434061e+00
9.340000000000000000e+02 4.424549068327868540e+00
9.350000000000000000e+02 4.257036239395918464e+00
9.360000000000000000e+02 4.068361171659248932e+00
9.370000000000000000e+02 4.239965864133811380e+00
9.380000000000000000e+02 4.272445429163153285e+00
9.390000000000000000e+02 4.413190639673428173e+00
9.400000000000000000e+02 4.562589477672346128e+00
9.410000000000000000e+02 4.393002398993613333e+00
9.420000000000000000e+02 4.621870147030732845e+00
9.430000000000000000e+02 4.728734296981249585e+00
9.440000000000000000e+02 4.960716878026082632e+00
9.450000000000000000e+02 5.139013034315125239e+00
9.460000000000000000e+02 5.374569475882248426e+00
9.470000000000000000e+02 5.588087026509055200e+00
9.480000000000000000e+02 5.815028150582622679e+00
9.490000000000000000e+02 6.062730720000834239e+00
9.500000000000000000e+02 6.254074360734626303e+00
9.510000000000000000e+02 6.539287019304537374e+00
9.520000000000000000e+02 6.736810181733545733e+00
9.530000000000000000e+02 7.009992078829827555e+00
9.540000000000000000e+02 7.034569039500495613e+00
9.550000000000000000e+02 7.488575136098907237e+00
9.560000000000000000e+02 5.662799338054380627e+00
9.570000000000000000e+02 4.765287223374223835e+00
9.580000000000000000e+02 3.217885212227864944e+00
9.590000000000000000e+02 3.355281730541707752e+00
9.600000000000000000e+02 3.120831180046596653e+00
9.610000000000000000e+02 3.801677356314836498e+00
9.620000000000000000e+02 4.191313134475876723e+00
9.630000000000000000e+02 4.573961047555382464e+00
9.640000000000000000e+02 3.553290692278208152e+00
9.650000000000000000e+02 2.993368782551331542e+00
9.660000000000000000e+02 3.728141513235675664e+00
9.670000000000000000e+02 3.671939840360730400e+00
9.680000000000000000e+02 2.964417858987071774e+00
9.690000000000000000e+02 3.098374159406492634e+00
9.700000000000000000e+02 3.541190401595171622e+00
9.710000000000000000e+02 3.452806562382478184e+00
9.720000000000000000e+02 3.283451593103147825e+00
9.730000000000000000e+02 3.520158418583944737e+00
9.740000000000000000e+02 3.721449302417757288e+00
9.750000000000000000e+02 4.075601057608828626e+00
9.760000000000000000e+02 4.213714717762001349e+00
9.770000000000000000e+02 4.177179345374502972e+00
9.780000000000000000e+02 4.727225263407009770e+00
9.790000000000000000e+02 5.348397600736299218e+00
9.800000000000000000e+02 5.221549197058378944e+00
9.810000000000000000e+02 5.150355768226640762e+00
9.820000000000000000e+02 6.160751690974340278e+00
9.830000000000000000e+02 6.585049809503938256e+00
9.840000000000000000e+02 6.224120127609255704e+00
9.850000000000000000e+02 6.545942530322975017e+00
9.860000000000000000e+02 7.648230775723527053e+00
9.870000000000000000e+02 7.765259724952091602e+00
9.880000000000000000e+02 7.372268179192380977e+00
9.890000000000000000e+02 8.150522531090929945e+00
9.900000000000000000e+02 9.115761657654074313e+00
9.910000000000000000e+02 8.683676907355755148e+00
9.920000000000000000e+02 8.581047290896592017e+00
9.930000000000000000e+02 8.758349618674367676e+00
9.940000000000000000e+02 9.377733974236106107e+00
9.950000000000000000e+02 9.586016937247048730e+00
9.960000000000000000e+02 1.032041642971040751e+01
9.970000000000000000e+02 1.095941424647867279e+01
9.980000000000000000e+02 1.120446416469008177e+01
9.990000000000000000e+02 1.065822945520418052e+01
1.000000000000000000e+03 1.111191343687446142e+01
1.001000000000000000e+03 1.084469733073974496e+01
1.002000000000000000e+03 1.147440571127359732e+01
1.003000000000000000e+03 1.164837286026456908e+01
1.004000000000000000e+03 1.273655439152627800e+01
1.005000000000000000e+03 1.294876397053278971e+01
1.006000000000000000e+03 1.266301317032336726e+01
1.007000000000000000e+03 1.302846154302610593e+01
1.008000000000000000e+03 1.364527747123602097e+01
1.009000000000000000e+03 1.370985624786678869e+01
1.010000000000000000e+03 1.395379661329683252e+01
1.011000000000000000e+03 1.411307024720438363e+01
1.012000000000000000e+03 1.472016433207428321e+01
1.013000000000000000e+03 1.534445164064204548e+01
1.014000000000000000e+03 1.597839994742560776e+01
1.015000000000000000e+03 1.695791157113688286e+01
1.016000000000000000e+03 1.804333598278452300e+01
1.017000000000000000e+03 2.001899059132813719e+01
1.018000000000000000e+03 2.133089897017074321e+01
1.000000000000000000e+00 4.467860110906156201e+00
2.000000000000000000e+00 3.680247502760343625e+00
3.000000000000000000e+00 2.761495743718234142e+00
4.000000000000000000e+00 2.473962028013016123e+00
5.000000000000000000e+00 2.438886668354184550e+00
6.000000000000000000e+00 2.663783702691960187e+00
7.000000000000000000e+00 2.507582510437767809e+00
8.000000000000000000e+00 2.294002120513288556e+00
9.000000000000000000e+00 2.448576360575697830e+00
1.000000000000000000e+01 2.451546684171325374e+00
1.100000000000000000e+01 2.328482570177122568e+00
1.200000000000000000e+01 2.060811116683455957e+00
1.300000000000000000e+01 1.982789076977336640e+00
1.400000000000000000e+01 1.891103510980038926e+00
1.500000000000000000e+01 1.961652934002093396e+00
1.600000000000000000e+01 2.019266702969952920e+00
1.700000000000000000e+01 1.937915440648001475e+00
1.800000000000000000e+01 1.923723396235066385e+00
1.900000000000000000e+01 2.023481121428898355e+00
2.000000000000000000e+01 2.086970478032457166e+00
2.100000000000000000e+01 2.180027917652573421e+00
2.200000000000000000e+01 2.259447116804182087e+00
2.300000000000000000e+01 2.124754083395407278e+00
2.400000000000000000e+01 2.101551388539101506e+00
2.500000000000000000e+01 2.093673854326269623e+00
2.600000000000000000e+01 2.341423972211358340e+00
2.700000000000000000e+01 2.993356939805243755e+00
2.800000000000000000e+01 3.178006517623586547e+00
2.900000000000000000e+01 3.493797799028475204e+00
3.000000000000000000e+01 3.882450681529082903e+00
3.100000000000000000e+01 3.741696518740370347e+00
3.200000000000000000e+01 3.622622416382826227e+00
3.300000000000000000e+01 3.314497109181943291e+00
3.400000000000000000e+01 3.158033799491440252e+00
3.500000000000000000e+01 2.710564400484982706e+00
3.600000000000000000e+01 2.424206231746129259e+00
3.700000000000000000e+01 2.287224405727884768e+00
3.800000000000000000e+01 2.175183967654322537e+00
3.900000000000000000e+01 2.275080583700869852e+00
4.000000000000000000e+01 2.334267324684021094e+00
4.100000000000000000e+01 2.407871161804707505e+00
4.200000000000000000e+01 2.819642190854961594e+00
4.300000000000000000e+01 2.950084135352319059e+00
4.400000000000000000e+01 2.905432195716140420e+00
4.500000000000000000e+01 2.786345480302960809e+00
4.600000000000000000e+01 2.962881332684176083e+00
4.700000000000000000e+01 3.052761621888731458e+00
4.800000000000000000e+01 3.145696089063307888e+00
4.900000000000000000e+01 3.071009617565317651e+00
5.000000000000000000e+01 2.984992801866578560e+00
5.100000000000000000e+01 3.191935879930969389e+00
5.200000000000000000e+01 3.483940671690098245e+00
5.300000000000000000e+01 3.152669949428553497e+00
5.400000000000000000e+01 3.179875240724515439e+00
5.500000000000000000e+01 2.993295385046051305e+00
5.600000000000000000e+01 2.743813673566156464e+00
5.700000000000000000e+01 2.783030918144255850e+00
5.800000000000000000e+01 2.703283969959988653e+00
5.900000000000000000e+01 2.769897851568966729e+00
6.000000000000000000e+01 2.389696457409133057e+00
6.100000000000000000e+01 2.229853169287561165e+00
6.200000000000000000e+01 2.276781690588027818e+00
6.300000000000000000e+01 2.194043350834194328e+00
6.400000000000000000e+01 2.222635984483535498e+00
6.500000000000000000e+01 2.216796918181730192e+00
6.600000000000000000e+01 2.232091457188773553e+00
6.700000000000000000e+01 2.321421746242752437e+00
6.800000000000000000e+01 2.461283457875914849e+00
6.900000000000000000e+01 2.320430967121666299e+00
7.000000000000000000e+01 2.360442282020558835e+00
7.100000000000000000e+01 2.646863866475576366e+00
7.200000000000000000e+01 3.141404249072189625e+00
7.300000000000000000e+01 5.341020533947892446e+00
7.400000000000000000e+01 5.851480033667687763e+00
7.500000000000000000e+01 6.691308065662330939e+00
7.600000000000000000e+01 6.095282795098091455e+00
7.700000000000000000e+01 5.614896521749334291e+00
7.800000000000000000e+01 4.169282987160793930e+00
7.900000000000000000e+01 2.623987016966617958e+00
8.000000000000000000e+01 2.177826851538272379e+00
8.100000000000000000e+01 2.191283965125993216e+00
8.200000000000000000e+01 2.088970304013825441e+00
8.300000000000000000e+01 2.006284269976829737e+00
8.400000000000000000e+01 2.146440782390399260e+00
8.500000000000000000e+01 2.041203813649824284e+00
8.600000000000000000e+01 1.955603197987382913e+00
8.700000000000000000e+01 1.931561687623751800e+00
8.800000000000000000e+01 1.960179868189409591e+00
8.900000000000000000e+01 2.002498703760042797e+00
9.000000000000000000e+01 2.010665784562787106e+00
9.100000000000000000e+01 2.103022386618831785e+00
9.200000000000000000e+01 1.970379294755629562e+00
9.300000000000000000e+01 2.038563677285559095e+00
9.400000000000000000e+01 1.906120858863549872e+00
9.500000000000000000e+01 2.048384537030308650e+00
9.600000000000000000e+01 2.099672771877423738e+00
9.700000000000000000e+01 2.134406329736430852e+00
9.800000000000000000e+01 2.217452655882796275e+00
9.900000000000000000e+01 2.114907919060197372e+00
1.000000000000000000e+02 2.095180564087688602e+00
1.010000000000000000e+02 2.163747571663209079e+00
1.020000000000000000e+02 2.113783767511733025e+00
1.030000000000000000e+02 2.274895570833219693e+00
1.040000000000000000e+02 2.150177553380242301e+00
1.050000000000000000e+02 2.262465436917349582e+00
1.060000000000000000e+02 2.286521849551698793e+00
1.070000000000000000e+02 2.267404687409588782e+00
1.080000000000000000e+02 2.399784033293740126e+00
1.090000000000000000e+02 2.366003137477427742e+00
1.100000000000000000e+02 2.142786047297516649e+00
1.110000000000000000e+02 2.053315548708240623e+00
1.120000000000000000e+02 2.000292772489054904e+00
1.130000000000000000e+02 1.949756602717274800e+00
1.140000000000000000e+02 2.002185759119829100e+00
1.150000000000000000e+02 1.954820719742392354e+00
1.160000000000000000e+02 2.075512452380544826e+00
1.170000000000000000e+02 2.036922049175281746e+00
1.180000000000000000e+02 2.192534885539475287e+00
1.190000000000000000e+02 2.274579333605426079e+00
1.200000000000000000e+02 2.457072556615941039e+00
1.210000000000000000e+02 2.608768438109895893e+00
1.220000000000000000e+02 2.879537629642204166e+00
1.230000000000000000e+02 2.978889956812898365e+00
1.240000000000000000e+02 2.764388305881797514e+00
1.250000000000000000e+02 2.903311321337095574e+00
1.260000000000000000e+02 2.954810760535020009e+00
1.270000000000000000e+02 2.818263627832799934e+00
1.280000000000000000e+02 2.734898599820895004e+00
1.290000000000000000e+02 2.905946456792373400e+00
1.300000000000000000e+02 2.920063856903091448e+00
1.310000000000000000e+02 2.754683759306909785e+00
1.320000000000000000e+02 2.822842414887309470e+00
1.330000000000000000e+02 2.994036555959560086e+00
1.340000000000000000e+02 2.925506711149771455e+00
1.350000000000000000e+02 2.865734278094109744e+00
1.360000000000000000e+02 3.054104171615508179e+00
1.370000000000000000e+02 3.043427380303923346e+00
1.380000000000000000e+02 2.733729850445247411e+00
1.390000000000000000e+02 2.752713164700348436e+00
1.400000000000000000e+02 2.968631210765899198e+00
1.410000000000000000e+02 2.813566560877812428e+00
1.420000000000000000e+02 2.571643357523397899e+00
1.430000000000000000e+02 2.784501400187715081e+00
1.440000000000000000e+02 2.924231724140328392e+00
1.450000000000000000e+02 2.672420463318582851e+00
1.460000000000000000e+02 2.579336013050087750e+00
1.470000000000000000e+02 2.681816868888575289e+00
1.480000000000000000e+02 2.259634501112832705e+00
1.490000000000000000e+02 2.192487744692937834e+00
1.500000000000000000e+02 2.097220596532336057e+00
1.510000000000000000e+02 2.134412353140563212e+00
1.520000000000000000e+02 2.074794627058807350e+00
1.530000000000000000e+02 2.109562136619835826e+00
1.540000000000000000e+02 2.062063794352372970e+00
1.550000000000000000e+02 2.176474804329555202e+00
1.560000000000000000e+02 2.126667153936359966e+00
1.570000000000000000e+02 2.228285296688532924e+00
1.580000000000000000e+02 2.319119735408111449e+00
1.590000000000000000e+02 2.441630699048042086e+00
1.600000000000000000e+02 2.372400417756033164e+00
1.610000000000000000e+02 1.929434463377622810e+00
1.620000000000000000e+02 2.091176494500207372e+00
1.630000000000000000e+02 2.175855007189796630e+00
1.640000000000000000e+02 2.199826220488236839e+00
1.650000000000000000e+02 2.397632854170214767e+00
1.660000000000000000e+02 2.714958239360009795e+00
1.670000000000000000e+02 3.126912924448637998e+00
1.680000000000000000e+02 3.886037459843474817e+00
1.690000000000000000e+02 5.164595157118733404e+00
1.700000000000000000e+02 6.420209110335318492e+00
1.710000000000000000e+02 7.042628970471219496e+00
1.720000000000000000e+02 6.809075191903404267e+00
1.730000000000000000e+02 6.064807906511036073e+00
1.740000000000000000e+02 5.696084113756286094e+00
1.750000000000000000e+02 4.532139442176140065e+00
1.760000000000000000e+02 4.115151979742860178e+00
1.770000000000000000e+02 3.467939595119210683e+00
1.780000000000000000e+02 3.877209849293041355e+00
1.790000000000000000e+02 3.974412067923156489e+00
1.800000000000000000e+02 3.602426081365005750e+00
1.810000000000000000e+02 3.761827946657744004e+00
1.820000000000000000e+02 3.630510245122866131e+00
1.830000000000000000e+02 3.437738981047586684e+00
1.840000000000000000e+02 3.081956411858221667e+00
1.850000000000000000e+02 3.337304313180340376e+00
1.860000000000000000e+02 3.214208926188093507e+00
1.870000000000000000e+02 2.681644066768928969e+00
1.880000000000000000e+02 2.336002747409947844e+00
1.890000000000000000e+02 2.221249127898138997e+00
1.900000000000000000e+02 2.057716255946768769e+00
1.910000000000000000e+02 2.119717898898532571e+00
1.920000000000000000e+02 2.028758171285002021e+00
1.930000000000000000e+02 2.192637328166046284e+00
1.940000000000000000e+02 2.156000618537011970e+00
1.950000000000000000e+02 2.039334286774006966e+00
1.960000000000000000e+02 2.026819575465475420e+00
1.970000000000000000e+02 2.179749528876469888e+00
1.980000000000000000e+02 2.328723590982595848e+00
1.990000000000000000e+02 2.446882593903802139e+00
2.000000000000000000e+02 2.518786310766676362e+00
2.010000000000000000e+02 2.666850274736558113e+00
2.020000000000000000e+02 2.511365063094681993e+00
2.030000000000000000e+02 2.417482645946572806e+00
2.040000000000000000e+02 2.633171585738820042e+00
2.050000000000000000e+02 2.680694797869624502e+00
2.060000000000000000e+02 2.511618141105765201e+00
2.070000000000000000e+02 2.565154092657279783e+00
2.080000000000000000e+02 2.797679945883797537e+00
2.090000000000000000e+02 2.807164829772567316e+00
2.100000000000000000e+02 2.710690356344044538e+00
2.110000000000000000e+02 2.805109980553075921e+00
2.120000000000000000e+02 2.787683891159753014e+00
2.130000000000000000e+02 2.879453312369066431e+00
2.140000000000000000e+02 3.099197929483523684e+00
2.150000000000000000e+02 2.948043972857468109e+00
2.160000000000000000e+02 2.958706628151773543e+00
2.170000000000000000e+02 2.915295820217722156e+00
2.180000000000000000e+02 2.838373494053199941e+00
2.190000000000000000e+02 2.378605844991512175e+00
2.200000000000000000e+02 2.010294565521829391e+00
2.210000000000000000e+02 1.774401566895062565e+00
2.220000000000000000e+02 1.839469283420451351e+00
2.230000000000000000e+02 1.592825335285503074e+00
2.240000000000000000e+02 1.515202132908888721e+00
2.250000000000000000e+02 1.679499204535658263e+00
2.260000000000000000e+02 1.652101578758934153e+00
2.270000000000000000e+02 1.497866473055023295e+00
2.280000000000000000e+02 1.591888064121580015e+00
2.290000000000000000e+02 1.699608825728290640e+00
2.300000000000000000e+02 1.600188138175393515e+00
2.310000000000000000e+02 1.542325344321642699e+00
2.320000000000000000e+02 1.640855113974774016e+00
2.330000000000000000e+02 1.608640247036059234e+00
2.340000000000000000e+02 1.895239721133984201e+00
2.350000000000000000e+02 1.818375640633242529e+00
2.360000000000000000e+02 1.806493806992477635e+00
2.370000000000000000e+02 1.933125546695179109e+00
2.380000000000000000e+02 1.860588509945360736e+00
2.390000000000000000e+02 1.910839644639573898e+00
2.400000000000000000e+02 1.889064044219879168e+00
2.410000000000000000e+02 1.880885729614949931e+00
2.420000000000000000e+02 1.896852277932438602e+00
2.430000000000000000e+02 1.875283828698103950e+00
2.440000000000000000e+02 1.805994978967431885e+00
2.450000000000000000e+02 1.890075247400400116e+00
2.460000000000000000e+02 1.839164316805996124e+00
2.470000000000000000e+02 1.988754660254621554e+00
2.480000000000000000e+02 2.028367166762195861e+00
2.490000000000000000e+02 2.205633161888673754e+00
2.500000000000000000e+02 2.262853024395104384e+00
2.510000000000000000e+02 2.363371824467746851e+00
2.520000000000000000e+02 2.204913849352208022e+00
2.530000000000000000e+02 2.059925331645502400e+00
2.540000000000000000e+02 1.868415759499669537e+00
2.550000000000000000e+02 1.724906682767737509e+00
2.560000000000000000e+02 1.621753753060021230e+00
2.570000000000000000e+02 1.394906163180415604e+00
2.580000000000000000e+02 1.468033210856171777e+00
2.590000000000000000e+02 1.668060753192158963e+00
2.600000000000000000e+02 1.621426741018909601e+00
2.610000000000000000e+02 1.571153958047626586e+00
2.620000000000000000e+02 1.734584691097293518e+00
2.630000000000000000e+02 1.786369604209283812e+00
2.640000000000000000e+02 1.734907802992329495e+00
2.650000000000000000e+02 1.589767040298290857e+00
2.660000000000000000e+02 1.588737801910960590e+00
2.670000000000000000e+02 1.448465308612253866e+00
2.680000000000000000e+02 1.398663355415337151e+00
2.690000000000000000e+02 1.322610263123960017e+00
2.700000000000000000e+02 1.401934895910150303e+00
2.710000000000000000e+02 1.435402516761715486e+00
2.720000000000000000e+02 1.576738532397689685e+00
2.730000000000000000e+02 1.659055940186532352e+00
2.740000000000000000e+02 1.862908842455371472e+00
2.750000000000000000e+02 1.939441026127179946e+00
2.760000000000000000e+02 2.231158467170347937e+00
2.770000000000000000e+02 2.648755195109545824e+00
2.780000000000000000e+02 2.604603126349794628e+00
2.790000000000000000e+02 2.206419608618232608e+00
2.800000000000000000e+02 2.179967608514505883e+00
2.810000000000000000e+02 1.885138776808867433e+00
2.820000000000000000e+02 2.127489406059031918e+00
2.830000000000000000e+02 2.371118819810380529e+00
2.840000000000000000e+02 2.040887279781757435e+00
2.850000000000000000e+02 1.765793418123537517e+00
2.860000000000000000e+02 1.633010847093025575e+00
2.870000000000000000e+02 1.458542685584019116e+00
2.880000000000000000e+02 1.334822352332503126e+00
2.890000000000000000e+02 1.354264616299587498e+00
2.900000000000000000e+02 1.372379742648387468e+00
2.910000000000000000e+02 1.377610149256746297e+00
2.920000000000000000e+02 1.458446798408428613e+00
2.930000000000000000e+02 1.416183996530962164e+00
2.940000000000000000e+02 1.325653818623837799e+00
2.950000000000000000e+02 1.452169122836208137e+00
2.960000000000000000e+02 1.490574175704066251e+00
2.970000000000000000e+02 1.429671479035192538e+00
2.980000000000000000e+02 1.448741002372296416e+00
2.990000000000000000e+02 1.540543736099272643e+00
3.000000000000000000e+02 1.544120467805594421e+00
3.010000000000000000e+02 1.508435069195403377e+00
3.020000000000000000e+02 1.542696650985258877e+00
3.030000000000000000e+02 1.599922587179264610e+00
3.040000000000000000e+02 1.653277522619714279e+00
3.050000000000000000e+02 1.736248904045294639e+00
3.060000000000000000e+02 1.805893008379884312e+00
3.070000000000000000e+02 1.979800360140891335e+00
3.080000000000000000e+02 2.081100221690918683e+00
3.090000000000000000e+02 2.238963902747917789e+00
3.100000000000000000e+02 2.298953827464900623e+00
3.110000000000000000e+02 2.495172744398474585e+00
3.120000000000000000e+02 2.614411729797102790e+00
3.130000000000000000e+02 2.552283624536959117e+00
3.140000000000000000e+02 2.367683798268648054e+00
3.150000000000000000e+02 2.349695964353093913e+00
3.160000000000000000e+02 2.341507191507450791e+00
3.170000000000000000e+02 2.159959149748329477e+00
3.180000000000000000e+02 2.054884563201309078e+00
3.190000000000000000e+02 2.130586023280713448e+00
3.200000000000000000e+02 2.042673468377964152e+00
3.210000000000000000e+02 1.863816466443942943e+00
3.220000000000000000e+02 1.936206124092596292e+00
3.230000000000000000e+02 1.969240703111920565e+00
3.240000000000000000e+02 1.748826967589968806e+00
3.250000000000000000e+02 1.690102368469845517e+00
3.260000000000000000e+02 1.805841894883129184e+00
3.270000000000000000e+02 2.038848499031237438e+00
3.280000000000000000e+02 1.926587490791894286e+00
3.290000000000000000e+02 2.073313725027111865e+00
3.300000000000000000e+02 2.204815483609448012e+00
3.310000000000000000e+02 2.414867913642261499e+00
3.320000000000000000e+02 2.510850791620075295e+00
3.330000000000000000e+02 2.596691767365116199e+00
3.340000000000000000e+02 2.880209852239334900e+00
3.350000000000000000e+02 3.252887334408654851e+00
3.360000000000000000e+02 3.149631986488531155e+00
3.370000000000000000e+02 2.836210416253762467e+00
3.380000000000000000e+02 2.857295527847366401e+00
3.390000000000000000e+02 2.754304322599270716e+00
3.400000000000000000e+02 2.557941311369359649e+00
3.410000000000000000e+02 2.525111872506232036e+00
3.420000000000000000e+02 2.621631139686309009e+00
3.430000000000000000e+02 2.473894068579984840e+00
3.440000000000000000e+02 2.275770147548757727e+00
3.450000000000000000e+02 2.369743502929122059e+00
3.460000000000000000e+02 2.409466631451064433e+00
3.470000000000000000e+02 2.234882484052575169e+00
3.480000000000000000e+02 2.159660908814143632e+00
3.490000000000000000e+02 2.290312290597321443e+00
3.500000000000000000e+02 2.262927187282766095e+00
3.510000000000000000e+02 2.100435477519914329e+00
3.520000000000000000e+02 2.185620802095299187e+00
3.530000000000000000e+02 2.329233204423676984e+00
3.540000000000000000e+02 2.141594852657058734e+00
3.550000000000000000e+02 1.986594738403683724e+00
3.560000000000000000e+02 1.762511798492284232e+00
3.570000000000000000e+02 1.662321409509488923e+00
3.580000000000000000e+02 1.521394388637679951e+00
3.590000000000000000e+02 1.447425164256136654e+00
3.600000000000000000e+02 1.413510360411826872e+00
3.610000000000000000e+02 1.445348647553601706e+00
3.620000000000000000e+02 1.445607745664273747e+00
3.630000000000000000e+02 1.533844129291290326e+00
3.640000000000000000e+02 1.632957154911111042e+00
3.650000000000000000e+02 1.702812483121355802e+00
3.660000000000000000e+02 1.634620060926105900e+00
3.670000000000000000e+02 1.683140282191776027e+00
3.680000000000000000e+02 1.637224840158563177e+00
3.690000000000000000e+02 1.730352704997901947e+00
3.700000000000000000e+02 1.789876379837920028e+00
3.710000000000000000e+02 2.051009177711174747e+00
3.720000000000000000e+02 2.150339162427039152e+00
3.730000000000000000e+02 2.449266463274699657e+00
3.740000000000000000e+02 2.410143741209349155e+00
3.750000000000000000e+02 2.777790617685909957e+00
3.760000000000000000e+02 3.810450749678870874e+00
3.770000000000000000e+02 3.628514117113687210e+00
3.780000000000000000e+02 3.331468534233755996e+00
3.790000000000000000e+02 2.602369106049236880e+00
3.800000000000000000e+02 2.388553847963482912e+00
3.810000000000000000e+02 2.226634173083943846e+00
3.820000000000000000e+02 1.875193452301867625e+00
3.830000000000000000e+02 1.853198827827222672e+00
3.840000000000000000e+02 1.841162286948403892e+00
3.850000000000000000e+02 1.909477133523447723e+00
3.860000000000000000e+02 2.135982098650279770e+00
3.870000000000000000e+02 2.274397459730903126e+00
3.880000000000000000e+02 2.492535202469792210e+00
3.890000000000000000e+02 2.422998963405837536e+00
3.900000000000000000e+02 2.657767704865926728e+00
3.910000000000000000e+02 2.552048913144997488e+00
3.920000000000000000e+02 2.656253792660827173e+00
3.930000000000000000e+02 2.640698481930174424e+00
3.940000000000000000e+02 2.475157378932649088e+00
3.950000000000000000e+02 2.347000530828486031e+00
3.960000000000000000e+02 2.243402940874704932e+00
3.970000000000000000e+02 2.058085742201192225e+00
3.980000000000000000e+02 2.047912450601691692e+00
3.990000000000000000e+02 1.844205836641521934e+00
4.000000000000000000e+02 1.871365546575546768e+00
4.010000000000000000e+02 1.831801788152606525e+00
4.020000000000000000e+02 1.961300814216523136e+00
4.030000000000000000e+02 1.851672582760192753e+00
4.040000000000000000e+02 1.850360044360859657e+00
4.050000000000000000e+02 1.779629342058276498e+00
4.060000000000000000e+02 1.711067873062798839e+00
4.070000000000000000e+02 1.719754899665604686e+00
4.080000000000000000e+02 2.185735143781934120e+00
4.090000000000000000e+02 2.385536579574973892e+00
4.100000000000000000e+02 2.057116116547397677e+00
4.110000000000000000e+02 1.923479395083923293e+00
4.120000000000000000e+02 1.722042043254466526e+00
4.130000000000000000e+02 1.677013486792386932e+00
4.140000000000000000e+02 1.550602264338041270e+00
4.150000000000000000e+02 1.535076271412273874e+00
4.160000000000000000e+02 1.575045918731926786e+00
4.170000000000000000e+02 1.607194144312475537e+00
4.180000000000000000e+02 1.691726108958827135e+00
4.190000000000000000e+02 1.636504527257939490e+00
4.200000000000000000e+02 1.718379153270269022e+00
4.210000000000000000e+02 1.732079239416043137e+00
4.220000000000000000e+02 1.744742158909737384e+00
4.230000000000000000e+02 1.779073382189475305e+00
4.240000000000000000e+02 1.731014952662594641e+00
4.250000000000000000e+02 1.752396392515313428e+00
4.260000000000000000e+02 1.729205716321555508e+00
4.270000000000000000e+02 1.725204712794571549e+00
4.280000000000000000e+02 1.807494849453050945e+00
4.290000000000000000e+02 1.799800098579660279e+00
4.300000000000000000e+02 1.919746692499028962e+00
4.310000000000000000e+02 1.944227224024943634e+00
4.320000000000000000e+02 2.029898924506788660e+00
4.330000000000000000e+02 2.014905945394975806e+00
4.340000000000000000e+02 2.116756995060039337e+00
4.350000000000000000e+02 2.130491124041749007e+00
4.360000000000000000e+02 2.326159175214674413e+00
4.370000000000000000e+02 2.179555071264046351e+00
4.380000000000000000e+02 2.109118414907400041e+00
4.390000000000000000e+02 2.302566517947860714e+00
4.400000000000000000e+02 2.696429291519167215e+00
4.410000000000000000e+02 2.776011711098160806e+00
4.420000000000000000e+02 3.048683025572942462e+00
4.430000000000000000e+02 3.345760678091535212e+00
4.440000000000000000e+02 3.707027961288740681e+00
4.450000000000000000e+02 4.088843534327522455e+00
4.460000000000000000e+02 4.617527440264943550e+00
4.470000000000000000e+02 4.043290628210095328e+00
4.480000000000000000e+02 2.827252994517101659e+00
4.490000000000000000e+02 3.052502391915170143e+00
4.500000000000000000e+02 3.007123424442671222e+00
4.510000000000000000e+02 2.873804535040503705e+00
4.520000000000000000e+02 2.923130855437482634e+00
4.530000000000000000e+02 2.779026150814700724e+00
4.540000000000000000e+02 2.336941209015794829e+00
4.550000000000000000e+02 2.216778089330600832e+00
4.560000000000000000e+02 2.146868568808158351e+00
4.570000000000000000e+02 2.417873075683620865e+00
4.580000000000000000e+02 3.300546142628066004e+00
4.590000000000000000e+02 2.898351608556918979e+00
4.600000000000000000e+02 2.547390398047807203e+00
4.610000000000000000e+02 2.410782654644748391e+00
4.620000000000000000e+02 2.463238325735552348e+00
4.630000000000000000e+02 2.428220582921046589e+00
4.640000000000000000e+02 2.873068772146212257e+00
4.650000000000000000e+02 3.235611640471294681e+00
4.660000000000000000e+02 2.980983763272367693e+00
4.670000000000000000e+02 3.511539079479466086e+00
4.680000000000000000e+02 3.992473936211653474e+00
4.690000000000000000e+02 4.110217992200722037e+00
4.700000000000000000e+02 4.006488507914769848e+00
4.710000000000000000e+02 3.250215918019202732e+00
4.720000000000000000e+02 3.503513058785216572e+00
4.730000000000000000e+02 3.333531434808707505e+00
4.740000000000000000e+02 3.520851565867566979e+00
4.750000000000000000e+02 4.163918868547285435e+00
4.760000000000000000e+02 4.414156212473680618e+00
4.770000000000000000e+02 5.044752838539733553e+00
4.780000000000000000e+02 5.720967503872892657e+00
4.790000000000000000e+02 5.300352742622285618e+00
4.800000000000000000e+02 6.421318697948321663e+00
4.810000000000000000e+02 6.409292226846423191e+00
4.820000000000000000e+02 5.679148249255601577e+00
4.830000000000000000e+02 5.089143468559178096e+00
4.840000000000000000e+02 4.337896442487819471e+00
4.850000000000000000e+02 2.850574785341458917e+00
4.860000000000000000e+02 2.512328193089257145e+00
4.870000000000000000e+02 2.578941627677349135e+00
4.880000000000000000e+02 2.577373975442361687e+00
4.890000000000000000e+02 2.902059984810943405e+00
4.900000000000000000e+02 2.874881044820286835e+00
4.910000000000000000e+02 2.795648204327505937e+00
4.920000000000000000e+02 2.718175846653670291e+00
4.930000000000000000e+02 2.512349306827715179e+00
4.940000000000000000e+02 2.230079441877478086e+00
4.950000000000000000e+02 2.077455109188017790e+00
4.960000000000000000e+02 1.951146549656880058e+00
4.970000000000000000e+02 1.756967789839516181e+00
4.980000000000000000e+02 1.857523535546207194e+00
4.990000000000000000e+02 2.022951285705619995e+00
5.000000000000000000e+02 2.208871973164594049e+00
5.010000000000000000e+02 2.391241867085124539e+00
5.020000000000000000e+02 2.634723298055272167e+00
5.030000000000000000e+02 2.901786721517608303e+00
5.040000000000000000e+02 2.748957826218207945e+00
5.050000000000000000e+02 2.535509579892574639e+00
5.060000000000000000e+02 2.331087870601717515e+00
5.070000000000000000e+02 2.324487367921136194e+00
5.080000000000000000e+02 2.111320905706945084e+00
5.090000000000000000e+02 2.021673950238681350e+00
5.100000000000000000e+02 1.961065633057692548e+00
5.110000000000000000e+02 2.095875081606506374e+00
5.120000000000000000e+02 2.143513178306591715e+00
5.130000000000000000e+02 2.292023749717359227e+00
5.140000000000000000e+02 2.373295539931599585e+00
5.150000000000000000e+02 2.454433448483018143e+00
5.160000000000000000e+02 2.181050736317715621e+00
5.170000000000000000e+02 2.310467500244767880e+00
5.180000000000000000e+02 2.344876887706139890e+00
5.190000000000000000e+02 2.354078334122895910e+00
5.200000000000000000e+02 2.231599279387363133e+00
5.210000000000000000e+02 2.102215595594377096e+00
5.220000000000000000e+02 2.118606360309056580e+00
5.230000000000000000e+02 2.164325842197425409e+00
5.240000000000000000e+02 2.270199642465540624e+00
5.250000000000000000e+02 2.679134187639337306e+00
5.260000000000000000e+02 2.496123611359142291e+00
5.270000000000000000e+02 2.456042980469021142e+00
5.280000000000000000e+02 1.841373344678640445e+00
5.290000000000000000e+02 1.996895870810803553e+00
5.300000000000000000e+02 2.239027307310940795e+00
5.310000000000000000e+02 2.318279753622084716e+00
5.320000000000000000e+02 2.346154385974089429e+00
5.330000000000000000e+02 2.505972132842761102e+00
5.340000000000000000e+02 2.093671910441027073e+00
5.350000000000000000e+02 1.833368648704378101e+00
5.360000000000000000e+02 1.679847581196757700e+00
5.370000000000000000e+02 1.806504672192507099e+00
5.380000000000000000e+02 1.835357714381133265e+00
5.390000000000000000e+02 1.709093438233953766e+00
5.400000000000000000e+02 1.654835073603241336e+00
5.410000000000000000e+02 1.719931622485630474e+00
5.420000000000000000e+02 1.732628197625450950e+00
5.430000000000000000e+02 1.936678918317358056e+00
5.440000000000000000e+02 2.032295629422792071e+00
5.450000000000000000e+02 1.859639854841772966e+00
5.460000000000000000e+02 1.937930293107517965e+00
5.470000000000000000e+02 1.732972364721195868e+00
5.480000000000000000e+02 1.779711895642733799e+00
5.490000000000000000e+02 1.678582551703496462e+00
5.500000000000000000e+02 1.710789045396610586e+00
5.510000000000000000e+02 1.951379437776163517e+00
5.520000000000000000e+02 1.897663354035435734e+00
5.530000000000000000e+02 1.757846414058012119e+00
5.540000000000000000e+02 1.860779494524654964e+00
5.550000000000000000e+02 2.004892856236716092e+00
5.560000000000000000e+02 2.006423505489923986e+00
5.570000000000000000e+02 1.839608777472713008e+00
5.580000000000000000e+02 1.735169827903744189e+00
5.590000000000000000e+02 1.929588581149668247e+00
5.600000000000000000e+02 1.950562424730716726e+00
5.610000000000000000e+02 1.927179757892869327e+00
5.620000000000000000e+02 1.989763958398437227e+00
5.630000000000000000e+02 1.960455809566243213e+00
5.640000000000000000e+02 2.058784530396661872e+00
5.650000000000000000e+02 2.201659012243831981e+00
5.660000000000000000e+02 2.330699209367872449e+00
5.670000000000000000e+02 2.310291573617280658e+00
5.680000000000000000e+02 2.393320493840980667e+00
5.690000000000000000e+02 2.671730518850787384e+00
5.700000000000000000e+02 2.863534536976689360e+00
5.710000000000000000e+02 3.036014322158544054e+00
5.720000000000000000e+02 2.913446842344619370e+00
5.730000000000000000e+02 2.954399073995282343e+00
5.740000000000000000e+02 2.738516901408929893e+00
5.750000000000000000e+02 2.884922972835296306e+00
5.760000000000000000e+02 3.279258862100363103e+00
5.770000000000000000e+02 3.469290640158460004e+00
5.780000000000000000e+02 3.766981945321770109e+00
5.790000000000000000e+02 3.525840181191335798e+00
5.800000000000000000e+02 3.056345495367749798e+00
5.810000000000000000e+02 2.510613134425411452e+00
5.820000000000000000e+02 2.445976772498319907e+00
5.830000000000000000e+02 2.159074846800975500e+00
5.840000000000000000e+02 2.157087865596480469e+00
5.850000000000000000e+02 2.446675550563554680e+00
5.860000000000000000e+02 2.736264752391582178e+00
5.870000000000000000e+02 3.178876957004377335e+00
5.880000000000000000e+02 3.791666621698012385e+00
5.890000000000000000e+02 3.979003937278641878e+00
5.900000000000000000e+02 4.835012405536637914e+00
5.910000000000000000e+02 5.119442747241601310e+00
5.920000000000000000e+02 4.589562986342205164e+00
5.930000000000000000e+02 4.167121400489918415e+00
5.940000000000000000e+02 3.932528241188807616e+00
5.950000000000000000e+02 3.932279596970661650e+00
5.960000000000000000e+02 4.212411080597841639e+00
5.970000000000000000e+02 3.803716901267320871e+00
5.980000000000000000e+02 3.669170473158789747e+00
5.990000000000000000e+02 3.367847088961476221e+00
6.000000000000000000e+02 3.438032721107518785e+00
6.010000000000000000e+02 3.528152286508183355e+00
6.020000000000000000e+02 4.084583396181137083e+00
6.030000000000000000e+02 4.289840130751987779e+00
6.040000000000000000e+02 3.838386943154374897e+00
6.050000000000000000e+02 4.139612924610517553e+00
6.060000000000000000e+02 3.637076245548779507e+00
6.070000000000000000e+02 3.288823512862202758e+00
6.080000000000000000e+02 2.863617499485138218e+00
6.090000000000000000e+02 2.959974210772952752e+00
6.100000000000000000e+02 3.007031977901565956e+00
6.110000000000000000e+02 2.608250300343095684e+00
6.120000000000000000e+02 2.649830307431576770e+00
6.130000000000000000e+02 2.745897129054322150e+00
6.140000000000000000e+02 2.692341441067739982e+00
6.150000000000000000e+02 2.963672934529645087e+00
6.160000000000000000e+02 3.218978415378266789e+00
6.170000000000000000e+02 3.285777656301783978e+00
6.180000000000000000e+02 3.524711267768180445e+00
6.190000000000000000e+02 3.954766876465537262e+00
6.200000000000000000e+02 4.176716482567752742e+00
6.210000000000000000e+02 4.282041119136922980e+00
6.220000000000000000e+02 4.131042389961743666e+00
6.230000000000000000e+02 3.832347294411952987e+00
6.240000000000000000e+02 3.787794172304413731e+00
6.250000000000000000e+02 3.244055246416414295e+00
6.260000000000000000e+02 3.550566943150855970e+00
6.270000000000000000e+02 4.085541707655710120e+00
6.280000000000000000e+02 3.825934467766563429e+00
6.290000000000000000e+02 3.486840486237555936e+00
6.300000000000000000e+02 3.103103968639132404e+00
6.310000000000000000e+02 2.928702379076443041e+00
6.320000000000000000e+02 3.168009310116019162e+00
6.330000000000000000e+02 3.140846836579759493e+00
6.340000000000000000e+02 2.936903250000475030e+00
6.350000000000000000e+02 3.015999157936614772e+00
6.360000000000000000e+02 3.323395008811830031e+00
6.370000000000000000e+02 3.435306951184253332e+00
6.380000000000000000e+02 3.785244876011911064e+00
6.390000000000000000e+02 3.738957874056456188e+00
6.400000000000000000e+02 4.380499255500533096e+00
6.410000000000000000e+02 4.622379009460297894e+00
6.420000000000000000e+02 4.923311672105916692e+00
6.430000000000000000e+02 5.292639936297347525e+00
6.440000000000000000e+02 5.078984437480078995e+00
6.450000000000000000e+02 4.808347342112749168e+00
6.460000000000000000e+02 5.457145293984543954e+00
6.470000000000000000e+02 5.805916957343775664e+00
6.480000000000000000e+02 6.196005145547021975e+00
6.490000000000000000e+02 6.495385389065115866e+00
6.500000000000000000e+02 5.654263794175726332e+00
6.510000000000000000e+02 5.016497926238334237e+00
6.520000000000000000e+02 4.378067806937500528e+00
6.530000000000000000e+02 3.811677956978471560e+00
6.540000000000000000e+02 3.442927336463515786e+00
6.550000000000000000e+02 2.976515598467447621e+00
6.560000000000000000e+02 2.971736660110989803e+00
6.570000000000000000e+02 3.161048920611544411e+00
6.580000000000000000e+02 3.731187198265377258e+00
6.590000000000000000e+02 4.237925371018602227e+00
6.600000000000000000e+02 5.058455723746876131e+00
6.610000000000000000e+02 5.460630101487675248e+00
6.620000000000000000e+02 4.862059195557453251e+00
6.630000000000000000e+02 4.356185599077809556e+00
6.640000000000000000e+02 3.701260683105837668e+00
6.650000000000000000e+02 3.453699889184753680e+00
6.660000000000000000e+02 3.297349109960560742e+00
6.670000000000000000e+02 3.247446488493876071e+00
6.680000000000000000e+02 3.501800624453141886e+00
6.690000000000000000e+02 3.519727695105152598e+00
6.700000000000000000e+02 4.173460732290282138e+00
6.710000000000000000e+02 4.459380511641804823e+00
6.720000000000000000e+02 5.289120876974108931e+00
6.730000000000000000e+02 6.668802166873375903e+00
6.740000000000000000e+02 6.634643076598382372e+00
6.750000000000000000e+02 5.817281444438036075e+00
6.760000000000000000e+02 4.948946561539631084e+00
6.770000000000000000e+02 4.190055768565107641e+00
6.780000000000000000e+02 3.969635396498086610e+00
6.790000000000000000e+02 3.459960561537732904e+00
6.800000000000000000e+02 3.882458115268171195e+00
6.810000000000000000e+02 3.711394843738860860e+00
6.820000000000000000e+02 4.133747160132163145e+00
6.830000000000000000e+02 4.707588424695420493e+00
6.840000000000000000e+02 4.939030540584631090e+00
6.850000000000000000e+02 4.352710719809884665e+00
6.860000000000000000e+02 4.518006103079144076e+00
6.870000000000000000e+02 4.825680977238426372e+00
6.880000000000000000e+02 4.959569869247778762e+00
6.890000000000000000e+02 5.256007141478123756e+00
6.900000000000000000e+02 5.288331575075137181e+00
6.910000000000000000e+02 4.877146089696434927e+00
6.920000000000000000e+02 6.233120923753380893e+00
6.930000000000000000e+02 6.121880662269810536e+00
6.940000000000000000e+02 7.185692183808008338e+00
6.950000000000000000e+02 6.248438640778863906e+00
6.960000000000000000e+02 5.153575040459039691e+00
6.970000000000000000e+02 6.496241770487663381e+00
6.980000000000000000e+02 7.025945086472860091e+00
6.990000000000000000e+02 5.650930356925076836e+00
7.000000000000000000e+02 5.559337152709678875e+00
7.010000000000000000e+02 7.005611749310705960e+00
7.020000000000000000e+02 6.811204431085586819e+00
7.030000000000000000e+02 5.458200950622741132e+00
7.040000000000000000e+02 6.325920112910327298e+00
7.050000000000000000e+02 7.376135436253188793e+00
7.060000000000000000e+02 6.391208837120986530e+00
7.070000000000000000e+02 5.519351844194487988e+00
7.080000000000000000e+02 6.951679165260645554e+00
7.090000000000000000e+02 7.467142176222302474e+00
7.100000000000000000e+02 6.164082809656544093e+00
7.110000000000000000e+02 6.123085713908740679e+00
7.120000000000000000e+02 7.561722285827356949e+00
7.130000000000000000e+02 7.409304700767431306e+00
7.140000000000000000e+02 6.234866399749787291e+00
7.150000000000000000e+02 6.864588837741239402e+00
7.160000000000000000e+02 8.136789629875220697e+00
7.170000000000000000e+02 7.664971272706186944e+00
7.180000000000000000e+02 6.782267649491944717e+00
7.190000000000000000e+02 7.928183185725176330e+00
7.200000000000000000e+02 8.734847159025258989e+00
7.210000000000000000e+02 7.759097009560270486e+00
7.220000000000000000e+02 7.541351014272820841e+00
7.230000000000000000e+02 8.928807931202507930e+00
7.240000000000000000e+02 9.212085010674034180e+00
7.250000000000000000e+02 8.204821736398645982e+00
7.260000000000000000e+02 8.581699659362472588e+00
7.270000000000000000e+02 9.878936422589388755e+00
7.280000000000000000e+02 9.646620248564888200e+00
7.290000000000000000e+02 8.919814945016646845e+00
7.300000000000000000e+02 9.859785883061213951e+00
7.310000000000000000e+02 1.075014874406690879e+01
7.320000000000000000e+02 1.005200772032703149e+01
7.330000000000000000e+02 9.924777383256820684e+00
7.340000000000000000e+02 1.115337068069970350e+01
7.350000000000000000e+02 1.148491424594547183e+01
7.360000000000000000e+02 1.082503379715847203e+01
7.370000000000000000e+02 1.124806251969302728e+01
7.380000000000000000e+02 1.241991528515599441e+01
7.390000000000000000e+02 1.233571765787772989e+01
7.400000000000000000e+02 1.193638246106503509e+01
7.410000000000000000e+02 1.272049285481147152e+01
7.420000000000000000e+02 1.203823179046248093e+01
7.430000000000000000e+02 1.298695299078909215e+01
7.440000000000000000e+02 1.385473236511427864e+01
7.450000000000000000e+02 1.505208452410203179e+01
7.460000000000000000e+02 1.623923098105238694e+01
7.470000000000000000e+02 1.618078808077287079e+01
7.480000000000000000e+02 1.644380719119742906e+01
7.490000000000000000e+02 1.649202552575595249e+01
7.500000000000000000e+02 1.617998992130017299e+01
7.510000000000000000e+02 1.608412323568381197e+01
7.520000000000000000e+02 1.483847813211839828e+01
7.530000000000000000e+02 1.361336801829471632e+01
7.540000000000000000e+02 1.239569870122328510e+01
7.550000000000000000e+02 1.172889226075514912e+01
7.560000000000000000e+02 1.063516993449733228e+01
7.570000000000000000e+02 1.040588611082959680e+01
7.580000000000000000e+02 9.332572222604822443e+00
7.590000000000000000e+02 9.316492494247832212e+00
7.600000000000000000e+02 1.055452916052156809e+01
7.610000000000000000e+02 1.215475280116734424e+01
7.620000000000000000e+02 1.337339304016066954e+01
