# Residue RMSF(Ang)
1.000000000000000000e+00 2.292635700468726778e+00
2.000000000000000000e+00 2.375520804113403273e+00
3.000000000000000000e+00 2.377739020168613493e+00
4.000000000000000000e+00 2.653613221560821245e+00
5.000000000000000000e+00 2.546388371687369201e+00
6.000000000000000000e+00 2.811646366704770195e+00
7.000000000000000000e+00 2.943952931877311663e+00
8.000000000000000000e+00 2.724643600695037193e+00
9.000000000000000000e+00 2.835910733284960461e+00
1.000000000000000000e+01 2.769167449594822639e+00
1.100000000000000000e+01 2.911772031375553738e+00
1.200000000000000000e+01 3.002545358752660487e+00
1.300000000000000000e+01 3.090188557920247714e+00
1.400000000000000000e+01 3.232403403458489866e+00
1.500000000000000000e+01 3.109606114455794934e+00
1.600000000000000000e+01 2.933656956798958770e+00
1.700000000000000000e+01 2.969840648537878103e+00
1.800000000000000000e+01 2.712502338661629597e+00
1.900000000000000000e+01 2.755374923965141942e+00
2.000000000000000000e+01 2.570493250379478845e+00
2.100000000000000000e+01 2.539959493208774788e+00
2.200000000000000000e+01 2.640605288254291416e+00
2.300000000000000000e+01 2.687038664298112334e+00
2.400000000000000000e+01 2.878775936713256378e+00
2.500000000000000000e+01 3.078378336357904033e+00
2.600000000000000000e+01 3.388279359179117822e+00
2.700000000000000000e+01 3.622190159764442807e+00
2.800000000000000000e+01 4.057614100401596424e+00
2.900000000000000000e+01 4.499843374895850623e+00
3.000000000000000000e+01 4.617193530914131649e+00
3.100000000000000000e+01 4.165417436341743773e+00
3.200000000000000000e+01 3.904563841299893312e+00
3.300000000000000000e+01 3.765343768311288919e+00
3.400000000000000000e+01 3.518368081374697365e+00
3.500000000000000000e+01 3.388831745582793431e+00
3.600000000000000000e+01 3.132088347142901075e+00
3.700000000000000000e+01 3.099492773955027314e+00
3.800000000000000000e+01 2.907695539802282347e+00
3.900000000000000000e+01 2.917484627153311472e+00
4.000000000000000000e+01 2.928075564643845219e+00
4.100000000000000000e+01 2.994636436250933453e+00
4.200000000000000000e+01 3.073128843052573611e+00
4.300000000000000000e+01 3.250031428516003462e+00
4.400000000000000000e+01 3.592018675263696004e+00
4.500000000000000000e+01 3.883506358830287386e+00
4.600000000000000000e+01 4.451937188528945377e+00
4.700000000000000000e+01 4.411186897841232302e+00
4.800000000000000000e+01 4.649297349101990662e+00
4.900000000000000000e+01 4.543994510981604229e+00
5.000000000000000000e+01 4.022552528896292223e+00
5.100000000000000000e+01 3.711226671280858369e+00
5.200000000000000000e+01 3.389493668747399102e+00
5.300000000000000000e+01 3.514278830652435293e+00
5.400000000000000000e+01 3.288574052664664293e+00
5.500000000000000000e+01 3.337557816531217636e+00
5.600000000000000000e+01 3.251811363782248332e+00
5.700000000000000000e+01 3.282506608853886565e+00
5.800000000000000000e+01 3.365232699412036510e+00
5.900000000000000000e+01 3.310868431988255978e+00
6.000000000000000000e+01 3.534727004689486751e+00
6.100000000000000000e+01 3.525159877559596033e+00
6.200000000000000000e+01 3.897699310708044873e+00
6.300000000000000000e+01 4.441035033099676177e+00
6.400000000000000000e+01 3.925614032651444152e+00
6.500000000000000000e+01 3.469335893622904621e+00
6.600000000000000000e+01 3.500339796215425459e+00
6.700000000000000000e+01 3.366724530399984872e+00
6.800000000000000000e+01 3.613294006844933737e+00
6.900000000000000000e+01 3.676806294862619229e+00
7.000000000000000000e+01 3.811363762587856474e+00
7.100000000000000000e+01 4.077965425872954519e+00
7.200000000000000000e+01 4.068096467558968143e+00
7.300000000000000000e+01 4.332992291252922179e+00
7.400000000000000000e+01 4.515483454827990073e+00
7.500000000000000000e+01 4.808074918922729424e+00
7.600000000000000000e+01 4.841683757843272318e+00
7.700000000000000000e+01 4.601175384274498903e+00
7.800000000000000000e+01 4.512895079412400534e+00
7.900000000000000000e+01 4.731471050711622439e+00
8.000000000000000000e+01 5.042404767379547792e+00
8.100000000000000000e+01 5.514163167756471751e+00
8.200000000000000000e+01 5.860827090112728399e+00
8.300000000000000000e+01 5.266873128817890048e+00
8.400000000000000000e+01 4.825022322457892976e+00
8.500000000000000000e+01 4.605244786559915759e+00
8.600000000000000000e+01 4.317196658163800826e+00
8.700000000000000000e+01 4.092160555445063075e+00
8.800000000000000000e+01 3.978255051168765988e+00
8.900000000000000000e+01 3.913811014050193382e+00
9.000000000000000000e+01 3.711066025476464247e+00
9.100000000000000000e+01 3.393177050624566427e+00
9.200000000000000000e+01 3.385733925418819013e+00
9.300000000000000000e+01 3.187921952295178940e+00
9.400000000000000000e+01 3.267304407490605023e+00
9.500000000000000000e+01 3.083388919862859012e+00
9.600000000000000000e+01 2.892646129049299741e+00
9.700000000000000000e+01 2.911189883881801777e+00
9.800000000000000000e+01 3.015989078928708267e+00
9.900000000000000000e+01 3.086473913833090776e+00
1.000000000000000000e+02 3.320072461080159520e+00
1.010000000000000000e+02 3.508902406371716687e+00
1.020000000000000000e+02 3.851385315577902979e+00
1.030000000000000000e+02 4.008285916546830308e+00
1.040000000000000000e+02 3.854448543112375170e+00
1.050000000000000000e+02 3.557309765246165156e+00
1.060000000000000000e+02 3.421707387075951790e+00
1.070000000000000000e+02 3.303397619058805468e+00
1.080000000000000000e+02 3.272702855299951086e+00
1.090000000000000000e+02 3.274929362030656765e+00
1.100000000000000000e+02 3.224873794207656186e+00
1.110000000000000000e+02 3.278046615071734227e+00
1.120000000000000000e+02 3.503223255435089722e+00
1.130000000000000000e+02 3.703136642920588084e+00
1.140000000000000000e+02 3.950946696315745132e+00
1.150000000000000000e+02 4.205230451268096026e+00
1.160000000000000000e+02 4.467074470662656616e+00
1.170000000000000000e+02 5.023488154986936571e+00
1.180000000000000000e+02 4.982165798899514719e+00
1.190000000000000000e+02 4.639867391086855086e+00
1.200000000000000000e+02 4.567424137842984067e+00
1.210000000000000000e+02 4.245400320278867490e+00
1.220000000000000000e+02 3.983202571836189421e+00
1.230000000000000000e+02 3.751096314447551539e+00
1.240000000000000000e+02 3.542206348386322201e+00
1.250000000000000000e+02 3.655540265269746847e+00
1.260000000000000000e+02 3.500678136634412407e+00
1.270000000000000000e+02 3.634529185190229050e+00
1.280000000000000000e+02 3.579707863162332249e+00
1.290000000000000000e+02 3.695911092890184602e+00
1.300000000000000000e+02 3.774340074560238012e+00
1.310000000000000000e+02 3.910259135676374509e+00
1.320000000000000000e+02 4.124824989033563760e+00
1.330000000000000000e+02 4.378657812433863761e+00
1.340000000000000000e+02 4.494796413593498130e+00
1.350000000000000000e+02 4.374794130275564186e+00
1.360000000000000000e+02 4.112481577818058120e+00
1.370000000000000000e+02 4.189584053947988274e+00
1.380000000000000000e+02 4.084293917818397901e+00
1.390000000000000000e+02 3.971564884284308317e+00
1.400000000000000000e+02 3.929604958111996726e+00
1.410000000000000000e+02 3.809535364721689188e+00
1.420000000000000000e+02 3.789490896122318375e+00
1.430000000000000000e+02 3.954489030496677771e+00
1.440000000000000000e+02 4.362666521223777849e+00
1.450000000000000000e+02 5.403795463492245155e+00
1.460000000000000000e+02 5.206201688375590386e+00
1.470000000000000000e+02 5.050138574995161278e+00
1.480000000000000000e+02 5.193832359374102481e+00
1.490000000000000000e+02 4.906438605600977887e+00
1.500000000000000000e+02 4.583720659197941139e+00
1.510000000000000000e+02 4.114895339307945044e+00
1.520000000000000000e+02 4.021856362156524867e+00
1.530000000000000000e+02 3.948632027152392698e+00
1.540000000000000000e+02 3.672659514902921529e+00
1.550000000000000000e+02 3.522050179134539771e+00
1.560000000000000000e+02 3.347812300002578567e+00
1.570000000000000000e+02 3.384856629453793619e+00
1.580000000000000000e+02 3.240798146171549821e+00
1.590000000000000000e+02 2.997639932356823689e+00
1.600000000000000000e+02 2.898533935175227949e+00
1.610000000000000000e+02 3.047247063552706692e+00
1.620000000000000000e+02 3.068711742368823714e+00
1.630000000000000000e+02 3.540991988548078950e+00
1.640000000000000000e+02 4.000384518722110982e+00
1.650000000000000000e+02 4.320940544114548310e+00
1.660000000000000000e+02 4.284742976294480421e+00
1.670000000000000000e+02 4.101548555116815820e+00
1.680000000000000000e+02 3.869689725128423241e+00
1.690000000000000000e+02 3.602263843260244069e+00
1.700000000000000000e+02 3.437839699395843773e+00
1.710000000000000000e+02 3.359544508124268969e+00
1.720000000000000000e+02 3.239007906890614574e+00
1.730000000000000000e+02 3.326130154526749649e+00
1.740000000000000000e+02 3.158547832144241507e+00
1.750000000000000000e+02 3.309391201127812820e+00
1.760000000000000000e+02 3.590418204372542110e+00
1.770000000000000000e+02 3.886801789945260488e+00
1.780000000000000000e+02 3.724849108213510451e+00
1.790000000000000000e+02 3.360077681279019401e+00
1.800000000000000000e+02 3.510287393399551981e+00
1.810000000000000000e+02 3.389647994548319332e+00
1.820000000000000000e+02 3.578152648022421722e+00
1.830000000000000000e+02 3.584029842824675960e+00
1.840000000000000000e+02 3.827841391394529058e+00
1.850000000000000000e+02 3.937940543053132902e+00
1.860000000000000000e+02 4.120174144891930013e+00
1.870000000000000000e+02 4.236414749787621226e+00
1.880000000000000000e+02 4.239097657719349321e+00
1.890000000000000000e+02 4.551685387944972128e+00
1.900000000000000000e+02 4.520347973591438695e+00
1.910000000000000000e+02 4.286963071080193366e+00
1.920000000000000000e+02 4.466074787331950624e+00
1.930000000000000000e+02 4.793853316428059230e+00
1.940000000000000000e+02 4.765806987970706565e+00
1.950000000000000000e+02 4.623944914433031350e+00
1.960000000000000000e+02 4.901612470064542038e+00
1.970000000000000000e+02 5.146912466334047309e+00
1.980000000000000000e+02 5.533981310685442523e+00
1.990000000000000000e+02 6.150886272606530980e+00
2.000000000000000000e+02 6.183434346426397887e+00
2.010000000000000000e+02 6.400503885779177615e+00
2.020000000000000000e+02 5.976379108648989913e+00
2.030000000000000000e+02 5.766509265262472539e+00
2.040000000000000000e+02 5.467551938852621696e+00
2.050000000000000000e+02 5.627241107967196676e+00
2.060000000000000000e+02 5.604719734596984360e+00
2.070000000000000000e+02 4.822722653942313364e+00
2.080000000000000000e+02 4.521830745633141468e+00
2.090000000000000000e+02 4.218568242425767778e+00
2.100000000000000000e+02 4.112176608659569688e+00
2.110000000000000000e+02 4.424873889266281779e+00
2.120000000000000000e+02 5.136970441731582682e+00
2.130000000000000000e+02 5.488811777375030232e+00
2.140000000000000000e+02 6.860834655092332035e+00
2.150000000000000000e+02 6.383676425838633151e+00
2.160000000000000000e+02 5.695264267724335916e+00
2.170000000000000000e+02 5.333266280505842616e+00
2.180000000000000000e+02 3.584249144733380188e+00
2.190000000000000000e+02 3.099506967653663736e+00
2.200000000000000000e+02 3.213469442776147211e+00
2.210000000000000000e+02 3.004848341889256425e+00
2.220000000000000000e+02 3.154481848556863088e+00
2.230000000000000000e+02 3.108213591606474147e+00
2.240000000000000000e+02 2.816898760345442287e+00
2.250000000000000000e+02 2.754283610606734989e+00
2.260000000000000000e+02 2.976315679014206683e+00
2.270000000000000000e+02 3.089422403740722078e+00
2.280000000000000000e+02 3.467280333566416850e+00
2.290000000000000000e+02 3.548301927080957707e+00
2.300000000000000000e+02 3.697044909339831875e+00
2.310000000000000000e+02 3.866308589322972278e+00
2.320000000000000000e+02 4.218186226499948788e+00
2.330000000000000000e+02 4.674856325636403298e+00
2.340000000000000000e+02 4.944685023815657665e+00
2.350000000000000000e+02 4.802212467211682601e+00
2.360000000000000000e+02 4.434695999745336792e+00
2.370000000000000000e+02 3.984353067993272823e+00
2.380000000000000000e+02 3.797586502151099275e+00
2.390000000000000000e+02 3.578672885940299864e+00
2.400000000000000000e+02 3.294224064949845321e+00
2.410000000000000000e+02 3.125514464615231969e+00
2.420000000000000000e+02 2.903945575534217394e+00
2.430000000000000000e+02 2.951216857843278252e+00
2.440000000000000000e+02 2.762823316338985702e+00
2.450000000000000000e+02 2.879486829767856637e+00
2.460000000000000000e+02 3.087110837270218511e+00
2.470000000000000000e+02 3.211783650904944665e+00
2.480000000000000000e+02 3.107466081716313777e+00
2.490000000000000000e+02 2.789840010892369992e+00
2.500000000000000000e+02 2.780528456446133223e+00
2.510000000000000000e+02 2.820578806692330520e+00
2.520000000000000000e+02 3.009240375736014439e+00
2.530000000000000000e+02 3.068010726382834008e+00
2.540000000000000000e+02 3.376042684583727471e+00
2.550000000000000000e+02 3.570449094241585186e+00
2.560000000000000000e+02 3.848580785950092675e+00
2.570000000000000000e+02 4.168693241557468454e+00
2.580000000000000000e+02 4.244642684196344717e+00
2.590000000000000000e+02 4.652033539916955895e+00
2.600000000000000000e+02 4.609645087879918890e+00
2.610000000000000000e+02 4.216556584255966023e+00
2.620000000000000000e+02 4.328279932283732201e+00
2.630000000000000000e+02 4.100148483657106269e+00
2.640000000000000000e+02 4.093617470002888226e+00
2.650000000000000000e+02 3.804273538416661271e+00
2.660000000000000000e+02 3.547760121938609235e+00
2.670000000000000000e+02 3.288107967755677041e+00
2.680000000000000000e+02 3.117642388762558614e+00
2.690000000000000000e+02 2.832432281962867560e+00
2.700000000000000000e+02 2.818890467425355872e+00
2.710000000000000000e+02 2.609829570623111383e+00
2.720000000000000000e+02 2.607151752411264845e+00
2.730000000000000000e+02 2.436354262586165831e+00
2.740000000000000000e+02 2.339888216256188702e+00
2.750000000000000000e+02 2.409306920163501342e+00
2.760000000000000000e+02 2.567446530800959525e+00
2.770000000000000000e+02 2.674938442698258534e+00
2.780000000000000000e+02 2.437864865412782578e+00
2.790000000000000000e+02 2.448286807248352126e+00
2.800000000000000000e+02 2.668584058409970705e+00
2.810000000000000000e+02 2.716120961568490699e+00
2.820000000000000000e+02 3.003073088061940510e+00
2.830000000000000000e+02 2.949368578788890360e+00
2.840000000000000000e+02 3.051379173183827564e+00
2.850000000000000000e+02 2.878059314378863753e+00
2.860000000000000000e+02 3.315673135679063410e+00
2.870000000000000000e+02 3.326830290199292772e+00
2.880000000000000000e+02 3.707262781646985417e+00
2.890000000000000000e+02 3.586720174207727929e+00
2.900000000000000000e+02 3.572973239397652101e+00
2.910000000000000000e+02 3.276341999041366915e+00
2.920000000000000000e+02 3.122394186065133859e+00
2.930000000000000000e+02 2.977927830315870050e+00
2.940000000000000000e+02 2.657361997188214087e+00
2.950000000000000000e+02 2.581839613063738881e+00
2.960000000000000000e+02 2.324586104688477484e+00
2.970000000000000000e+02 2.275822758938169432e+00
2.980000000000000000e+02 2.071525941296572970e+00
2.990000000000000000e+02 2.091958569556505498e+00
3.000000000000000000e+02 2.228810571711817623e+00
3.010000000000000000e+02 2.333214185432185950e+00
3.020000000000000000e+02 2.416254059825809986e+00
3.030000000000000000e+02 2.587835732887808771e+00
3.040000000000000000e+02 2.638255047875802006e+00
3.050000000000000000e+02 3.019723015489468754e+00
3.060000000000000000e+02 3.099181180283315573e+00
3.070000000000000000e+02 2.942231992063497170e+00
3.080000000000000000e+02 2.708120659805355768e+00
3.090000000000000000e+02 2.495658561383294227e+00
3.100000000000000000e+02 2.288333769785694027e+00
3.110000000000000000e+02 2.168099291707641818e+00
3.120000000000000000e+02 2.012194461813359592e+00
3.130000000000000000e+02 2.059415824908347847e+00
3.140000000000000000e+02 2.203355131939767730e+00
3.150000000000000000e+02 2.303716140895221809e+00
3.160000000000000000e+02 2.583199939555231861e+00
3.170000000000000000e+02 2.754828662585673715e+00
3.180000000000000000e+02 3.087879559687454645e+00
3.190000000000000000e+02 3.322249181632300541e+00
3.200000000000000000e+02 3.629397275173943616e+00
3.210000000000000000e+02 3.844744089446296087e+00
3.220000000000000000e+02 4.830883284764458274e+00
3.230000000000000000e+02 4.862885990891390620e+00
3.240000000000000000e+02 4.771800197570176039e+00
3.250000000000000000e+02 4.257050841524652185e+00
3.260000000000000000e+02 3.779988633461820235e+00
3.270000000000000000e+02 3.491233045480177655e+00
3.280000000000000000e+02 3.133028862075190268e+00
3.290000000000000000e+02 2.885361359635844725e+00
3.300000000000000000e+02 2.608229964468446127e+00
3.310000000000000000e+02 2.326282263860419697e+00
3.320000000000000000e+02 2.213860957830714238e+00
3.330000000000000000e+02 2.014139405947948713e+00
3.340000000000000000e+02 2.066294241233272544e+00
3.350000000000000000e+02 2.068135830017158838e+00
3.360000000000000000e+02 2.242537739834288502e+00
3.370000000000000000e+02 2.383854079255223635e+00
3.380000000000000000e+02 2.059249267143235418e+00
3.390000000000000000e+02 2.091014681910952522e+00
3.400000000000000000e+02 1.978774567472746826e+00
3.410000000000000000e+02 2.123030536594694873e+00
3.420000000000000000e+02 2.046648848931899689e+00
3.430000000000000000e+02 2.149611292080728653e+00
3.440000000000000000e+02 2.231244472895965725e+00
3.450000000000000000e+02 2.327967654669876207e+00
3.460000000000000000e+02 2.431553615944836988e+00
3.470000000000000000e+02 2.465652377222884439e+00
3.480000000000000000e+02 2.614372816581787440e+00
3.490000000000000000e+02 2.590938589113636059e+00
3.500000000000000000e+02 2.556847785658999506e+00
3.510000000000000000e+02 2.486364585252330173e+00
3.520000000000000000e+02 2.778875765649166496e+00
3.530000000000000000e+02 2.978209354718831303e+00
3.540000000000000000e+02 3.179371599929098124e+00
3.550000000000000000e+02 3.308359221739253897e+00
3.560000000000000000e+02 2.792206158605094579e+00
3.570000000000000000e+02 2.345033701430374595e+00
3.580000000000000000e+02 2.241874363609199783e+00
3.590000000000000000e+02 2.128704665088895442e+00
3.600000000000000000e+02 2.034022778059672021e+00
3.610000000000000000e+02 1.919091755170739155e+00
3.620000000000000000e+02 1.987092977533072347e+00
3.630000000000000000e+02 2.009732974432361541e+00
3.640000000000000000e+02 2.013222388017873676e+00
3.650000000000000000e+02 2.059036705293115777e+00
3.660000000000000000e+02 2.206341248231867169e+00
3.670000000000000000e+02 2.374269105566162885e+00
3.680000000000000000e+02 2.304721028526210969e+00
3.690000000000000000e+02 2.067533792338011711e+00
3.700000000000000000e+02 2.026921846567179664e+00
3.710000000000000000e+02 1.965390491595583100e+00
3.720000000000000000e+02 1.954499481384693871e+00
3.730000000000000000e+02 1.958455939505506782e+00
3.740000000000000000e+02 1.928966638103462250e+00
3.750000000000000000e+02 2.082196911259608374e+00
3.760000000000000000e+02 2.145905012052585104e+00
3.770000000000000000e+02 2.302297900192532332e+00
3.780000000000000000e+02 2.567508935921176683e+00
3.790000000000000000e+02 2.974424202188062250e+00
3.800000000000000000e+02 3.284478997558106794e+00
3.810000000000000000e+02 2.682837446270103676e+00
3.820000000000000000e+02 2.465860706870207864e+00
3.830000000000000000e+02 2.298723663597577627e+00
3.840000000000000000e+02 2.173810675413447413e+00
3.850000000000000000e+02 2.142599090128610939e+00
3.860000000000000000e+02 2.136796666133755185e+00
3.870000000000000000e+02 2.081966358958620145e+00
3.880000000000000000e+02 2.219452923057285254e+00
3.890000000000000000e+02 2.172594197196675569e+00
3.900000000000000000e+02 2.033023877162221993e+00
3.910000000000000000e+02 2.127928082944945398e+00
3.920000000000000000e+02 2.183408613398031495e+00
3.930000000000000000e+02 2.276265269588309881e+00
3.940000000000000000e+02 2.516683704729652860e+00
3.950000000000000000e+02 2.527396875193535841e+00
3.960000000000000000e+02 2.629052178533923367e+00
3.970000000000000000e+02 2.634874494103622400e+00
3.980000000000000000e+02 3.115032977874727660e+00
3.990000000000000000e+02 2.850495046333229698e+00
4.000000000000000000e+02 2.558448928010577106e+00
4.010000000000000000e+02 2.283149198526650103e+00
4.020000000000000000e+02 2.254181975190053144e+00
4.030000000000000000e+02 2.171948150721724868e+00
4.040000000000000000e+02 2.104425037523403041e+00
4.050000000000000000e+02 2.091466108667082935e+00
4.060000000000000000e+02 2.199369925312109508e+00
4.070000000000000000e+02 2.300682473602491562e+00
4.080000000000000000e+02 2.272270312217011146e+00
4.090000000000000000e+02 2.432166544476690007e+00
4.100000000000000000e+02 2.472525366668389513e+00
4.110000000000000000e+02 2.629443905560024941e+00
4.120000000000000000e+02 2.868006323867106300e+00
4.130000000000000000e+02 3.013126772005956244e+00
4.140000000000000000e+02 3.313224933346949452e+00
4.150000000000000000e+02 3.446041972409069398e+00
4.160000000000000000e+02 3.338531062576871378e+00
4.170000000000000000e+02 3.358012101059405730e+00
4.180000000000000000e+02 3.521481923282927085e+00
4.190000000000000000e+02 2.764184794421253866e+00
4.200000000000000000e+02 2.701992818811108421e+00
4.210000000000000000e+02 2.628852810040740451e+00
4.220000000000000000e+02 2.384367702043946657e+00
4.230000000000000000e+02 2.424704464706013418e+00
4.240000000000000000e+02 2.262677865435794189e+00
4.250000000000000000e+02 2.341882811864616443e+00
4.260000000000000000e+02 2.304285723077249326e+00
4.270000000000000000e+02 2.452723829278510514e+00
4.280000000000000000e+02 2.405248972849931111e+00
4.290000000000000000e+02 2.513126779600711291e+00
4.300000000000000000e+02 2.660252739715567749e+00
4.310000000000000000e+02 2.586095517947866185e+00
4.320000000000000000e+02 2.540392511455463076e+00
4.330000000000000000e+02 2.482265699168364037e+00
4.340000000000000000e+02 2.547792099391095633e+00
4.350000000000000000e+02 2.452418923749050794e+00
4.360000000000000000e+02 2.592815384668519574e+00
4.370000000000000000e+02 2.569033892205682790e+00
4.380000000000000000e+02 2.680775279231387920e+00
4.390000000000000000e+02 2.856069681760639689e+00
4.400000000000000000e+02 2.731492205892607217e+00
4.410000000000000000e+02 2.787962806601050669e+00
4.420000000000000000e+02 2.751081856164792061e+00
4.430000000000000000e+02 2.838659552650639295e+00
4.440000000000000000e+02 2.944615987434316740e+00
4.450000000000000000e+02 2.889483447885527134e+00
4.460000000000000000e+02 3.132948232242145359e+00
4.470000000000000000e+02 3.099350527186390369e+00
4.480000000000000000e+02 3.454979748368312009e+00
4.490000000000000000e+02 3.572073666438614126e+00
4.500000000000000000e+02 3.962453241748695731e+00
4.510000000000000000e+02 4.197118452423205248e+00
4.520000000000000000e+02 4.116493084507825806e+00
4.530000000000000000e+02 4.409871133189056991e+00
4.540000000000000000e+02 4.464274678977186994e+00
4.550000000000000000e+02 4.654389919911703366e+00
4.560000000000000000e+02 4.448307289759976690e+00
4.570000000000000000e+02 4.637448596709169202e+00
4.580000000000000000e+02 4.440103631710244692e+00
4.590000000000000000e+02 4.642239668815625109e+00
4.600000000000000000e+02 4.652714422923534876e+00
4.610000000000000000e+02 4.480051137514812432e+00
4.620000000000000000e+02 4.661081055758948821e+00
4.630000000000000000e+02 4.501092336293856633e+00
4.640000000000000000e+02 4.893247235263184614e+00
4.650000000000000000e+02 5.503345910361757909e+00
4.660000000000000000e+02 5.392382145837991025e+00
4.670000000000000000e+02 5.485768611740417633e+00
4.680000000000000000e+02 5.038501065776793020e+00
4.690000000000000000e+02 4.737587900714720135e+00
4.700000000000000000e+02 4.305801393087252293e+00
4.710000000000000000e+02 4.149584061426212500e+00
4.720000000000000000e+02 3.973819931126712834e+00
4.730000000000000000e+02 3.798587114326312353e+00
4.740000000000000000e+02 3.689661643873782371e+00
4.750000000000000000e+02 3.347841511796141756e+00
4.760000000000000000e+02 3.431048284726238684e+00
4.770000000000000000e+02 3.179801919092584583e+00
4.780000000000000000e+02 3.279228275569890716e+00
4.790000000000000000e+02 3.106267058226500399e+00
4.800000000000000000e+02 3.384954572994601119e+00
4.810000000000000000e+02 3.446081179386916382e+00
4.820000000000000000e+02 3.991184896516812408e+00
4.830000000000000000e+02 5.139122805883132195e+00
4.840000000000000000e+02 5.144321836024261962e+00
4.850000000000000000e+02 5.203904941380729454e+00
4.860000000000000000e+02 5.178559792508885984e+00
4.870000000000000000e+02 4.903017061547675581e+00
4.880000000000000000e+02 4.698784996240632061e+00
4.890000000000000000e+02 4.277504826270439153e+00
4.900000000000000000e+02 4.013195042566712445e+00
4.910000000000000000e+02 3.564561877851740057e+00
4.920000000000000000e+02 3.375438794993116609e+00
4.930000000000000000e+02 2.915255064843234489e+00
4.940000000000000000e+02 2.823768179605696371e+00
4.950000000000000000e+02 2.687491927638560263e+00
4.960000000000000000e+02 2.655111016566869875e+00
4.970000000000000000e+02 2.700277484515276605e+00
4.980000000000000000e+02 2.814306057171263920e+00
4.990000000000000000e+02 3.037295455123117716e+00
5.000000000000000000e+02 3.285627255073837016e+00
5.010000000000000000e+02 3.191972879106632188e+00
5.020000000000000000e+02 3.707124631055958464e+00
5.030000000000000000e+02 4.531555300029897815e+00
5.040000000000000000e+02 6.694322051373835514e+00
5.050000000000000000e+02 7.945266205108409530e+00
5.060000000000000000e+02 6.876149844649263265e+00
5.070000000000000000e+02 4.432767713493044326e+00
5.080000000000000000e+02 4.002036703574337828e+00
5.090000000000000000e+02 3.551438473371363980e+00
5.100000000000000000e+02 3.718324284494801013e+00
5.110000000000000000e+02 3.495980763543234282e+00
5.120000000000000000e+02 3.392804210313598468e+00
5.130000000000000000e+02 3.359376112359633293e+00
5.140000000000000000e+02 3.743833669821141630e+00
5.150000000000000000e+02 3.914047638557362152e+00
5.160000000000000000e+02 3.694472189437148391e+00
5.170000000000000000e+02 3.739369540063590236e+00
5.180000000000000000e+02 3.376647826925052165e+00
5.190000000000000000e+02 3.136466122426146086e+00
5.200000000000000000e+02 2.973481927689844095e+00
5.210000000000000000e+02 2.982271514444998939e+00
5.220000000000000000e+02 2.973047353293593265e+00
5.230000000000000000e+02 3.090113415878958492e+00
5.240000000000000000e+02 3.256206776955494320e+00
5.250000000000000000e+02 3.305895119500970480e+00
5.260000000000000000e+02 3.610194122324913657e+00
5.270000000000000000e+02 3.569501033073774643e+00
5.280000000000000000e+02 3.979300420567486007e+00
5.290000000000000000e+02 4.404363426376895596e+00
5.300000000000000000e+02 5.111414403834864117e+00
5.310000000000000000e+02 5.848620983990008959e+00
5.320000000000000000e+02 5.137985824202204732e+00
5.330000000000000000e+02 4.271266390191577500e+00
5.340000000000000000e+02 3.903316540704063087e+00
5.350000000000000000e+02 3.682536987972798936e+00
5.360000000000000000e+02 3.601919241640526348e+00
5.370000000000000000e+02 3.613909133999724244e+00
5.380000000000000000e+02 3.482871084269059558e+00
5.390000000000000000e+02 3.646193167017509840e+00
5.400000000000000000e+02 3.518552819696499689e+00
5.410000000000000000e+02 3.760027454052775830e+00
5.420000000000000000e+02 3.929072872947792838e+00
5.430000000000000000e+02 3.907868062939437781e+00
5.440000000000000000e+02 4.286002602644248149e+00
5.450000000000000000e+02 4.584592985604190041e+00
5.460000000000000000e+02 4.989036048596034334e+00
5.470000000000000000e+02 4.818139218255575784e+00
5.480000000000000000e+02 4.950971292002737556e+00
5.490000000000000000e+02 5.233204665459497917e+00
5.500000000000000000e+02 5.417383090878477248e+00
5.510000000000000000e+02 5.443363734663784648e+00
5.520000000000000000e+02 5.341129134132546419e+00
5.530000000000000000e+02 4.697950152375369726e+00
5.540000000000000000e+02 4.062190045751424172e+00
5.550000000000000000e+02 3.618467246622087519e+00
5.560000000000000000e+02 3.338582746432086079e+00
5.570000000000000000e+02 3.047390254930761877e+00
5.580000000000000000e+02 2.734376256736307464e+00
5.590000000000000000e+02 2.573477753564802573e+00
5.600000000000000000e+02 2.429231748098737764e+00
5.610000000000000000e+02 2.490808830158683929e+00
5.620000000000000000e+02 2.513245747618026993e+00
5.630000000000000000e+02 2.685063990783284726e+00
5.640000000000000000e+02 3.094529233199239115e+00
5.650000000000000000e+02 3.446687641099373867e+00
5.660000000000000000e+02 4.225454727312506265e+00
5.670000000000000000e+02 5.477566049340358845e+00
5.680000000000000000e+02 6.449984161467306798e+00
5.690000000000000000e+02 6.866088266150011776e+00
5.700000000000000000e+02 6.714194410449819905e+00
5.710000000000000000e+02 5.780150174592264989e+00
5.720000000000000000e+02 5.360970666997176615e+00
5.730000000000000000e+02 4.290675600070576579e+00
5.740000000000000000e+02 3.198113895274472984e+00
5.750000000000000000e+02 3.102570649843212625e+00
5.760000000000000000e+02 2.933250252235899858e+00
5.770000000000000000e+02 2.579580102599085656e+00
5.780000000000000000e+02 2.456308590041062168e+00
5.790000000000000000e+02 2.408445841817848265e+00
5.800000000000000000e+02 2.360639202023659067e+00
5.810000000000000000e+02 2.456928720617596262e+00
5.820000000000000000e+02 2.506528364234126283e+00
5.830000000000000000e+02 2.456030244888095293e+00
5.840000000000000000e+02 2.319673131603194882e+00
5.850000000000000000e+02 2.517153064226704373e+00
5.860000000000000000e+02 2.655615944733660694e+00
5.870000000000000000e+02 2.947067929535880815e+00
5.880000000000000000e+02 3.253115570743991825e+00
5.890000000000000000e+02 3.570772142320988607e+00
5.900000000000000000e+02 3.794591906079046950e+00
5.910000000000000000e+02 4.153644338584202345e+00
5.920000000000000000e+02 4.282271443328805383e+00
5.930000000000000000e+02 4.668861753674611315e+00
5.940000000000000000e+02 4.745758811853372450e+00
5.950000000000000000e+02 5.372064125564267378e+00
5.960000000000000000e+02 5.895768348624931043e+00
5.970000000000000000e+02 6.522629195750862863e+00
5.980000000000000000e+02 6.136062536875667384e+00
5.990000000000000000e+02 6.071015145839641747e+00
6.000000000000000000e+02 5.529600767372999215e+00
6.010000000000000000e+02 4.370391138495619998e+00
6.020000000000000000e+02 4.262817819915578177e+00
6.030000000000000000e+02 4.238016407565372567e+00
6.040000000000000000e+02 4.140761681768413638e+00
6.050000000000000000e+02 4.144269942852729649e+00
6.060000000000000000e+02 3.891039895928240622e+00
6.070000000000000000e+02 3.997281021251921196e+00
6.080000000000000000e+02 3.838504986912405048e+00
6.090000000000000000e+02 3.982524075388508500e+00
6.100000000000000000e+02 3.926156510391725529e+00
6.110000000000000000e+02 4.052229650650268411e+00
6.120000000000000000e+02 4.031036677317572092e+00
6.130000000000000000e+02 4.244309662877245870e+00
6.140000000000000000e+02 4.235400060135754430e+00
6.150000000000000000e+02 4.567641517283203889e+00
6.160000000000000000e+02 4.495283712152954969e+00
6.170000000000000000e+02 4.239437206475415110e+00
6.180000000000000000e+02 4.275207625948678647e+00
6.190000000000000000e+02 4.391183426041942006e+00
6.200000000000000000e+02 4.262956062762092380e+00
6.210000000000000000e+02 3.927558467450698032e+00
6.220000000000000000e+02 3.702585138351965455e+00
6.230000000000000000e+02 3.725892683667142435e+00
6.240000000000000000e+02 3.544385395828131280e+00
6.250000000000000000e+02 3.622580213068560706e+00
6.260000000000000000e+02 3.512565239692126084e+00
6.270000000000000000e+02 3.578511957108160502e+00
6.280000000000000000e+02 3.578136968689097586e+00
6.290000000000000000e+02 3.523558039252890239e+00
6.300000000000000000e+02 3.637061389827656921e+00
6.310000000000000000e+02 3.547800495723525405e+00
6.320000000000000000e+02 3.694992674433000168e+00
6.330000000000000000e+02 3.751516247641421664e+00
6.340000000000000000e+02 4.119898904368676895e+00
6.350000000000000000e+02 4.139592128665407600e+00
6.360000000000000000e+02 3.944093995974219613e+00
6.370000000000000000e+02 3.606254879448879791e+00
6.380000000000000000e+02 3.508955853317377915e+00
6.390000000000000000e+02 3.326476720560125333e+00
6.400000000000000000e+02 3.202808340050828928e+00
6.410000000000000000e+02 3.206329234637019798e+00
6.420000000000000000e+02 3.156939358276827257e+00
6.430000000000000000e+02 3.224509318404253033e+00
6.440000000000000000e+02 3.353001405648351252e+00
6.450000000000000000e+02 3.446842822293283426e+00
6.460000000000000000e+02 3.666886982155021624e+00
6.470000000000000000e+02 3.805267042829253654e+00
6.480000000000000000e+02 3.911129617354013543e+00
6.490000000000000000e+02 3.932451018726570435e+00
6.500000000000000000e+02 3.734441782067043913e+00
6.510000000000000000e+02 3.570918311439931436e+00
6.520000000000000000e+02 3.414106112536497761e+00
6.530000000000000000e+02 3.201965201388120796e+00
6.540000000000000000e+02 3.145853614326169723e+00
6.550000000000000000e+02 3.003278524006378181e+00
6.560000000000000000e+02 2.968929177603424119e+00
6.570000000000000000e+02 3.084916536852543523e+00
6.580000000000000000e+02 3.028553658643767132e+00
6.590000000000000000e+02 3.566589557869607408e+00
6.600000000000000000e+02 3.765643141179617626e+00
6.610000000000000000e+02 3.740226731579709085e+00
6.620000000000000000e+02 3.756311815842479085e+00
6.630000000000000000e+02 3.385058362049857550e+00
6.640000000000000000e+02 3.108927184960113443e+00
6.650000000000000000e+02 2.919413038137232963e+00
6.660000000000000000e+02 2.859807547953391538e+00
6.670000000000000000e+02 2.771455156127961228e+00
6.680000000000000000e+02 2.898831315887291815e+00
6.690000000000000000e+02 3.030454401161683187e+00
6.700000000000000000e+02 3.203211663968470457e+00
6.710000000000000000e+02 3.522400026838473863e+00
6.720000000000000000e+02 3.944682090436575805e+00
6.730000000000000000e+02 4.448871486130213881e+00
6.740000000000000000e+02 5.032290814037574833e+00
6.750000000000000000e+02 4.803331889531618160e+00
6.760000000000000000e+02 4.228291026669833919e+00
6.770000000000000000e+02 3.788660645733136434e+00
6.780000000000000000e+02 3.530760597116464172e+00
6.790000000000000000e+02 3.209907767198829198e+00
6.800000000000000000e+02 3.111447602016153002e+00
6.810000000000000000e+02 2.958979642942870303e+00
6.820000000000000000e+02 2.887497222078130310e+00
6.830000000000000000e+02 3.003882221014105625e+00
6.840000000000000000e+02 3.000284970972875609e+00
6.850000000000000000e+02 3.097401061029437574e+00
6.860000000000000000e+02 3.268708141494233388e+00
6.870000000000000000e+02 3.282908702585437766e+00
6.880000000000000000e+02 3.442083413581487950e+00
6.890000000000000000e+02 3.819936321945256896e+00
6.900000000000000000e+02 3.989952737987629394e+00
6.910000000000000000e+02 3.614419492564845182e+00
6.920000000000000000e+02 3.677076552408181875e+00
6.930000000000000000e+02 3.407270951562841432e+00
6.940000000000000000e+02 3.467018314864604545e+00
6.950000000000000000e+02 3.245709668971047623e+00
6.960000000000000000e+02 3.308069975577076161e+00
6.970000000000000000e+02 3.205869533278552730e+00
6.980000000000000000e+02 3.233892673964954501e+00
6.990000000000000000e+02 3.354432510681004231e+00
7.000000000000000000e+02 3.505265985313479771e+00
7.010000000000000000e+02 3.755858377735433073e+00
7.020000000000000000e+02 3.959623516084191053e+00
7.030000000000000000e+02 4.282939797059176712e+00
7.040000000000000000e+02 4.544510520099050765e+00
7.050000000000000000e+02 4.936612929787710158e+00
7.060000000000000000e+02 5.238345653232092225e+00
7.070000000000000000e+02 5.455427299637930716e+00
7.080000000000000000e+02 5.140428257675931256e+00
7.090000000000000000e+02 5.068365371894183902e+00
7.100000000000000000e+02 4.724545978262876922e+00
7.110000000000000000e+02 4.344865603833547141e+00
7.120000000000000000e+02 4.204213934832401911e+00
7.130000000000000000e+02 3.902282358192291856e+00
7.140000000000000000e+02 3.900879865699562465e+00
7.150000000000000000e+02 3.700162933800712484e+00
7.160000000000000000e+02 3.712536563624558639e+00
7.170000000000000000e+02 3.494233045838980090e+00
7.180000000000000000e+02 3.506125021224939964e+00
7.190000000000000000e+02 3.417645613724805020e+00
7.200000000000000000e+02 3.504823230130981848e+00
7.210000000000000000e+02 3.623038670312781484e+00
7.220000000000000000e+02 3.738303321937601176e+00
7.230000000000000000e+02 4.205218632894972330e+00
7.240000000000000000e+02 4.642273822005850370e+00
7.250000000000000000e+02 4.686007645964542334e+00
7.260000000000000000e+02 4.817371870564521430e+00
7.270000000000000000e+02 4.551131072551585000e+00
7.280000000000000000e+02 4.446582236699234691e+00
7.290000000000000000e+02 4.167936411777360739e+00
7.300000000000000000e+02 4.163596673486509303e+00
7.310000000000000000e+02 4.205833293629508418e+00
7.320000000000000000e+02 4.194784204618223100e+00
7.330000000000000000e+02 4.384030338476359034e+00
7.340000000000000000e+02 4.377994231700157002e+00
7.350000000000000000e+02 4.675924941997407380e+00
7.360000000000000000e+02 4.623323485281401801e+00
7.370000000000000000e+02 4.720666003062963689e+00
7.380000000000000000e+02 4.720491287027294369e+00
7.390000000000000000e+02 4.544550673525194817e+00
7.400000000000000000e+02 4.535524045438962482e+00
7.410000000000000000e+02 4.364876525148839725e+00
7.420000000000000000e+02 4.222124416233132393e+00
7.430000000000000000e+02 4.152116041538108426e+00
7.440000000000000000e+02 4.055663129020675939e+00
7.450000000000000000e+02 3.907354480244545236e+00
7.460000000000000000e+02 3.827859106964047964e+00
7.470000000000000000e+02 3.881334434089488195e+00
7.480000000000000000e+02 3.887831648181991007e+00
7.490000000000000000e+02 3.805105096585025937e+00
7.500000000000000000e+02 3.779732021292991462e+00
7.510000000000000000e+02 3.913988308267994931e+00
7.520000000000000000e+02 3.999209747605052989e+00
7.530000000000000000e+02 4.074388269968657106e+00
7.540000000000000000e+02 4.189150808121439695e+00
7.550000000000000000e+02 4.370177954022060440e+00
7.560000000000000000e+02 4.625676142936422153e+00
7.570000000000000000e+02 4.802051709692790382e+00
7.580000000000000000e+02 5.187699689293610028e+00
7.590000000000000000e+02 5.687830307594339274e+00
7.600000000000000000e+02 5.540130664753539769e+00
7.610000000000000000e+02 6.120777074654027317e+00
7.620000000000000000e+02 6.868565321880491403e+00
7.630000000000000000e+02 7.692263870459465025e+00
7.640000000000000000e+02 8.686966925091882175e+00
7.650000000000000000e+02 8.268615610729954213e+00
7.660000000000000000e+02 6.993719274402106834e+00
7.670000000000000000e+02 7.759854885089515264e+00
7.680000000000000000e+02 6.869826973681854909e+00
7.690000000000000000e+02 5.840192408133373370e+00
7.700000000000000000e+02 5.578003840110927314e+00
7.710000000000000000e+02 5.616780009409555241e+00
7.720000000000000000e+02 5.123751661384052802e+00
7.730000000000000000e+02 4.765931824152211504e+00
7.740000000000000000e+02 4.342309384670890005e+00
7.750000000000000000e+02 4.223260060510944491e+00
7.760000000000000000e+02 4.009874246267192355e+00
7.770000000000000000e+02 3.940115876317924926e+00
7.780000000000000000e+02 3.886507992710760195e+00
7.790000000000000000e+02 3.893498978318987280e+00
7.800000000000000000e+02 3.908020507295808077e+00
7.810000000000000000e+02 3.903684716522499265e+00
7.820000000000000000e+02 3.997375942312814789e+00
7.830000000000000000e+02 4.005519479665528237e+00
7.840000000000000000e+02 4.024552027862224435e+00
7.850000000000000000e+02 4.168037074987093860e+00
7.860000000000000000e+02 4.169243429654836852e+00
7.870000000000000000e+02 4.213984024578764753e+00
7.880000000000000000e+02 4.435539938015536698e+00
7.890000000000000000e+02 4.640798353803671894e+00
7.900000000000000000e+02 4.818720856469343339e+00
7.910000000000000000e+02 5.102626889199727067e+00
7.920000000000000000e+02 5.169458129943027558e+00
7.930000000000000000e+02 4.930871052200821225e+00
7.940000000000000000e+02 4.908085677496575094e+00
7.950000000000000000e+02 4.616859875066789520e+00
7.960000000000000000e+02 4.698428997145197350e+00
7.970000000000000000e+02 4.503632264361484339e+00
7.980000000000000000e+02 4.738670132024371817e+00
7.990000000000000000e+02 4.659870349981291682e+00
8.000000000000000000e+02 4.774316819517854249e+00
8.010000000000000000e+02 4.975862317472746099e+00
8.020000000000000000e+02 5.240446811323510978e+00
8.030000000000000000e+02 5.347536798391746338e+00
8.040000000000000000e+02 5.846627761888090191e+00
8.050000000000000000e+02 5.897574536190966832e+00
8.060000000000000000e+02 5.395973758814959886e+00
8.070000000000000000e+02 5.126335362536483586e+00
8.080000000000000000e+02 4.775730693921278025e+00
8.090000000000000000e+02 4.725912806228670604e+00
8.100000000000000000e+02 4.756420395129233647e+00
8.110000000000000000e+02 4.657149349944681660e+00
8.120000000000000000e+02 4.779754704839260349e+00
8.130000000000000000e+02 4.769307790605606279e+00
8.140000000000000000e+02 4.585335093762471281e+00
8.150000000000000000e+02 4.637988945693600762e+00
8.160000000000000000e+02 4.610829115877823625e+00
8.170000000000000000e+02 4.614244172916963649e+00
8.180000000000000000e+02 4.635859443280299530e+00
8.190000000000000000e+02 4.903599245795379424e+00
8.200000000000000000e+02 4.851944468546654399e+00
8.210000000000000000e+02 5.130172505782776504e+00
8.220000000000000000e+02 5.048355045379885553e+00
8.230000000000000000e+02 5.332503607178241900e+00
8.240000000000000000e+02 5.369445267119081322e+00
8.250000000000000000e+02 5.809978530713496347e+00
8.260000000000000000e+02 5.596040714190020360e+00
8.270000000000000000e+02 5.641226939878771773e+00
8.280000000000000000e+02 5.409091824919249447e+00
8.290000000000000000e+02 5.336377136896430784e+00
8.300000000000000000e+02 5.634167436392004014e+00
8.310000000000000000e+02 5.590825691947427067e+00
8.320000000000000000e+02 5.922181684777735988e+00
8.330000000000000000e+02 5.861426737633782302e+00
8.340000000000000000e+02 6.587939119786846653e+00
8.350000000000000000e+02 7.075586774594962769e+00
8.360000000000000000e+02 8.709498681003729814e+00
8.370000000000000000e+02 1.039660407951435417e+01
8.380000000000000000e+02 1.144432247514877865e+01
8.390000000000000000e+02 1.255231561090513459e+01
8.400000000000000000e+02 1.148820203317990618e+01
8.410000000000000000e+02 1.100776674059786764e+01
8.420000000000000000e+02 1.051603590589198767e+01
8.430000000000000000e+02 9.975133366403259316e+00
8.440000000000000000e+02 9.597502523206113523e+00
8.450000000000000000e+02 9.360932845142597714e+00
8.460000000000000000e+02 9.757138294461856987e+00
8.470000000000000000e+02 1.008878914079648759e+01
8.480000000000000000e+02 1.049420784048661837e+01
8.490000000000000000e+02 1.066295610873164001e+01
8.500000000000000000e+02 1.072164977188206869e+01
8.510000000000000000e+02 1.107110369355285329e+01
8.520000000000000000e+02 1.142412044862360609e+01
8.530000000000000000e+02 1.076271799994006884e+01
8.540000000000000000e+02 1.084101278937151314e+01
8.550000000000000000e+02 1.146336622407343775e+01
8.560000000000000000e+02 1.127946156066837347e+01
8.570000000000000000e+02 1.040945187655003146e+01
8.580000000000000000e+02 1.053995244186164015e+01
8.590000000000000000e+02 1.061009629728800974e+01
8.600000000000000000e+02 9.600463955132726213e+00
8.610000000000000000e+02 9.330689497883259520e+00
8.620000000000000000e+02 8.666202820072273383e+00
8.630000000000000000e+02 8.333974733096717102e+00
8.640000000000000000e+02 7.974442453582083701e+00
8.650000000000000000e+02 8.225718539648879002e+00
8.660000000000000000e+02 8.651272814218742724e+00
8.670000000000000000e+02 7.645248030706577325e+00
8.680000000000000000e+02 7.141330382583493730e+00
8.690000000000000000e+02 5.588272788410623804e+00
8.700000000000000000e+02 5.462970767855794385e+00
8.710000000000000000e+02 5.073371737087686739e+00
8.720000000000000000e+02 4.756634488773624270e+00
8.730000000000000000e+02 4.738866636942976385e+00
8.740000000000000000e+02 5.091879269262791219e+00
8.750000000000000000e+02 5.588237040401239142e+00
8.760000000000000000e+02 5.525753591794852149e+00
8.770000000000000000e+02 5.275624089456310450e+00
8.780000000000000000e+02 5.490651829297360287e+00
8.790000000000000000e+02 5.292892627104464509e+00
8.800000000000000000e+02 5.319765028920487637e+00
8.810000000000000000e+02 5.046690205375450766e+00
8.820000000000000000e+02 4.840668634986899477e+00
8.830000000000000000e+02 4.963735186452320036e+00
8.840000000000000000e+02 4.866786076401990790e+00
8.850000000000000000e+02 5.054436706188363715e+00
8.860000000000000000e+02 4.829588603304987515e+00
8.870000000000000000e+02 4.988121692583982636e+00
8.880000000000000000e+02 4.961334976209971437e+00
8.890000000000000000e+02 4.774500981064150551e+00
8.900000000000000000e+02 5.193713218337418169e+00
8.910000000000000000e+02 4.498620483915145130e+00
8.920000000000000000e+02 4.165121631326415219e+00
8.930000000000000000e+02 4.338769177595494853e+00
8.940000000000000000e+02 4.232837343478863090e+00
8.950000000000000000e+02 4.263392444983733931e+00
8.960000000000000000e+02 4.145086465112017393e+00
8.970000000000000000e+02 4.159723712315573252e+00
8.980000000000000000e+02 4.144230478003190221e+00
8.990000000000000000e+02 4.174910919425779632e+00
9.000000000000000000e+02 4.227802706968531332e+00
9.010000000000000000e+02 4.287806322205992338e+00
9.020000000000000000e+02 4.408439131537934763e+00
9.030000000000000000e+02 4.417345569444348641e+00
9.040000000000000000e+02 4.716458807985182133e+00
9.050000000000000000e+02 4.824009671932495635e+00
9.060000000000000000e+02 5.240946372116138008e+00
9.070000000000000000e+02 5.146857110094762433e+00
9.080000000000000000e+02 4.832047474134247622e+00
9.090000000000000000e+02 5.178267478777047295e+00
9.100000000000000000e+02 6.040325364638441386e+00
9.110000000000000000e+02 6.261858495386692702e+00
9.120000000000000000e+02 7.046042030064948669e+00
9.130000000000000000e+02 7.099104567692383405e+00
9.140000000000000000e+02 5.941343876946975300e+00
9.150000000000000000e+02 4.964082657790981123e+00
9.160000000000000000e+02 5.096902793866584069e+00
9.170000000000000000e+02 4.787989179824019281e+00
9.180000000000000000e+02 4.752106514337997467e+00
9.190000000000000000e+02 4.548541105166679976e+00
9.200000000000000000e+02 4.335929094837841724e+00
9.210000000000000000e+02 4.304835831550793301e+00
9.220000000000000000e+02 4.298068606965582461e+00
9.230000000000000000e+02 4.426971829069797693e+00
9.240000000000000000e+02 4.340133253240519018e+00
9.250000000000000000e+02 4.561324368096979498e+00
9.260000000000000000e+02 4.606769536753372307e+00
9.270000000000000000e+02 4.904943996396848860e+00
9.280000000000000000e+02 4.947608191211800843e+00
9.290000000000000000e+02 5.312060952739837916e+00
9.300000000000000000e+02 5.338069438961358770e+00
9.310000000000000000e+02 5.156432388497725228e+00
9.320000000000000000e+02 5.313662014857585270e+00
9.330000000000000000e+02 5.294958843971168783e+00
9.340000000000000000e+02 5.694299512926471074e+00
9.350000000000000000e+02 5.664286941492060912e+00
9.360000000000000000e+02 5.330355097986997137e+00
9.370000000000000000e+02 5.434462691976369442e+00
9.380000000000000000e+02 5.213142649645898352e+00
9.390000000000000000e+02 5.315596766791388816e+00
9.400000000000000000e+02 5.313432056378898594e+00
9.410000000000000000e+02 4.941257505201704703e+00
9.420000000000000000e+02 4.857230756005455952e+00
9.430000000000000000e+02 4.562784097693040053e+00
9.440000000000000000e+02 4.486618648864149961e+00
9.450000000000000000e+02 4.274278451473701779e+00
9.460000000000000000e+02 4.295055296958696367e+00
9.470000000000000000e+02 4.058238454032624176e+00
9.480000000000000000e+02 4.123364668664009969e+00
9.490000000000000000e+02 4.069104813676334587e+00
9.500000000000000000e+02 4.233626588687382508e+00
9.510000000000000000e+02 4.288985037936064337e+00
9.520000000000000000e+02 4.383452445481686333e+00
9.530000000000000000e+02 4.501415854878040967e+00
9.540000000000000000e+02 4.540446123885310215e+00
9.550000000000000000e+02 4.558888017160458439e+00
9.560000000000000000e+02 4.407264309139620195e+00
9.570000000000000000e+02 4.263813173772477150e+00
9.580000000000000000e+02 3.953879694781489818e+00
9.590000000000000000e+02 3.580663556339552578e+00
9.600000000000000000e+02 3.358774793485724164e+00
9.610000000000000000e+02 3.443312143840379314e+00
9.620000000000000000e+02 3.418061860499733928e+00
9.630000000000000000e+02 3.672178497712826228e+00
9.640000000000000000e+02 3.404347989920484707e+00
9.650000000000000000e+02 3.050660517072799838e+00
9.660000000000000000e+02 3.369833762439038871e+00
9.670000000000000000e+02 3.622554426436572772e+00
9.680000000000000000e+02 3.347929980672453176e+00
9.690000000000000000e+02 3.288015714067871187e+00
9.700000000000000000e+02 3.780694514696470776e+00
9.710000000000000000e+02 3.937384182784932296e+00
9.720000000000000000e+02 3.723545203537184989e+00
9.730000000000000000e+02 3.933811022281294978e+00
9.740000000000000000e+02 4.440762281040218973e+00
9.750000000000000000e+02 4.499310180239991297e+00
9.760000000000000000e+02 4.393070916642311197e+00
9.770000000000000000e+02 4.826683398140497516e+00
9.780000000000000000e+02 5.250525921472417146e+00
9.790000000000000000e+02 5.197715034157866398e+00
9.800000000000000000e+02 5.335907484626146946e+00
9.810000000000000000e+02 5.878321481329872533e+00
9.820000000000000000e+02 6.185591250520976025e+00
9.830000000000000000e+02 6.096907381614935950e+00
9.840000000000000000e+02 6.385914742581652703e+00
9.850000000000000000e+02 6.934433412779395844e+00
9.860000000000000000e+02 7.067956890483852561e+00
9.870000000000000000e+02 6.992536969941984815e+00
9.880000000000000000e+02 7.346811315925796393e+00
9.890000000000000000e+02 7.821270266623247203e+00
9.900000000000000000e+02 8.026479192745021862e+00
9.910000000000000000e+02 8.071518020161807527e+00
9.920000000000000000e+02 8.761600854685200446e+00
9.930000000000000000e+02 9.140580321494757854e+00
9.940000000000000000e+02 1.009488589159084171e+01
9.950000000000000000e+02 1.070387579350949636e+01
9.960000000000000000e+02 1.165180216817310210e+01
9.970000000000000000e+02 1.286457189140231350e+01
9.980000000000000000e+02 1.355287808789845272e+01
9.990000000000000000e+02 1.388698028070198198e+01
1.000000000000000000e+03 1.365140721219935216e+01
1.001000000000000000e+03 1.402452988123138766e+01
1.002000000000000000e+03 1.329225249627213756e+01
1.003000000000000000e+03 1.200546136106395956e+01
1.004000000000000000e+03 1.150527352030475114e+01
1.005000000000000000e+03 1.135416859409768797e+01
1.006000000000000000e+03 1.122736984476198074e+01
1.007000000000000000e+03 1.099260918501761708e+01
1.008000000000000000e+03 1.145588457636591606e+01
1.009000000000000000e+03 1.231827269771826749e+01
1.010000000000000000e+03 1.272367660188102434e+01
1.011000000000000000e+03 1.234535149177164293e+01
1.012000000000000000e+03 1.331300925553428627e+01
1.013000000000000000e+03 1.423689836505701578e+01
1.014000000000000000e+03 1.499039104515292564e+01
1.015000000000000000e+03 1.629483392358783433e+01
1.016000000000000000e+03 1.761801858114531072e+01
1.017000000000000000e+03 1.947960284165428035e+01
1.018000000000000000e+03 2.118541631131612490e+01
1.000000000000000000e+00 5.320746679685308678e+00
2.000000000000000000e+00 4.289746774776411087e+00
3.000000000000000000e+00 3.566488186535708316e+00
4.000000000000000000e+00 3.172451318825420419e+00
5.000000000000000000e+00 3.110156846705590894e+00
6.000000000000000000e+00 3.292618633172351039e+00
7.000000000000000000e+00 3.086370164059373256e+00
8.000000000000000000e+00 2.823836848636790631e+00
9.000000000000000000e+00 2.937735179552594111e+00
1.000000000000000000e+01 3.340016170435886611e+00
1.100000000000000000e+01 3.178045360444486267e+00
1.200000000000000000e+01 3.232491672042460795e+00
1.300000000000000000e+01 3.160238051766945055e+00
1.400000000000000000e+01 2.905623821452992139e+00
1.500000000000000000e+01 2.817008500931514003e+00
1.600000000000000000e+01 2.942540500991464469e+00
1.700000000000000000e+01 2.892190028379177047e+00
1.800000000000000000e+01 2.737603490376630866e+00
1.900000000000000000e+01 2.766670166066805159e+00
2.000000000000000000e+01 2.944967045025360886e+00
2.100000000000000000e+01 3.247163105912285186e+00
2.200000000000000000e+01 3.365318049397154621e+00
2.300000000000000000e+01 3.235905456513160861e+00
2.400000000000000000e+01 3.458311986106760383e+00
2.500000000000000000e+01 3.577506710183568917e+00
2.600000000000000000e+01 4.215082632316356381e+00
2.700000000000000000e+01 4.667524454740929585e+00
2.800000000000000000e+01 5.679867466080800398e+00
2.900000000000000000e+01 6.646832747483403914e+00
3.000000000000000000e+01 7.821425142527544949e+00
3.100000000000000000e+01 6.959478178721854036e+00
3.200000000000000000e+01 6.974011934248326661e+00
3.300000000000000000e+01 6.127344980549235487e+00
3.400000000000000000e+01 5.550921210394369254e+00
3.500000000000000000e+01 4.785079701418982090e+00
3.600000000000000000e+01 3.933045881246735931e+00
3.700000000000000000e+01 3.839002316290590411e+00
3.800000000000000000e+01 3.404975077346716894e+00
3.900000000000000000e+01 3.571581918932062116e+00
4.000000000000000000e+01 3.595427990594985079e+00
4.100000000000000000e+01 3.851505128350622975e+00
4.200000000000000000e+01 4.385255500072066326e+00
4.300000000000000000e+01 4.964085395421612645e+00
4.400000000000000000e+01 5.511159829181342396e+00
4.500000000000000000e+01 5.781612216468669629e+00
4.600000000000000000e+01 5.487655886803767480e+00
4.700000000000000000e+01 5.664728020530139574e+00
4.800000000000000000e+01 5.554823767534717405e+00
4.900000000000000000e+01 5.297488202221654952e+00
5.000000000000000000e+01 6.122272079575386883e+00
5.100000000000000000e+01 6.903896474206423939e+00
5.200000000000000000e+01 7.149232306116361180e+00
5.300000000000000000e+01 8.212144568459299521e+00
5.400000000000000000e+01 8.838753644598803305e+00
5.500000000000000000e+01 9.116495222549962918e+00
5.600000000000000000e+01 8.328752705604212991e+00
5.700000000000000000e+01 7.773625002454394917e+00
5.800000000000000000e+01 6.055252349234099718e+00
5.900000000000000000e+01 5.013187843679811628e+00
6.000000000000000000e+01 4.142962672598110352e+00
6.100000000000000000e+01 3.425671598263984041e+00
6.200000000000000000e+01 3.884218369220497014e+00
6.300000000000000000e+01 3.805870763664144896e+00
6.400000000000000000e+01 3.901899214578495645e+00
6.500000000000000000e+01 4.332669012275417231e+00
6.600000000000000000e+01 4.201084888738314760e+00
6.700000000000000000e+01 5.090211880122101462e+00
6.800000000000000000e+01 6.786681516940978653e+00
6.900000000000000000e+01 8.445166659606440973e+00
7.000000000000000000e+01 9.593643030192811949e+00
7.100000000000000000e+01 1.189937816786193814e+01
7.200000000000000000e+01 1.216555508190918999e+01
7.300000000000000000e+01 1.171697979499999320e+01
7.400000000000000000e+01 1.082992190383464148e+01
7.500000000000000000e+01 1.036422731642194606e+01
7.600000000000000000e+01 9.923752416373776697e+00
7.700000000000000000e+01 9.047665694023104166e+00
7.800000000000000000e+01 7.813762297036313420e+00
7.900000000000000000e+01 7.190290538349905169e+00
8.000000000000000000e+01 6.614198281627071019e+00
8.100000000000000000e+01 5.973426942593741629e+00
8.200000000000000000e+01 5.604523828936548213e+00
8.300000000000000000e+01 5.611181459792128123e+00
8.400000000000000000e+01 4.580736937662660324e+00
8.500000000000000000e+01 4.082836128193092939e+00
8.600000000000000000e+01 3.910641870468140713e+00
8.700000000000000000e+01 3.561741656350713825e+00
8.800000000000000000e+01 3.384055853018062887e+00
8.900000000000000000e+01 3.367191212468854555e+00
9.000000000000000000e+01 3.254124174680419923e+00
9.100000000000000000e+01 3.144763009819830035e+00
9.200000000000000000e+01 2.894572943519696739e+00
9.300000000000000000e+01 3.094612929645375488e+00
9.400000000000000000e+01 2.722206033663705949e+00
9.500000000000000000e+01 2.925023689853205155e+00
9.600000000000000000e+01 3.108821485681194208e+00
9.700000000000000000e+01 2.933681216558404969e+00
9.800000000000000000e+01 2.913584642941152936e+00
9.900000000000000000e+01 2.973666601942428489e+00
1.000000000000000000e+02 3.001515407287121739e+00
1.010000000000000000e+02 3.017768818431929123e+00
1.020000000000000000e+02 2.945314470025689690e+00
1.030000000000000000e+02 3.100611670626737482e+00
1.040000000000000000e+02 3.127509871849381895e+00
1.050000000000000000e+02 3.347756860192007355e+00
1.060000000000000000e+02 3.639823514831916018e+00
1.070000000000000000e+02 3.702302738009795924e+00
1.080000000000000000e+02 3.970670855818322575e+00
1.090000000000000000e+02 3.988291156243370494e+00
1.100000000000000000e+02 3.461249578694748585e+00
1.110000000000000000e+02 3.313978359878090529e+00
1.120000000000000000e+02 3.184418240287556490e+00
1.130000000000000000e+02 3.070212271892164502e+00
1.140000000000000000e+02 3.064471644829077412e+00
1.150000000000000000e+02 2.958481752701228817e+00
1.160000000000000000e+02 3.049591339776612564e+00
1.170000000000000000e+02 2.942220645277043634e+00
1.180000000000000000e+02 3.130957428828073041e+00
1.190000000000000000e+02 3.125159261770925401e+00
1.200000000000000000e+02 3.366354148711144578e+00
1.210000000000000000e+02 3.527680259380397754e+00
1.220000000000000000e+02 3.815190078287433728e+00
1.230000000000000000e+02 3.909293548390982753e+00
1.240000000000000000e+02 3.770508820267593819e+00
1.250000000000000000e+02 3.938658835150211424e+00
1.260000000000000000e+02 4.097398790862897044e+00
1.270000000000000000e+02 3.859860436274284989e+00
1.280000000000000000e+02 3.794543762354329886e+00
1.290000000000000000e+02 4.088362779023626103e+00
1.300000000000000000e+02 4.098625494298266503e+00
1.310000000000000000e+02 3.900213811342178261e+00
1.320000000000000000e+02 4.076266303132682900e+00
1.330000000000000000e+02 4.349665188757631640e+00
1.340000000000000000e+02 4.283301963473123308e+00
1.350000000000000000e+02 4.260782878022946640e+00
1.360000000000000000e+02 4.648321832852750468e+00
1.370000000000000000e+02 4.591324166811025620e+00
1.380000000000000000e+02 4.143872199882851604e+00
1.390000000000000000e+02 4.339130441115019110e+00
1.400000000000000000e+02 4.662930554453118326e+00
1.410000000000000000e+02 4.358894248641112412e+00
1.420000000000000000e+02 4.039561403545101292e+00
1.430000000000000000e+02 4.405214976832278140e+00
1.440000000000000000e+02 4.638319233395209906e+00
1.450000000000000000e+02 4.237419219721440200e+00
1.460000000000000000e+02 4.005881453567518236e+00
1.470000000000000000e+02 3.981875953201576390e+00
1.480000000000000000e+02 3.578872029598733739e+00
1.490000000000000000e+02 3.410589027732860767e+00
1.500000000000000000e+02 3.275698212633795681e+00
1.510000000000000000e+02 3.243534013477921807e+00
1.520000000000000000e+02 3.117038830617677725e+00
1.530000000000000000e+02 3.109149598454616470e+00
1.540000000000000000e+02 2.993190754908404472e+00
1.550000000000000000e+02 3.054583155450733223e+00
1.560000000000000000e+02 2.950032048020094777e+00
1.570000000000000000e+02 3.037344509383499425e+00
1.580000000000000000e+02 3.000506131423194667e+00
1.590000000000000000e+02 2.935505486337504522e+00
1.600000000000000000e+02 3.266354969511140016e+00
1.610000000000000000e+02 2.854259852738119996e+00
1.620000000000000000e+02 3.093634528347760426e+00
1.630000000000000000e+02 3.159674791192413235e+00
1.640000000000000000e+02 3.157280969674864934e+00
1.650000000000000000e+02 3.681949931427863643e+00
1.660000000000000000e+02 3.612701390728275008e+00
1.670000000000000000e+02 4.167922757919172660e+00
1.680000000000000000e+02 4.299085002486012996e+00
1.690000000000000000e+02 5.034077033114368938e+00
1.700000000000000000e+02 5.975653034985811907e+00
1.710000000000000000e+02 5.698893544848393944e+00
1.720000000000000000e+02 6.326117128636751019e+00
1.730000000000000000e+02 6.373333456384236761e+00
1.740000000000000000e+02 6.706532906976752528e+00
1.750000000000000000e+02 6.808280452689698947e+00
1.760000000000000000e+02 5.748516946996351962e+00
1.770000000000000000e+02 6.358664423376377606e+00
1.780000000000000000e+02 7.236895529854526110e+00
1.790000000000000000e+02 7.598791642071763164e+00
1.800000000000000000e+02 8.264257218015638173e+00
1.810000000000000000e+02 8.866152336811198964e+00
1.820000000000000000e+02 8.582299077331549952e+00
1.830000000000000000e+02 7.711357110864092590e+00
1.840000000000000000e+02 6.283636751094606510e+00
1.850000000000000000e+02 5.313947156423447282e+00
1.860000000000000000e+02 4.235368274459313298e+00
1.870000000000000000e+02 3.448570105609420455e+00
1.880000000000000000e+02 3.191448710521529897e+00
1.890000000000000000e+02 2.891503531462831234e+00
1.900000000000000000e+02 2.869405279050784685e+00
1.910000000000000000e+02 2.948860646537913688e+00
1.920000000000000000e+02 2.922774779384196719e+00
1.930000000000000000e+02 3.126801146770646689e+00
1.940000000000000000e+02 3.175692817721532002e+00
1.950000000000000000e+02 3.046792881402329733e+00
1.960000000000000000e+02 3.078728270172567338e+00
1.970000000000000000e+02 3.309630101409281711e+00
1.980000000000000000e+02 3.517880255335498862e+00
1.990000000000000000e+02 3.706272890899991346e+00
2.000000000000000000e+02 3.742745411132041955e+00
2.010000000000000000e+02 3.889776024336934590e+00
2.020000000000000000e+02 3.701136481807028478e+00
2.030000000000000000e+02 3.573360951959911880e+00
2.040000000000000000e+02 3.773423813357995815e+00
2.050000000000000000e+02 3.801719420607873268e+00
2.060000000000000000e+02 3.559938248463950572e+00
2.070000000000000000e+02 3.585691086346272982e+00
2.080000000000000000e+02 3.837613186284589251e+00
2.090000000000000000e+02 3.761776558685033134e+00
2.100000000000000000e+02 3.627054352048682428e+00
2.110000000000000000e+02 3.755282128483744319e+00
2.120000000000000000e+02 3.702711134518205327e+00
2.130000000000000000e+02 3.675183107104078584e+00
2.140000000000000000e+02 3.810809034109119864e+00
2.150000000000000000e+02 3.794157502651395397e+00
2.160000000000000000e+02 4.300780880638129133e+00
2.170000000000000000e+02 3.375146448999704951e+00
2.180000000000000000e+02 3.400536230313448094e+00
2.190000000000000000e+02 3.039360473558665454e+00
2.200000000000000000e+02 2.910558044818303269e+00
2.210000000000000000e+02 2.638945086225072956e+00
2.220000000000000000e+02 2.652221654210816570e+00
2.230000000000000000e+02 2.458438293053769375e+00
2.240000000000000000e+02 2.424037119680314767e+00
2.250000000000000000e+02 2.541420863048971412e+00
2.260000000000000000e+02 2.502761854857705082e+00
2.270000000000000000e+02 2.355363218969754424e+00
2.280000000000000000e+02 2.452005380322508810e+00
2.290000000000000000e+02 2.569059063809048915e+00
2.300000000000000000e+02 2.447586145578901640e+00
2.310000000000000000e+02 2.379820379644447925e+00
2.320000000000000000e+02 2.515767909790398438e+00
2.330000000000000000e+02 2.663598992812520105e+00
2.340000000000000000e+02 2.696653637795917824e+00
2.350000000000000000e+02 2.787310849356297027e+00
2.360000000000000000e+02 2.824149617418757252e+00
2.370000000000000000e+02 2.877831200762398289e+00
2.380000000000000000e+02 2.919480056154238223e+00
2.390000000000000000e+02 3.155801341861711684e+00
2.400000000000000000e+02 3.062416811653799087e+00
2.410000000000000000e+02 3.158028817196603999e+00
2.420000000000000000e+02 3.093507820191262248e+00
2.430000000000000000e+02 3.002730155528839262e+00
2.440000000000000000e+02 2.863891741061124208e+00
2.450000000000000000e+02 2.907973993729753293e+00
2.460000000000000000e+02 2.808082057233896478e+00
2.470000000000000000e+02 2.947007650743822982e+00
2.480000000000000000e+02 2.909561754985275250e+00
2.490000000000000000e+02 3.132699436408627136e+00
2.500000000000000000e+02 3.123881747702978995e+00
2.510000000000000000e+02 3.256113981152710668e+00
2.520000000000000000e+02 3.340693473951614312e+00
2.530000000000000000e+02 3.068114642587366436e+00
2.540000000000000000e+02 2.825085084153182269e+00
2.550000000000000000e+02 2.626069887299319561e+00
2.560000000000000000e+02 2.506458361392587264e+00
2.570000000000000000e+02 2.251057047451487492e+00
2.580000000000000000e+02 2.303702561178815778e+00
2.590000000000000000e+02 2.532731492335234869e+00
2.600000000000000000e+02 2.565080922742747571e+00
2.610000000000000000e+02 2.511862372251335795e+00
2.620000000000000000e+02 2.758482610392840595e+00
2.630000000000000000e+02 2.835860579197885478e+00
2.640000000000000000e+02 2.721570309164085710e+00
2.650000000000000000e+02 2.510798703046587477e+00
2.660000000000000000e+02 2.360797612736893036e+00
2.670000000000000000e+02 2.295198713270935720e+00
2.680000000000000000e+02 2.154896895924928391e+00
2.690000000000000000e+02 2.190181355472882618e+00
2.700000000000000000e+02 2.175682176686803082e+00
2.710000000000000000e+02 2.247445036059328771e+00
2.720000000000000000e+02 2.317686150972884995e+00
2.730000000000000000e+02 2.425201172284844553e+00
2.740000000000000000e+02 2.569989253023883258e+00
2.750000000000000000e+02 2.737641153908484615e+00
2.760000000000000000e+02 2.993317410637872822e+00
2.770000000000000000e+02 3.178469269997511670e+00
2.780000000000000000e+02 3.276359759627565094e+00
2.790000000000000000e+02 3.004977953086609865e+00
2.800000000000000000e+02 3.119422093601879720e+00
2.810000000000000000e+02 3.075610922418936521e+00
2.820000000000000000e+02 2.985565528425429882e+00
2.830000000000000000e+02 3.609451511347562480e+00
2.840000000000000000e+02 3.154614863720420548e+00
2.850000000000000000e+02 2.823918514146130043e+00
2.860000000000000000e+02 2.682393562666461229e+00
2.870000000000000000e+02 2.415245082519103192e+00
2.880000000000000000e+02 2.286744587429951459e+00
2.890000000000000000e+02 2.314409538332945715e+00
2.900000000000000000e+02 2.316852726910067606e+00
2.910000000000000000e+02 2.307072747388072553e+00
2.920000000000000000e+02 2.381625717252570329e+00
2.930000000000000000e+02 2.183877462737309205e+00
2.940000000000000000e+02 2.117295291559168291e+00
2.950000000000000000e+02 2.271533601124249735e+00
2.960000000000000000e+02 2.295264776566384057e+00
2.970000000000000000e+02 2.193282165921332183e+00
2.980000000000000000e+02 2.214689929803776991e+00
2.990000000000000000e+02 2.378483552717313820e+00
3.000000000000000000e+02 2.463178247851994129e+00
3.010000000000000000e+02 2.439469534911782311e+00
3.020000000000000000e+02 2.552505759213162140e+00
3.030000000000000000e+02 2.735031958133082419e+00
3.040000000000000000e+02 2.689939785064210831e+00
3.050000000000000000e+02 2.785625445278305357e+00
3.060000000000000000e+02 2.747388642809777792e+00
3.070000000000000000e+02 2.944693882059904677e+00
3.080000000000000000e+02 2.986676535594239734e+00
3.090000000000000000e+02 3.245398534044749095e+00
3.100000000000000000e+02 3.379265336064031455e+00
3.110000000000000000e+02 3.669093416691649789e+00
3.120000000000000000e+02 3.811197909862417355e+00
3.130000000000000000e+02 3.861901155374974692e+00
3.140000000000000000e+02 3.514958988156189790e+00
3.150000000000000000e+02 3.445074712402751871e+00
3.160000000000000000e+02 3.423261205279521935e+00
3.170000000000000000e+02 3.178115044299719472e+00
3.180000000000000000e+02 3.020842857016598160e+00
3.190000000000000000e+02 3.134265509513373349e+00
3.200000000000000000e+02 3.056734032398304102e+00
3.210000000000000000e+02 2.803115565833525391e+00
3.220000000000000000e+02 2.838321901020520066e+00
3.230000000000000000e+02 2.950637659762276321e+00
3.240000000000000000e+02 2.743973714939699438e+00
3.250000000000000000e+02 2.600704221401121785e+00
3.260000000000000000e+02 2.726645558119628276e+00
3.270000000000000000e+02 2.867068570217308654e+00
3.280000000000000000e+02 2.828029493074060596e+00
3.290000000000000000e+02 3.000844197732435159e+00
3.300000000000000000e+02 3.148985617919598301e+00
3.310000000000000000e+02 3.375620137793433617e+00
3.320000000000000000e+02 3.604808319262164940e+00
3.330000000000000000e+02 3.702740648194491779e+00
3.340000000000000000e+02 3.996915532737045140e+00
3.350000000000000000e+02 4.279648499741141698e+00
3.360000000000000000e+02 4.096164797946126868e+00
3.370000000000000000e+02 3.815392333892503984e+00
3.380000000000000000e+02 4.059160896941475194e+00
3.390000000000000000e+02 3.893475432705912898e+00
3.400000000000000000e+02 3.664613537828218526e+00
3.410000000000000000e+02 3.660187204418446250e+00
3.420000000000000000e+02 3.741731222846593763e+00
3.430000000000000000e+02 3.494211190153399649e+00
3.440000000000000000e+02 3.333940500481134439e+00
3.450000000000000000e+02 3.519534991125792711e+00
3.460000000000000000e+02 3.464196639704325786e+00
3.470000000000000000e+02 3.165871286194853695e+00
3.480000000000000000e+02 3.182598716046685094e+00
3.490000000000000000e+02 3.316846415162876927e+00
3.500000000000000000e+02 3.162242221728743807e+00
3.510000000000000000e+02 2.968784656778382658e+00
3.520000000000000000e+02 3.083641266579296936e+00
3.530000000000000000e+02 3.184959538990757455e+00
3.540000000000000000e+02 2.895683780545867947e+00
3.550000000000000000e+02 2.867197224582033410e+00
3.560000000000000000e+02 2.694640029739530984e+00
3.570000000000000000e+02 2.530976499646864220e+00
3.580000000000000000e+02 2.578016639817903410e+00
3.590000000000000000e+02 2.616289169755634525e+00
3.600000000000000000e+02 2.948515717945176640e+00
3.610000000000000000e+02 3.084090372615835296e+00
3.620000000000000000e+02 2.771874536567932701e+00
3.630000000000000000e+02 2.862841730729226875e+00
3.640000000000000000e+02 2.915240754864684369e+00
3.650000000000000000e+02 2.710817345299652903e+00
3.660000000000000000e+02 2.482905784002806815e+00
3.670000000000000000e+02 2.416041358457099442e+00
3.680000000000000000e+02 2.350847038103703657e+00
3.690000000000000000e+02 2.446372925276156352e+00
3.700000000000000000e+02 2.524151296046906356e+00
3.710000000000000000e+02 2.802812979338478616e+00
3.720000000000000000e+02 2.936748119916662070e+00
3.730000000000000000e+02 3.171408998577221361e+00
3.740000000000000000e+02 3.316527923382081244e+00
3.750000000000000000e+02 4.089539396946292094e+00
3.760000000000000000e+02 4.117609574262007577e+00
3.770000000000000000e+02 4.078462930829706679e+00
3.780000000000000000e+02 3.929078354871426981e+00
3.790000000000000000e+02 3.472073575762437692e+00
3.800000000000000000e+02 3.324479024447902997e+00
3.810000000000000000e+02 3.043095380273241446e+00
3.820000000000000000e+02 2.755407620158562221e+00
3.830000000000000000e+02 2.723690994698576784e+00
3.840000000000000000e+02 2.562946298341661322e+00
3.850000000000000000e+02 2.626139260328305358e+00
3.860000000000000000e+02 2.810984048947179126e+00
3.870000000000000000e+02 2.953146975549265196e+00
3.880000000000000000e+02 3.281046621218636883e+00
3.890000000000000000e+02 3.336802531891758239e+00
3.900000000000000000e+02 3.563378428121946939e+00
3.910000000000000000e+02 3.929298340228570829e+00
3.920000000000000000e+02 4.142391563036379232e+00
3.930000000000000000e+02 3.797447345871013180e+00
3.940000000000000000e+02 3.446872774653274796e+00
3.950000000000000000e+02 3.255035932810494526e+00
3.960000000000000000e+02 3.099319889487285096e+00
3.970000000000000000e+02 2.827534163413169654e+00
3.980000000000000000e+02 2.847275268573594698e+00
3.990000000000000000e+02 2.615749696285783799e+00
4.000000000000000000e+02 2.631498521823264269e+00
4.010000000000000000e+02 2.508319223986567703e+00
4.020000000000000000e+02 2.581248267685498199e+00
4.030000000000000000e+02 2.463860305553204899e+00
4.040000000000000000e+02 2.498979585579078400e+00
4.050000000000000000e+02 2.688366664928187433e+00
4.060000000000000000e+02 2.869966252349486435e+00
4.070000000000000000e+02 2.902155639272998577e+00
4.080000000000000000e+02 3.200064390610214637e+00
4.090000000000000000e+02 3.457217157036414079e+00
4.100000000000000000e+02 3.365775147109836052e+00
4.110000000000000000e+02 3.346515219163916477e+00
4.120000000000000000e+02 3.253597494252072675e+00
4.130000000000000000e+02 3.262051207974626887e+00
4.140000000000000000e+02 3.013462984950293411e+00
4.150000000000000000e+02 3.001260270464485735e+00
4.160000000000000000e+02 2.766535609732313272e+00
4.170000000000000000e+02 2.872820520293421165e+00
4.180000000000000000e+02 2.856248302641031689e+00
4.190000000000000000e+02 2.979272208052279325e+00
4.200000000000000000e+02 3.523411840124114125e+00
4.210000000000000000e+02 3.771256682793385551e+00
4.220000000000000000e+02 4.480118916474710389e+00
4.230000000000000000e+02 4.064262952936029016e+00
4.240000000000000000e+02 3.565325851321533790e+00
4.250000000000000000e+02 3.239293220282494001e+00
4.260000000000000000e+02 3.235711933474886060e+00
4.270000000000000000e+02 3.064517994630731934e+00
4.280000000000000000e+02 3.268815567967548574e+00
4.290000000000000000e+02 3.036398932898800140e+00
4.300000000000000000e+02 3.232642436961880250e+00
4.310000000000000000e+02 3.082406724110960283e+00
4.320000000000000000e+02 3.351294236016495010e+00
4.330000000000000000e+02 3.348769181826885877e+00
4.340000000000000000e+02 3.645686832139419575e+00
4.350000000000000000e+02 3.655636808136667248e+00
4.360000000000000000e+02 3.986890681380068191e+00
4.370000000000000000e+02 3.943113595654836434e+00
4.380000000000000000e+02 4.005846369076328628e+00
4.390000000000000000e+02 3.992158123188949581e+00
4.400000000000000000e+02 4.270746735951606254e+00
4.410000000000000000e+02 5.085400203539610864e+00
4.420000000000000000e+02 5.073935235189003912e+00
4.430000000000000000e+02 5.247931403865596423e+00
4.440000000000000000e+02 5.557662505807084763e+00
4.450000000000000000e+02 5.832747722153435177e+00
4.460000000000000000e+02 5.537213369987208367e+00
4.470000000000000000e+02 4.935095427916599498e+00
4.480000000000000000e+02 4.667054210028354078e+00
4.490000000000000000e+02 5.369891126084143096e+00
4.500000000000000000e+02 5.490396527184798536e+00
4.510000000000000000e+02 5.242727932137019486e+00
4.520000000000000000e+02 5.193666739970598911e+00
4.530000000000000000e+02 4.754595899817086746e+00
4.540000000000000000e+02 4.363597045902847249e+00
4.550000000000000000e+02 3.990817897129169900e+00
4.560000000000000000e+02 3.813768986318466503e+00
4.570000000000000000e+02 3.757501844245363376e+00
4.580000000000000000e+02 4.059480145303992593e+00
4.590000000000000000e+02 4.186442148344007741e+00
4.600000000000000000e+02 4.289458373331940244e+00
4.610000000000000000e+02 4.488085602186117740e+00
4.620000000000000000e+02 4.695865278200909820e+00
4.630000000000000000e+02 5.055458324893335131e+00
4.640000000000000000e+02 4.957282038585156592e+00
4.650000000000000000e+02 5.068938830731148926e+00
4.660000000000000000e+02 4.961380422752498909e+00
4.670000000000000000e+02 5.328886750965604158e+00
4.680000000000000000e+02 5.759102414542740078e+00
4.690000000000000000e+02 5.769859108124260949e+00
4.700000000000000000e+02 6.236590926530920065e+00
4.710000000000000000e+02 5.494670225725015733e+00
4.720000000000000000e+02 6.320317377705731765e+00
4.730000000000000000e+02 6.317847568004396841e+00
4.740000000000000000e+02 5.845167452164250044e+00
4.750000000000000000e+02 6.504240407002837898e+00
4.760000000000000000e+02 6.598433879583530448e+00
4.770000000000000000e+02 6.489012523879396532e+00
4.780000000000000000e+02 6.293801139004028045e+00
4.790000000000000000e+02 5.933931039163796051e+00
4.800000000000000000e+02 6.252720467149633699e+00
4.810000000000000000e+02 6.126306189686596682e+00
4.820000000000000000e+02 5.679577358780028007e+00
4.830000000000000000e+02 4.718172928169158453e+00
4.840000000000000000e+02 4.095163540272301894e+00
4.850000000000000000e+02 3.735912590988165860e+00
4.860000000000000000e+02 3.329585163823871596e+00
4.870000000000000000e+02 3.566855386642103998e+00
4.880000000000000000e+02 4.985197738866385286e+00
4.890000000000000000e+02 5.311924140150885876e+00
4.900000000000000000e+02 4.952061576445327518e+00
4.910000000000000000e+02 4.951190936971424428e+00
4.920000000000000000e+02 4.417890161180823227e+00
4.930000000000000000e+02 3.617853587407326987e+00
4.940000000000000000e+02 3.122119242559612040e+00
4.950000000000000000e+02 2.889603368405021744e+00
4.960000000000000000e+02 2.944706027494294442e+00
4.970000000000000000e+02 2.931181034383656847e+00
4.980000000000000000e+02 2.920998582905601992e+00
4.990000000000000000e+02 2.938226680270890068e+00
5.000000000000000000e+02 2.978316809447981495e+00
5.010000000000000000e+02 3.091834050646706356e+00
5.020000000000000000e+02 3.252864116669682115e+00
5.030000000000000000e+02 3.524166617552003444e+00
5.040000000000000000e+02 3.373191749393290806e+00
5.050000000000000000e+02 3.061353636168661740e+00
5.060000000000000000e+02 2.918516306288332807e+00
5.070000000000000000e+02 2.979333116223716438e+00
5.080000000000000000e+02 2.869646052366686018e+00
5.090000000000000000e+02 3.004997034053587424e+00
5.100000000000000000e+02 3.459718154398796042e+00
5.110000000000000000e+02 4.113089797619191579e+00
5.120000000000000000e+02 4.036290759577716436e+00
5.130000000000000000e+02 4.237898272664495813e+00
5.140000000000000000e+02 3.505929013167359276e+00
5.150000000000000000e+02 3.088546497387361978e+00
5.160000000000000000e+02 2.801116802367734415e+00
5.170000000000000000e+02 2.786928891286052146e+00
5.180000000000000000e+02 2.797451484617710094e+00
5.190000000000000000e+02 2.910088094340156140e+00
5.200000000000000000e+02 2.856614563978012722e+00
5.210000000000000000e+02 2.734022144694001621e+00
5.220000000000000000e+02 2.712936977342404354e+00
5.230000000000000000e+02 2.655058433160173426e+00
5.240000000000000000e+02 2.706751514202944797e+00
5.250000000000000000e+02 2.841207418585575795e+00
5.260000000000000000e+02 3.333561115708171041e+00
5.270000000000000000e+02 3.376111460345103676e+00
5.280000000000000000e+02 3.101036156687227319e+00
5.290000000000000000e+02 3.026239441410671915e+00
5.300000000000000000e+02 2.960486489527087706e+00
5.310000000000000000e+02 2.934765032154682984e+00
5.320000000000000000e+02 3.010329610294657954e+00
5.330000000000000000e+02 2.983037905593155514e+00
5.340000000000000000e+02 2.691726102153627842e+00
5.350000000000000000e+02 2.573984251591717509e+00
5.360000000000000000e+02 2.339437401940116068e+00
5.370000000000000000e+02 2.401683783891159774e+00
5.380000000000000000e+02 2.445051475241643679e+00
5.390000000000000000e+02 2.321629747777612440e+00
5.400000000000000000e+02 2.246171269196063580e+00
5.410000000000000000e+02 2.303923188339205730e+00
5.420000000000000000e+02 2.424337216687767249e+00
5.430000000000000000e+02 2.555911605414311616e+00
5.440000000000000000e+02 2.717466236987737815e+00
5.450000000000000000e+02 2.911834653060199063e+00
5.460000000000000000e+02 2.608378791341027902e+00
5.470000000000000000e+02 2.408089938714210287e+00
5.480000000000000000e+02 2.365058696682987183e+00
5.490000000000000000e+02 2.298359382906937309e+00
5.500000000000000000e+02 2.344075055548368702e+00
5.510000000000000000e+02 2.604544554196232209e+00
5.520000000000000000e+02 2.714685818481391344e+00
5.530000000000000000e+02 2.433505185271412241e+00
5.540000000000000000e+02 2.494544915652435080e+00
5.550000000000000000e+02 2.571670851746714614e+00
5.560000000000000000e+02 2.634619598683469288e+00
5.570000000000000000e+02 2.446867356087135459e+00
5.580000000000000000e+02 2.322010385392686782e+00
5.590000000000000000e+02 2.394939489701274127e+00
5.600000000000000000e+02 2.458634506826729904e+00
5.610000000000000000e+02 2.554769829866368802e+00
5.620000000000000000e+02 2.794960531323706032e+00
5.630000000000000000e+02 2.921019921348901427e+00
5.640000000000000000e+02 3.057357451968750084e+00
5.650000000000000000e+02 3.230474218283037935e+00
5.660000000000000000e+02 3.087250233740074012e+00
5.670000000000000000e+02 3.012529089850052966e+00
5.680000000000000000e+02 3.284051001611128395e+00
5.690000000000000000e+02 3.435142425278048695e+00
5.700000000000000000e+02 3.870934166889864247e+00
5.710000000000000000e+02 3.960216017210742123e+00
5.720000000000000000e+02 3.876101910959965036e+00
5.730000000000000000e+02 3.487123961156775476e+00
5.740000000000000000e+02 3.217819371451684063e+00
5.750000000000000000e+02 3.178015521257032017e+00
5.760000000000000000e+02 3.415873152208813490e+00
5.770000000000000000e+02 3.307660524718460060e+00
5.780000000000000000e+02 3.287099644926937181e+00
5.790000000000000000e+02 3.259368492133580819e+00
5.800000000000000000e+02 3.052586621354703933e+00
5.810000000000000000e+02 2.880347474212326730e+00
5.820000000000000000e+02 2.760410527217039167e+00
5.830000000000000000e+02 2.652640741605497343e+00
5.840000000000000000e+02 2.784023681870944067e+00
5.850000000000000000e+02 2.847528701910043036e+00
5.860000000000000000e+02 2.958144812365621323e+00
5.870000000000000000e+02 3.072151408785490645e+00
5.880000000000000000e+02 3.256738764111737350e+00
5.890000000000000000e+02 3.602707125172488922e+00
5.900000000000000000e+02 4.154585670257048946e+00
5.910000000000000000e+02 4.804302554964412053e+00
5.920000000000000000e+02 4.766741934504475253e+00
5.930000000000000000e+02 5.395832591459313932e+00
5.940000000000000000e+02 5.938276509538686021e+00
5.950000000000000000e+02 5.221350226888486823e+00
5.960000000000000000e+02 4.668965791207408955e+00
5.970000000000000000e+02 4.869236958835146289e+00
5.980000000000000000e+02 4.623049607187182275e+00
5.990000000000000000e+02 4.645049057491642763e+00
6.000000000000000000e+02 4.160283180963533667e+00
6.010000000000000000e+02 3.979342051574421113e+00
6.020000000000000000e+02 4.817826336575114610e+00
6.030000000000000000e+02 4.669033313685909015e+00
6.040000000000000000e+02 3.950215651129944217e+00
6.050000000000000000e+02 4.178442952794855891e+00
6.060000000000000000e+02 4.282015321770620275e+00
6.070000000000000000e+02 4.235188884685769928e+00
6.080000000000000000e+02 4.122769758525548944e+00
6.090000000000000000e+02 3.921299662228892480e+00
6.100000000000000000e+02 3.912515590794278353e+00
6.110000000000000000e+02 3.957617601278287101e+00
6.120000000000000000e+02 3.796422723485132433e+00
6.130000000000000000e+02 3.682550955330297970e+00
6.140000000000000000e+02 3.851880056343976122e+00
6.150000000000000000e+02 3.915796788860744115e+00
6.160000000000000000e+02 3.731850343864857589e+00
6.170000000000000000e+02 3.755532678224150711e+00
6.180000000000000000e+02 4.004920697003863772e+00
6.190000000000000000e+02 4.067122381793737418e+00
6.200000000000000000e+02 3.934542575924495189e+00
6.210000000000000000e+02 3.927135875217339311e+00
6.220000000000000000e+02 3.775062724142336013e+00
6.230000000000000000e+02 3.602684450597402499e+00
6.240000000000000000e+02 3.551381881516090022e+00
6.250000000000000000e+02 3.580682837556632414e+00
6.260000000000000000e+02 3.706956928375522153e+00
6.270000000000000000e+02 3.782622205536780857e+00
6.280000000000000000e+02 3.807681542920349660e+00
6.290000000000000000e+02 3.911884195408871001e+00
6.300000000000000000e+02 3.780094910479984804e+00
6.310000000000000000e+02 3.809811273892935723e+00
6.320000000000000000e+02 4.113573989199553083e+00
6.330000000000000000e+02 4.030948263827096589e+00
6.340000000000000000e+02 3.844315157840310970e+00
6.350000000000000000e+02 4.027663361787955587e+00
6.360000000000000000e+02 4.370418317464229929e+00
6.370000000000000000e+02 4.363810911169742290e+00
6.380000000000000000e+02 4.516783423227514582e+00
6.390000000000000000e+02 4.397238603847196003e+00
6.400000000000000000e+02 4.668925644053535606e+00
6.410000000000000000e+02 4.596511476312435285e+00
6.420000000000000000e+02 4.777729849952357277e+00
6.430000000000000000e+02 4.879211037994181765e+00
6.440000000000000000e+02 5.011237998199209898e+00
6.450000000000000000e+02 5.022926710141734752e+00
6.460000000000000000e+02 5.781759763471718827e+00
6.470000000000000000e+02 5.567227770437465750e+00
6.480000000000000000e+02 6.153946983508384427e+00
6.490000000000000000e+02 6.177004995817686250e+00
6.500000000000000000e+02 5.892661423253502839e+00
6.510000000000000000e+02 5.589128271812414006e+00
6.520000000000000000e+02 5.000987495157803053e+00
6.530000000000000000e+02 4.718036821451216944e+00
6.540000000000000000e+02 4.542982167456003140e+00
6.550000000000000000e+02 4.252662539538534681e+00
6.560000000000000000e+02 4.076126052744909245e+00
6.570000000000000000e+02 3.840732682857653124e+00
6.580000000000000000e+02 3.768326229588695231e+00
6.590000000000000000e+02 3.693894643333264671e+00
6.600000000000000000e+02 3.728671258950515988e+00
6.610000000000000000e+02 3.866868153612325276e+00
6.620000000000000000e+02 3.900942414160515792e+00
6.630000000000000000e+02 3.917524916542038493e+00
6.640000000000000000e+02 3.975675541356898712e+00
6.650000000000000000e+02 3.960976278433510078e+00
6.660000000000000000e+02 4.168405499303217354e+00
6.670000000000000000e+02 4.245138788110559780e+00
6.680000000000000000e+02 4.476441872522187282e+00
6.690000000000000000e+02 4.489229261402924109e+00
6.700000000000000000e+02 4.845810061680313474e+00
6.710000000000000000e+02 5.112843455208365917e+00
6.720000000000000000e+02 5.494892338738737614e+00
6.730000000000000000e+02 6.196936401225926261e+00
6.740000000000000000e+02 6.307233676286977619e+00
6.750000000000000000e+02 6.034568921171049816e+00
6.760000000000000000e+02 5.220174650192449306e+00
6.770000000000000000e+02 4.758724898245731971e+00
6.780000000000000000e+02 4.703288386135254129e+00
6.790000000000000000e+02 4.390874420209211593e+00
6.800000000000000000e+02 4.531888625236395463e+00
6.810000000000000000e+02 4.304201241336095940e+00
6.820000000000000000e+02 4.404622809679011652e+00
6.830000000000000000e+02 4.420691530150179460e+00
6.840000000000000000e+02 4.346825359229113950e+00
6.850000000000000000e+02 4.135659079590507936e+00
6.860000000000000000e+02 4.227579515836466406e+00
6.870000000000000000e+02 4.158426032058808453e+00
6.880000000000000000e+02 4.263580628963534735e+00
6.890000000000000000e+02 4.186020434340806062e+00
6.900000000000000000e+02 4.271607813848181223e+00
6.910000000000000000e+02 4.028686926947482760e+00
6.920000000000000000e+02 4.334046255167502082e+00
6.930000000000000000e+02 4.232973886482920278e+00
6.940000000000000000e+02 4.217122565901114228e+00
6.950000000000000000e+02 3.768016968994583049e+00
6.960000000000000000e+02 3.390221653262607493e+00
6.970000000000000000e+02 3.709955824202880947e+00
6.980000000000000000e+02 3.698470788231734030e+00
6.990000000000000000e+02 3.195901133183770781e+00
7.000000000000000000e+02 3.228810500768454883e+00
7.010000000000000000e+02 3.655662029354285636e+00
7.020000000000000000e+02 3.520552572932996505e+00
7.030000000000000000e+02 3.255368070824232518e+00
7.040000000000000000e+02 3.644076968743673373e+00
7.050000000000000000e+02 3.916274498623046441e+00
7.060000000000000000e+02 3.757041348973765960e+00
7.070000000000000000e+02 3.823163677121786286e+00
7.080000000000000000e+02 4.251419002661417146e+00
7.090000000000000000e+02 4.427331359850700920e+00
7.100000000000000000e+02 4.383099910183278602e+00
7.110000000000000000e+02 4.664273904986361075e+00
7.120000000000000000e+02 5.090770750718476734e+00
7.130000000000000000e+02 5.172396370814843714e+00
7.140000000000000000e+02 5.220038671986145573e+00
7.150000000000000000e+02 5.595318915189726461e+00
7.160000000000000000e+02 5.933986617272972275e+00
7.170000000000000000e+02 6.069685410766898492e+00
7.180000000000000000e+02 6.229552129962271145e+00
7.190000000000000000e+02 6.671388130423109075e+00
7.200000000000000000e+02 6.967938302105178394e+00
7.210000000000000000e+02 7.024636361975405308e+00
7.220000000000000000e+02 7.329335282604962032e+00
7.230000000000000000e+02 7.776349833658904309e+00
7.240000000000000000e+02 8.066724967939917335e+00
7.250000000000000000e+02 8.185195642895166657e+00
7.260000000000000000e+02 8.545646291662940541e+00
7.270000000000000000e+02 8.985885387381802758e+00
7.280000000000000000e+02 9.158838146465464902e+00
7.290000000000000000e+02 9.304052989752683800e+00
7.300000000000000000e+02 9.730939295734295058e+00
7.310000000000000000e+02 1.018028975237944067e+01
7.320000000000000000e+02 1.024109656765282850e+01
7.330000000000000000e+02 1.056105996273688241e+01
7.340000000000000000e+02 1.101808704638959391e+01
7.350000000000000000e+02 1.132671299498989015e+01
7.360000000000000000e+02 1.153096507763344825e+01
7.370000000000000000e+02 1.193465366292941710e+01
7.380000000000000000e+02 1.236058184082948053e+01
7.390000000000000000e+02 1.251516163524499348e+01
7.400000000000000000e+02 1.283186052253151210e+01
7.410000000000000000e+02 1.319630972149480286e+01
7.420000000000000000e+02 1.315371513081825228e+01
7.430000000000000000e+02 1.385601998312071714e+01
7.440000000000000000e+02 1.412518644954063696e+01
7.450000000000000000e+02 1.474437648843054838e+01
7.460000000000000000e+02 1.619705295043461035e+01
7.470000000000000000e+02 1.697039084672188025e+01
7.480000000000000000e+02 1.593050997173750361e+01
7.490000000000000000e+02 1.609335239047691601e+01
7.500000000000000000e+02 1.470425464347886724e+01
7.510000000000000000e+02 1.425555866346281952e+01
7.520000000000000000e+02 1.280776915831919460e+01
7.530000000000000000e+02 1.190715336489886766e+01
7.540000000000000000e+02 1.157397454613237819e+01
7.550000000000000000e+02 1.091144358328405772e+01
7.560000000000000000e+02 1.052954402719054094e+01
7.570000000000000000e+02 1.013815090430955834e+01
7.580000000000000000e+02 9.701219372893318038e+00
7.590000000000000000e+02 9.335649803773019784e+00
7.600000000000000000e+02 9.528202877672820037e+00
7.610000000000000000e+02 9.409591443178113579e+00
7.620000000000000000e+02 9.787088526952835821e+00
